# FILE:  main_ispGauss_DGaO2016.py
# TIME:  Tue May 10 08:30:05 2016
# COMPUTATIONAL DOMAIN ----------------------------------------
# zMax   = 0.15
# rhoMax = 0.25
# Nz     = 600
# Nrho   = 5000
# Nphi   = 36
# LAYER PROPERTIES --------------------------------------------
# zIni   = 0.0
# zFin   = 0.1
# ma     = 20.0
# c0      = 1.0
# BEAM PARAMETERS ---------------------------------------------
# a    = 0.1
# MEASUREMENT PARAMETERS --------------------------------------
# zD   = -0.32
# dw   = 0.005
# OPTOACOUSTIC PARAMETERS -------------------------------------
# wD   = 64.0
# D    = 3.2
# SIMULATION RESULTS ------------------------------------------
# (t) 	 (c tau) 	 (p0(ctau)) 	 (p(rD,t))
0 	 -0.32 	 0 	 0
0.00025 	 -0.31975 	 0 	 0
0.0005 	 -0.3195 	 0 	 0
0.00075 	 -0.31925 	 0 	 0
0.001 	 -0.319 	 0 	 0
0.00125 	 -0.31875 	 0 	 0
0.0015 	 -0.3185 	 0 	 0
0.00175 	 -0.31825 	 0 	 0
0.002 	 -0.318 	 0 	 0
0.00225 	 -0.31775 	 0 	 0
0.0025 	 -0.3175 	 0 	 0
0.00275 	 -0.31725 	 0 	 0
0.003 	 -0.317 	 0 	 0
0.00325 	 -0.31675 	 0 	 0
0.0035 	 -0.3165 	 0 	 0
0.00375 	 -0.31625 	 0 	 0
0.004 	 -0.316 	 0 	 0
0.00425 	 -0.31575 	 0 	 0
0.0045 	 -0.3155 	 0 	 0
0.00475 	 -0.31525 	 0 	 0
0.005 	 -0.315 	 0 	 0
0.00525 	 -0.31475 	 0 	 0
0.0055 	 -0.3145 	 0 	 0
0.00575 	 -0.31425 	 0 	 0
0.006 	 -0.314 	 0 	 0
0.00625 	 -0.31375 	 0 	 0
0.0065 	 -0.3135 	 0 	 0
0.00675 	 -0.31325 	 0 	 0
0.007 	 -0.313 	 0 	 0
0.00725 	 -0.31275 	 0 	 0
0.0075 	 -0.3125 	 0 	 0
0.00775 	 -0.31225 	 0 	 0
0.008 	 -0.312 	 0 	 0
0.00825 	 -0.31175 	 0 	 0
0.0085 	 -0.3115 	 0 	 0
0.00875 	 -0.31125 	 0 	 0
0.009 	 -0.311 	 0 	 0
0.00925 	 -0.31075 	 0 	 0
0.0095 	 -0.3105 	 0 	 0
0.00975 	 -0.31025 	 0 	 0
0.01 	 -0.31 	 0 	 0
0.01025 	 -0.30975 	 0 	 0
0.0105 	 -0.3095 	 0 	 0
0.01075 	 -0.30925 	 0 	 0
0.011 	 -0.309 	 0 	 0
0.01125 	 -0.30875 	 0 	 0
0.0115 	 -0.3085 	 0 	 0
0.01175 	 -0.30825 	 0 	 0
0.012 	 -0.308 	 0 	 0
0.01225 	 -0.30775 	 0 	 0
0.0125 	 -0.3075 	 0 	 0
0.01275 	 -0.30725 	 0 	 0
0.013 	 -0.307 	 0 	 0
0.01325 	 -0.30675 	 0 	 0
0.0135 	 -0.3065 	 0 	 0
0.01375 	 -0.30625 	 0 	 0
0.014 	 -0.306 	 0 	 0
0.01425 	 -0.30575 	 0 	 0
0.0145 	 -0.3055 	 0 	 0
0.01475 	 -0.30525 	 0 	 0
0.015 	 -0.305 	 0 	 0
0.01525 	 -0.30475 	 0 	 0
0.0155 	 -0.3045 	 0 	 0
0.01575 	 -0.30425 	 0 	 0
0.016 	 -0.304 	 0 	 0
0.01625 	 -0.30375 	 0 	 0
0.0165 	 -0.3035 	 0 	 0
0.01675 	 -0.30325 	 0 	 0
0.017 	 -0.303 	 0 	 0
0.01725 	 -0.30275 	 0 	 0
0.0175 	 -0.3025 	 0 	 0
0.01775 	 -0.30225 	 0 	 0
0.018 	 -0.302 	 0 	 0
0.01825 	 -0.30175 	 0 	 0
0.0185 	 -0.3015 	 0 	 0
0.01875 	 -0.30125 	 0 	 0
0.019 	 -0.301 	 0 	 0
0.01925 	 -0.30075 	 0 	 0
0.0195 	 -0.3005 	 0 	 0
0.01975 	 -0.30025 	 0 	 0
0.02 	 -0.3 	 0 	 0
0.02025 	 -0.29975 	 0 	 0
0.0205 	 -0.2995 	 0 	 0
0.02075 	 -0.29925 	 0 	 0
0.021 	 -0.299 	 0 	 0
0.02125 	 -0.29875 	 0 	 0
0.0215 	 -0.2985 	 0 	 0
0.02175 	 -0.29825 	 0 	 0
0.022 	 -0.298 	 0 	 0
0.02225 	 -0.29775 	 0 	 0
0.0225 	 -0.2975 	 0 	 0
0.02275 	 -0.29725 	 0 	 0
0.023 	 -0.297 	 0 	 0
0.02325 	 -0.29675 	 0 	 0
0.0235 	 -0.2965 	 0 	 0
0.02375 	 -0.29625 	 0 	 0
0.024 	 -0.296 	 0 	 0
0.02425 	 -0.29575 	 0 	 0
0.0245 	 -0.2955 	 0 	 0
0.02475 	 -0.29525 	 0 	 0
0.025 	 -0.295 	 0 	 0
0.02525 	 -0.29475 	 0 	 0
0.0255 	 -0.2945 	 0 	 0
0.02575 	 -0.29425 	 0 	 0
0.026 	 -0.294 	 0 	 0
0.02625 	 -0.29375 	 0 	 0
0.0265 	 -0.2935 	 0 	 0
0.02675 	 -0.29325 	 0 	 0
0.027 	 -0.293 	 0 	 0
0.02725 	 -0.29275 	 0 	 0
0.0275 	 -0.2925 	 0 	 0
0.02775 	 -0.29225 	 0 	 0
0.028 	 -0.292 	 0 	 0
0.02825 	 -0.29175 	 0 	 0
0.0285 	 -0.2915 	 0 	 0
0.02875 	 -0.29125 	 0 	 0
0.029 	 -0.291 	 0 	 0
0.02925 	 -0.29075 	 0 	 0
0.0295 	 -0.2905 	 0 	 0
0.02975 	 -0.29025 	 0 	 0
0.03 	 -0.29 	 0 	 0
0.03025 	 -0.28975 	 0 	 0
0.0305 	 -0.2895 	 0 	 0
0.03075 	 -0.28925 	 0 	 0
0.031 	 -0.289 	 0 	 0
0.03125 	 -0.28875 	 0 	 0
0.0315 	 -0.2885 	 0 	 0
0.03175 	 -0.28825 	 0 	 0
0.032 	 -0.288 	 0 	 0
0.03225 	 -0.28775 	 0 	 0
0.0325 	 -0.2875 	 0 	 0
0.03275 	 -0.28725 	 0 	 0
0.033 	 -0.287 	 0 	 0
0.03325 	 -0.28675 	 0 	 0
0.0335 	 -0.2865 	 0 	 0
0.03375 	 -0.28625 	 0 	 0
0.034 	 -0.286 	 0 	 0
0.03425 	 -0.28575 	 0 	 0
0.0345 	 -0.2855 	 0 	 0
0.03475 	 -0.28525 	 0 	 0
0.035 	 -0.285 	 0 	 0
0.03525 	 -0.28475 	 0 	 0
0.0355 	 -0.2845 	 0 	 0
0.03575 	 -0.28425 	 0 	 0
0.036 	 -0.284 	 0 	 0
0.03625 	 -0.28375 	 0 	 0
0.0365 	 -0.2835 	 0 	 0
0.03675 	 -0.28325 	 0 	 0
0.037 	 -0.283 	 0 	 0
0.03725 	 -0.28275 	 0 	 0
0.0375 	 -0.2825 	 0 	 0
0.03775 	 -0.28225 	 0 	 0
0.038 	 -0.282 	 0 	 0
0.03825 	 -0.28175 	 0 	 0
0.0385 	 -0.2815 	 0 	 0
0.03875 	 -0.28125 	 0 	 0
0.039 	 -0.281 	 0 	 0
0.03925 	 -0.28075 	 0 	 0
0.0395 	 -0.2805 	 0 	 0
0.03975 	 -0.28025 	 0 	 0
0.04 	 -0.28 	 0 	 0
0.04025 	 -0.27975 	 0 	 0
0.0405 	 -0.2795 	 0 	 0
0.04075 	 -0.27925 	 0 	 0
0.041 	 -0.279 	 0 	 0
0.04125 	 -0.27875 	 0 	 0
0.0415 	 -0.2785 	 0 	 0
0.04175 	 -0.27825 	 0 	 0
0.042 	 -0.278 	 0 	 0
0.04225 	 -0.27775 	 0 	 0
0.0425 	 -0.2775 	 0 	 0
0.04275 	 -0.27725 	 0 	 0
0.043 	 -0.277 	 0 	 0
0.04325 	 -0.27675 	 0 	 0
0.0435 	 -0.2765 	 0 	 0
0.04375 	 -0.27625 	 0 	 0
0.044 	 -0.276 	 0 	 0
0.04425 	 -0.27575 	 0 	 0
0.0445 	 -0.2755 	 0 	 0
0.04475 	 -0.27525 	 0 	 0
0.045 	 -0.275 	 0 	 0
0.04525 	 -0.27475 	 0 	 0
0.0455 	 -0.2745 	 0 	 0
0.04575 	 -0.27425 	 0 	 0
0.046 	 -0.274 	 0 	 0
0.04625 	 -0.27375 	 0 	 0
0.0465 	 -0.2735 	 0 	 0
0.04675 	 -0.27325 	 0 	 0
0.047 	 -0.273 	 0 	 0
0.04725 	 -0.27275 	 0 	 0
0.0475 	 -0.2725 	 0 	 0
0.04775 	 -0.27225 	 0 	 0
0.048 	 -0.272 	 0 	 0
0.04825 	 -0.27175 	 0 	 0
0.0485 	 -0.2715 	 0 	 0
0.04875 	 -0.27125 	 0 	 0
0.049 	 -0.271 	 0 	 0
0.04925 	 -0.27075 	 0 	 0
0.0495 	 -0.2705 	 0 	 0
0.04975 	 -0.27025 	 0 	 0
0.05 	 -0.27 	 0 	 0
0.05025 	 -0.26975 	 0 	 0
0.0505 	 -0.2695 	 0 	 0
0.05075 	 -0.26925 	 0 	 0
0.051 	 -0.269 	 0 	 0
0.05125 	 -0.26875 	 0 	 0
0.0515 	 -0.2685 	 0 	 0
0.05175 	 -0.26825 	 0 	 0
0.052 	 -0.268 	 0 	 0
0.05225 	 -0.26775 	 0 	 0
0.0525 	 -0.2675 	 0 	 0
0.05275 	 -0.26725 	 0 	 0
0.053 	 -0.267 	 0 	 0
0.05325 	 -0.26675 	 0 	 0
0.0535 	 -0.2665 	 0 	 0
0.05375 	 -0.26625 	 0 	 0
0.054 	 -0.266 	 0 	 0
0.05425 	 -0.26575 	 0 	 0
0.0545 	 -0.2655 	 0 	 0
0.05475 	 -0.26525 	 0 	 0
0.055 	 -0.265 	 0 	 0
0.05525 	 -0.26475 	 0 	 0
0.0555 	 -0.2645 	 0 	 0
0.05575 	 -0.26425 	 0 	 0
0.056 	 -0.264 	 0 	 0
0.05625 	 -0.26375 	 0 	 0
0.0565 	 -0.2635 	 0 	 0
0.05675 	 -0.26325 	 0 	 0
0.057 	 -0.263 	 0 	 0
0.05725 	 -0.26275 	 0 	 0
0.0575 	 -0.2625 	 0 	 0
0.05775 	 -0.26225 	 0 	 0
0.058 	 -0.262 	 0 	 0
0.05825 	 -0.26175 	 0 	 0
0.0585 	 -0.2615 	 0 	 0
0.05875 	 -0.26125 	 0 	 0
0.059 	 -0.261 	 0 	 0
0.05925 	 -0.26075 	 0 	 0
0.0595 	 -0.2605 	 0 	 0
0.05975 	 -0.26025 	 0 	 0
0.06 	 -0.26 	 0 	 0
0.06025 	 -0.25975 	 0 	 0
0.0605 	 -0.2595 	 0 	 0
0.06075 	 -0.25925 	 0 	 0
0.061 	 -0.259 	 0 	 0
0.06125 	 -0.25875 	 0 	 0
0.0615 	 -0.2585 	 0 	 0
0.06175 	 -0.25825 	 0 	 0
0.062 	 -0.258 	 0 	 0
0.06225 	 -0.25775 	 0 	 0
0.0625 	 -0.2575 	 0 	 0
0.06275 	 -0.25725 	 0 	 0
0.063 	 -0.257 	 0 	 0
0.06325 	 -0.25675 	 0 	 0
0.0635 	 -0.2565 	 0 	 0
0.06375 	 -0.25625 	 0 	 0
0.064 	 -0.256 	 0 	 0
0.06425 	 -0.25575 	 0 	 0
0.0645 	 -0.2555 	 0 	 0
0.06475 	 -0.25525 	 0 	 0
0.065 	 -0.255 	 0 	 0
0.06525 	 -0.25475 	 0 	 0
0.0655 	 -0.2545 	 0 	 0
0.06575 	 -0.25425 	 0 	 0
0.066 	 -0.254 	 0 	 0
0.06625 	 -0.25375 	 0 	 0
0.0665 	 -0.2535 	 0 	 0
0.06675 	 -0.25325 	 0 	 0
0.067 	 -0.253 	 0 	 0
0.06725 	 -0.25275 	 0 	 0
0.0675 	 -0.2525 	 0 	 0
0.06775 	 -0.25225 	 0 	 0
0.068 	 -0.252 	 0 	 0
0.06825 	 -0.25175 	 0 	 0
0.0685 	 -0.2515 	 0 	 0
0.06875 	 -0.25125 	 0 	 0
0.069 	 -0.251 	 0 	 0
0.06925 	 -0.25075 	 0 	 0
0.0695 	 -0.2505 	 0 	 0
0.06975 	 -0.25025 	 0 	 0
0.07 	 -0.25 	 0 	 0
0.07025 	 -0.24975 	 0 	 0
0.0705 	 -0.2495 	 0 	 0
0.07075 	 -0.24925 	 0 	 0
0.071 	 -0.249 	 0 	 0
0.07125 	 -0.24875 	 0 	 0
0.0715 	 -0.2485 	 0 	 0
0.07175 	 -0.24825 	 0 	 0
0.072 	 -0.248 	 0 	 0
0.07225 	 -0.24775 	 0 	 0
0.0725 	 -0.2475 	 0 	 0
0.07275 	 -0.24725 	 0 	 0
0.073 	 -0.247 	 0 	 0
0.07325 	 -0.24675 	 0 	 0
0.0735 	 -0.2465 	 0 	 0
0.07375 	 -0.24625 	 0 	 0
0.074 	 -0.246 	 0 	 0
0.07425 	 -0.24575 	 0 	 0
0.0745 	 -0.2455 	 0 	 0
0.07475 	 -0.24525 	 0 	 0
0.075 	 -0.245 	 0 	 0
0.07525 	 -0.24475 	 0 	 0
0.0755 	 -0.2445 	 0 	 0
0.07575 	 -0.24425 	 0 	 0
0.076 	 -0.244 	 0 	 0
0.07625 	 -0.24375 	 0 	 0
0.0765 	 -0.2435 	 0 	 0
0.07675 	 -0.24325 	 0 	 0
0.077 	 -0.243 	 0 	 0
0.07725 	 -0.24275 	 0 	 0
0.0775 	 -0.2425 	 0 	 0
0.07775 	 -0.24225 	 0 	 0
0.078 	 -0.242 	 0 	 0
0.07825 	 -0.24175 	 0 	 0
0.0785 	 -0.2415 	 0 	 0
0.07875 	 -0.24125 	 0 	 0
0.079 	 -0.241 	 0 	 0
0.07925 	 -0.24075 	 0 	 0
0.0795 	 -0.2405 	 0 	 0
0.07975 	 -0.24025 	 0 	 0
0.08 	 -0.24 	 0 	 0
0.08025 	 -0.23975 	 0 	 0
0.0805 	 -0.2395 	 0 	 0
0.08075 	 -0.23925 	 0 	 0
0.081 	 -0.239 	 0 	 0
0.08125 	 -0.23875 	 0 	 0
0.0815 	 -0.2385 	 0 	 0
0.08175 	 -0.23825 	 0 	 0
0.082 	 -0.238 	 0 	 0
0.08225 	 -0.23775 	 0 	 0
0.0825 	 -0.2375 	 0 	 0
0.08275 	 -0.23725 	 0 	 0
0.083 	 -0.237 	 0 	 0
0.08325 	 -0.23675 	 0 	 0
0.0835 	 -0.2365 	 0 	 0
0.08375 	 -0.23625 	 0 	 0
0.084 	 -0.236 	 0 	 0
0.08425 	 -0.23575 	 0 	 0
0.0845 	 -0.2355 	 0 	 0
0.08475 	 -0.23525 	 0 	 0
0.085 	 -0.235 	 0 	 0
0.08525 	 -0.23475 	 0 	 0
0.0855 	 -0.2345 	 0 	 0
0.08575 	 -0.23425 	 0 	 0
0.086 	 -0.234 	 0 	 0
0.08625 	 -0.23375 	 0 	 0
0.0865 	 -0.2335 	 0 	 0
0.08675 	 -0.23325 	 0 	 0
0.087 	 -0.233 	 0 	 0
0.08725 	 -0.23275 	 0 	 0
0.0875 	 -0.2325 	 0 	 0
0.08775 	 -0.23225 	 0 	 0
0.088 	 -0.232 	 0 	 0
0.08825 	 -0.23175 	 0 	 0
0.0885 	 -0.2315 	 0 	 0
0.08875 	 -0.23125 	 0 	 0
0.089 	 -0.231 	 0 	 0
0.08925 	 -0.23075 	 0 	 0
0.0895 	 -0.2305 	 0 	 0
0.08975 	 -0.23025 	 0 	 0
0.09 	 -0.23 	 0 	 0
0.09025 	 -0.22975 	 0 	 0
0.0905 	 -0.2295 	 0 	 0
0.09075 	 -0.22925 	 0 	 0
0.091 	 -0.229 	 0 	 0
0.09125 	 -0.22875 	 0 	 0
0.0915 	 -0.2285 	 0 	 0
0.09175 	 -0.22825 	 0 	 0
0.092 	 -0.228 	 0 	 0
0.09225 	 -0.22775 	 0 	 0
0.0925 	 -0.2275 	 0 	 0
0.09275 	 -0.22725 	 0 	 0
0.093 	 -0.227 	 0 	 0
0.09325 	 -0.22675 	 0 	 0
0.0935 	 -0.2265 	 0 	 0
0.09375 	 -0.22625 	 0 	 0
0.094 	 -0.226 	 0 	 0
0.09425 	 -0.22575 	 0 	 0
0.0945 	 -0.2255 	 0 	 0
0.09475 	 -0.22525 	 0 	 0
0.095 	 -0.225 	 0 	 0
0.09525 	 -0.22475 	 0 	 0
0.0955 	 -0.2245 	 0 	 0
0.09575 	 -0.22425 	 0 	 0
0.096 	 -0.224 	 0 	 0
0.09625 	 -0.22375 	 0 	 0
0.0965 	 -0.2235 	 0 	 0
0.09675 	 -0.22325 	 0 	 0
0.097 	 -0.223 	 0 	 0
0.09725 	 -0.22275 	 0 	 0
0.0975 	 -0.2225 	 0 	 0
0.09775 	 -0.22225 	 0 	 0
0.098 	 -0.222 	 0 	 0
0.09825 	 -0.22175 	 0 	 0
0.0985 	 -0.2215 	 0 	 0
0.09875 	 -0.22125 	 0 	 0
0.099 	 -0.221 	 0 	 0
0.09925 	 -0.22075 	 0 	 0
0.0995 	 -0.2205 	 0 	 0
0.09975 	 -0.22025 	 0 	 0
0.1 	 -0.22 	 0 	 0
0.10025 	 -0.21975 	 0 	 0
0.1005 	 -0.2195 	 0 	 0
0.10075 	 -0.21925 	 0 	 0
0.101 	 -0.219 	 0 	 0
0.10125 	 -0.21875 	 0 	 0
0.1015 	 -0.2185 	 0 	 0
0.10175 	 -0.21825 	 0 	 0
0.102 	 -0.218 	 0 	 0
0.10225 	 -0.21775 	 0 	 0
0.1025 	 -0.2175 	 0 	 0
0.10275 	 -0.21725 	 0 	 0
0.103 	 -0.217 	 0 	 0
0.10325 	 -0.21675 	 0 	 0
0.1035 	 -0.2165 	 0 	 0
0.10375 	 -0.21625 	 0 	 0
0.104 	 -0.216 	 0 	 0
0.10425 	 -0.21575 	 0 	 0
0.1045 	 -0.2155 	 0 	 0
0.10475 	 -0.21525 	 0 	 0
0.105 	 -0.215 	 0 	 0
0.10525 	 -0.21475 	 0 	 0
0.1055 	 -0.2145 	 0 	 0
0.10575 	 -0.21425 	 0 	 0
0.106 	 -0.214 	 0 	 0
0.10625 	 -0.21375 	 0 	 0
0.1065 	 -0.2135 	 0 	 0
0.10675 	 -0.21325 	 0 	 0
0.107 	 -0.213 	 0 	 0
0.10725 	 -0.21275 	 0 	 0
0.1075 	 -0.2125 	 0 	 0
0.10775 	 -0.21225 	 0 	 0
0.108 	 -0.212 	 0 	 0
0.10825 	 -0.21175 	 0 	 0
0.1085 	 -0.2115 	 0 	 0
0.10875 	 -0.21125 	 0 	 0
0.109 	 -0.211 	 0 	 0
0.10925 	 -0.21075 	 0 	 0
0.1095 	 -0.2105 	 0 	 0
0.10975 	 -0.21025 	 0 	 0
0.11 	 -0.21 	 0 	 0
0.11025 	 -0.20975 	 0 	 0
0.1105 	 -0.2095 	 0 	 0
0.11075 	 -0.20925 	 0 	 0
0.111 	 -0.209 	 0 	 0
0.11125 	 -0.20875 	 0 	 0
0.1115 	 -0.2085 	 0 	 0
0.11175 	 -0.20825 	 0 	 0
0.112 	 -0.208 	 0 	 0
0.11225 	 -0.20775 	 0 	 0
0.1125 	 -0.2075 	 0 	 0
0.11275 	 -0.20725 	 0 	 0
0.113 	 -0.207 	 0 	 0
0.11325 	 -0.20675 	 0 	 0
0.1135 	 -0.2065 	 0 	 0
0.11375 	 -0.20625 	 0 	 0
0.114 	 -0.206 	 0 	 0
0.11425 	 -0.20575 	 0 	 0
0.1145 	 -0.2055 	 0 	 0
0.11475 	 -0.20525 	 0 	 0
0.115 	 -0.205 	 0 	 0
0.11525 	 -0.20475 	 0 	 0
0.1155 	 -0.2045 	 0 	 0
0.11575 	 -0.20425 	 0 	 0
0.116 	 -0.204 	 0 	 0
0.11625 	 -0.20375 	 0 	 0
0.1165 	 -0.2035 	 0 	 0
0.11675 	 -0.20325 	 0 	 0
0.117 	 -0.203 	 0 	 0
0.11725 	 -0.20275 	 0 	 0
0.1175 	 -0.2025 	 0 	 0
0.11775 	 -0.20225 	 0 	 0
0.118 	 -0.202 	 0 	 0
0.11825 	 -0.20175 	 0 	 0
0.1185 	 -0.2015 	 0 	 0
0.11875 	 -0.20125 	 0 	 0
0.119 	 -0.201 	 0 	 0
0.11925 	 -0.20075 	 0 	 0
0.1195 	 -0.2005 	 0 	 0
0.11975 	 -0.20025 	 0 	 0
0.12 	 -0.2 	 0 	 0
0.12025 	 -0.19975 	 0 	 0
0.1205 	 -0.1995 	 0 	 0
0.12075 	 -0.19925 	 0 	 0
0.121 	 -0.199 	 0 	 0
0.12125 	 -0.19875 	 0 	 0
0.1215 	 -0.1985 	 0 	 0
0.12175 	 -0.19825 	 0 	 0
0.122 	 -0.198 	 0 	 0
0.12225 	 -0.19775 	 0 	 0
0.1225 	 -0.1975 	 0 	 0
0.12275 	 -0.19725 	 0 	 0
0.123 	 -0.197 	 0 	 0
0.12325 	 -0.19675 	 0 	 0
0.1235 	 -0.1965 	 0 	 0
0.12375 	 -0.19625 	 0 	 0
0.124 	 -0.196 	 0 	 0
0.12425 	 -0.19575 	 0 	 0
0.1245 	 -0.1955 	 0 	 0
0.12475 	 -0.19525 	 0 	 0
0.125 	 -0.195 	 0 	 0
0.12525 	 -0.19475 	 0 	 0
0.1255 	 -0.1945 	 0 	 0
0.12575 	 -0.19425 	 0 	 0
0.126 	 -0.194 	 0 	 0
0.12625 	 -0.19375 	 0 	 0
0.1265 	 -0.1935 	 0 	 0
0.12675 	 -0.19325 	 0 	 0
0.127 	 -0.193 	 0 	 0
0.12725 	 -0.19275 	 0 	 0
0.1275 	 -0.1925 	 0 	 0
0.12775 	 -0.19225 	 0 	 0
0.128 	 -0.192 	 0 	 0
0.12825 	 -0.19175 	 0 	 0
0.1285 	 -0.1915 	 0 	 0
0.12875 	 -0.19125 	 0 	 0
0.129 	 -0.191 	 0 	 0
0.12925 	 -0.19075 	 0 	 0
0.1295 	 -0.1905 	 0 	 0
0.12975 	 -0.19025 	 0 	 0
0.13 	 -0.19 	 0 	 0
0.13025 	 -0.18975 	 0 	 0
0.1305 	 -0.1895 	 0 	 0
0.13075 	 -0.18925 	 0 	 0
0.131 	 -0.189 	 0 	 0
0.13125 	 -0.18875 	 0 	 0
0.1315 	 -0.1885 	 0 	 0
0.13175 	 -0.18825 	 0 	 0
0.132 	 -0.188 	 0 	 0
0.13225 	 -0.18775 	 0 	 0
0.1325 	 -0.1875 	 0 	 0
0.13275 	 -0.18725 	 0 	 0
0.133 	 -0.187 	 0 	 0
0.13325 	 -0.18675 	 0 	 0
0.1335 	 -0.1865 	 0 	 0
0.13375 	 -0.18625 	 0 	 0
0.134 	 -0.186 	 0 	 0
0.13425 	 -0.18575 	 0 	 0
0.1345 	 -0.1855 	 0 	 0
0.13475 	 -0.18525 	 0 	 0
0.135 	 -0.185 	 0 	 0
0.13525 	 -0.18475 	 0 	 0
0.1355 	 -0.1845 	 0 	 0
0.13575 	 -0.18425 	 0 	 0
0.136 	 -0.184 	 0 	 0
0.13625 	 -0.18375 	 0 	 0
0.1365 	 -0.1835 	 0 	 0
0.13675 	 -0.18325 	 0 	 0
0.137 	 -0.183 	 0 	 0
0.13725 	 -0.18275 	 0 	 0
0.1375 	 -0.1825 	 0 	 0
0.13775 	 -0.18225 	 0 	 0
0.138 	 -0.182 	 0 	 0
0.13825 	 -0.18175 	 0 	 0
0.1385 	 -0.1815 	 0 	 0
0.13875 	 -0.18125 	 0 	 0
0.139 	 -0.181 	 0 	 0
0.13925 	 -0.18075 	 0 	 0
0.1395 	 -0.1805 	 0 	 0
0.13975 	 -0.18025 	 0 	 0
0.14 	 -0.18 	 0 	 0
0.14025 	 -0.17975 	 0 	 0
0.1405 	 -0.1795 	 0 	 0
0.14075 	 -0.17925 	 0 	 0
0.141 	 -0.179 	 0 	 0
0.14125 	 -0.17875 	 0 	 0
0.1415 	 -0.1785 	 0 	 0
0.14175 	 -0.17825 	 0 	 0
0.142 	 -0.178 	 0 	 0
0.14225 	 -0.17775 	 0 	 0
0.1425 	 -0.1775 	 0 	 0
0.14275 	 -0.17725 	 0 	 0
0.143 	 -0.177 	 0 	 0
0.14325 	 -0.17675 	 0 	 0
0.1435 	 -0.1765 	 0 	 0
0.14375 	 -0.17625 	 0 	 0
0.144 	 -0.176 	 0 	 0
0.14425 	 -0.17575 	 0 	 0
0.1445 	 -0.1755 	 0 	 0
0.14475 	 -0.17525 	 0 	 0
0.145 	 -0.175 	 0 	 0
0.14525 	 -0.17475 	 0 	 0
0.1455 	 -0.1745 	 0 	 0
0.14575 	 -0.17425 	 0 	 0
0.146 	 -0.174 	 0 	 0
0.14625 	 -0.17375 	 0 	 0
0.1465 	 -0.1735 	 0 	 0
0.14675 	 -0.17325 	 0 	 0
0.147 	 -0.173 	 0 	 0
0.14725 	 -0.17275 	 0 	 0
0.1475 	 -0.1725 	 0 	 0
0.14775 	 -0.17225 	 0 	 0
0.148 	 -0.172 	 0 	 0
0.14825 	 -0.17175 	 0 	 0
0.1485 	 -0.1715 	 0 	 0
0.14875 	 -0.17125 	 0 	 0
0.149 	 -0.171 	 0 	 0
0.14925 	 -0.17075 	 0 	 0
0.1495 	 -0.1705 	 0 	 0
0.14975 	 -0.17025 	 0 	 0
0.15 	 -0.17 	 0 	 0
0.15025 	 -0.16975 	 0 	 0
0.1505 	 -0.1695 	 0 	 0
0.15075 	 -0.16925 	 0 	 0
0.151 	 -0.169 	 0 	 0
0.15125 	 -0.16875 	 0 	 0
0.1515 	 -0.1685 	 0 	 0
0.15175 	 -0.16825 	 0 	 0
0.152 	 -0.168 	 0 	 0
0.15225 	 -0.16775 	 0 	 0
0.1525 	 -0.1675 	 0 	 0
0.15275 	 -0.16725 	 0 	 0
0.153 	 -0.167 	 0 	 0
0.15325 	 -0.16675 	 0 	 0
0.1535 	 -0.1665 	 0 	 0
0.15375 	 -0.16625 	 0 	 0
0.154 	 -0.166 	 0 	 0
0.15425 	 -0.16575 	 0 	 0
0.1545 	 -0.1655 	 0 	 0
0.15475 	 -0.16525 	 0 	 0
0.155 	 -0.165 	 0 	 0
0.15525 	 -0.16475 	 0 	 0
0.1555 	 -0.1645 	 0 	 0
0.15575 	 -0.16425 	 0 	 0
0.156 	 -0.164 	 0 	 0
0.15625 	 -0.16375 	 0 	 0
0.1565 	 -0.1635 	 0 	 0
0.15675 	 -0.16325 	 0 	 0
0.157 	 -0.163 	 0 	 0
0.15725 	 -0.16275 	 0 	 0
0.1575 	 -0.1625 	 0 	 0
0.15775 	 -0.16225 	 0 	 0
0.158 	 -0.162 	 0 	 0
0.15825 	 -0.16175 	 0 	 0
0.1585 	 -0.1615 	 0 	 0
0.15875 	 -0.16125 	 0 	 0
0.159 	 -0.161 	 0 	 0
0.15925 	 -0.16075 	 0 	 0
0.1595 	 -0.1605 	 0 	 0
0.15975 	 -0.16025 	 0 	 0
0.16 	 -0.16 	 0 	 0
0.16025 	 -0.15975 	 0 	 0
0.1605 	 -0.1595 	 0 	 0
0.16075 	 -0.15925 	 0 	 0
0.161 	 -0.159 	 0 	 0
0.16125 	 -0.15875 	 0 	 0
0.1615 	 -0.1585 	 0 	 0
0.16175 	 -0.15825 	 0 	 0
0.162 	 -0.158 	 0 	 0
0.16225 	 -0.15775 	 0 	 0
0.1625 	 -0.1575 	 0 	 0
0.16275 	 -0.15725 	 0 	 0
0.163 	 -0.157 	 0 	 0
0.16325 	 -0.15675 	 0 	 0
0.1635 	 -0.1565 	 0 	 0
0.16375 	 -0.15625 	 0 	 0
0.164 	 -0.156 	 0 	 0
0.16425 	 -0.15575 	 0 	 0
0.1645 	 -0.1555 	 0 	 0
0.16475 	 -0.15525 	 0 	 0
0.165 	 -0.155 	 0 	 0
0.16525 	 -0.15475 	 0 	 0
0.1655 	 -0.1545 	 0 	 0
0.16575 	 -0.15425 	 0 	 0
0.166 	 -0.154 	 0 	 0
0.16625 	 -0.15375 	 0 	 0
0.1665 	 -0.1535 	 0 	 0
0.16675 	 -0.15325 	 0 	 0
0.167 	 -0.153 	 0 	 0
0.16725 	 -0.15275 	 0 	 0
0.1675 	 -0.1525 	 0 	 0
0.16775 	 -0.15225 	 0 	 0
0.168 	 -0.152 	 0 	 0
0.16825 	 -0.15175 	 0 	 0
0.1685 	 -0.1515 	 0 	 0
0.16875 	 -0.15125 	 0 	 0
0.169 	 -0.151 	 0 	 0
0.16925 	 -0.15075 	 0 	 0
0.1695 	 -0.1505 	 0 	 0
0.16975 	 -0.15025 	 0 	 0
0.17 	 -0.15 	 0 	 0
0.17025 	 -0.14975 	 0 	 0
0.1705 	 -0.1495 	 0 	 0
0.17075 	 -0.14925 	 0 	 0
0.171 	 -0.149 	 0 	 0
0.17125 	 -0.14875 	 0 	 0
0.1715 	 -0.1485 	 0 	 0
0.17175 	 -0.14825 	 0 	 0
0.172 	 -0.148 	 0 	 0
0.17225 	 -0.14775 	 0 	 0
0.1725 	 -0.1475 	 0 	 0
0.17275 	 -0.14725 	 0 	 0
0.173 	 -0.147 	 0 	 0
0.17325 	 -0.14675 	 0 	 0
0.1735 	 -0.1465 	 0 	 0
0.17375 	 -0.14625 	 0 	 0
0.174 	 -0.146 	 0 	 0
0.17425 	 -0.14575 	 0 	 0
0.1745 	 -0.1455 	 0 	 0
0.17475 	 -0.14525 	 0 	 0
0.175 	 -0.145 	 0 	 0
0.17525 	 -0.14475 	 0 	 0
0.1755 	 -0.1445 	 0 	 0
0.17575 	 -0.14425 	 0 	 0
0.176 	 -0.144 	 0 	 0
0.17625 	 -0.14375 	 0 	 0
0.1765 	 -0.1435 	 0 	 0
0.17675 	 -0.14325 	 0 	 0
0.177 	 -0.143 	 0 	 0
0.17725 	 -0.14275 	 0 	 0
0.1775 	 -0.1425 	 0 	 0
0.17775 	 -0.14225 	 0 	 0
0.178 	 -0.142 	 0 	 0
0.17825 	 -0.14175 	 0 	 0
0.1785 	 -0.1415 	 0 	 0
0.17875 	 -0.14125 	 0 	 0
0.179 	 -0.141 	 0 	 0
0.17925 	 -0.14075 	 0 	 0
0.1795 	 -0.1405 	 0 	 0
0.17975 	 -0.14025 	 0 	 0
0.18 	 -0.14 	 0 	 0
0.18025 	 -0.13975 	 0 	 0
0.1805 	 -0.1395 	 0 	 0
0.18075 	 -0.13925 	 0 	 0
0.181 	 -0.139 	 0 	 0
0.18125 	 -0.13875 	 0 	 0
0.1815 	 -0.1385 	 0 	 0
0.18175 	 -0.13825 	 0 	 0
0.182 	 -0.138 	 0 	 0
0.18225 	 -0.13775 	 0 	 0
0.1825 	 -0.1375 	 0 	 0
0.18275 	 -0.13725 	 0 	 0
0.183 	 -0.137 	 0 	 0
0.18325 	 -0.13675 	 0 	 0
0.1835 	 -0.1365 	 0 	 0
0.18375 	 -0.13625 	 0 	 0
0.184 	 -0.136 	 0 	 0
0.18425 	 -0.13575 	 0 	 0
0.1845 	 -0.1355 	 0 	 0
0.18475 	 -0.13525 	 0 	 0
0.185 	 -0.135 	 0 	 0
0.18525 	 -0.13475 	 0 	 0
0.1855 	 -0.1345 	 0 	 0
0.18575 	 -0.13425 	 0 	 0
0.186 	 -0.134 	 0 	 0
0.18625 	 -0.13375 	 0 	 0
0.1865 	 -0.1335 	 0 	 0
0.18675 	 -0.13325 	 0 	 0
0.187 	 -0.133 	 0 	 0
0.18725 	 -0.13275 	 0 	 0
0.1875 	 -0.1325 	 0 	 0
0.18775 	 -0.13225 	 0 	 0
0.188 	 -0.132 	 0 	 0
0.18825 	 -0.13175 	 0 	 0
0.1885 	 -0.1315 	 0 	 0
0.18875 	 -0.13125 	 0 	 0
0.189 	 -0.131 	 0 	 0
0.18925 	 -0.13075 	 0 	 0
0.1895 	 -0.1305 	 0 	 0
0.18975 	 -0.13025 	 0 	 0
0.19 	 -0.13 	 0 	 0
0.19025 	 -0.12975 	 0 	 0
0.1905 	 -0.1295 	 0 	 0
0.19075 	 -0.12925 	 0 	 0
0.191 	 -0.129 	 0 	 0
0.19125 	 -0.12875 	 0 	 0
0.1915 	 -0.1285 	 0 	 0
0.19175 	 -0.12825 	 0 	 0
0.192 	 -0.128 	 0 	 0
0.19225 	 -0.12775 	 0 	 0
0.1925 	 -0.1275 	 0 	 0
0.19275 	 -0.12725 	 0 	 0
0.193 	 -0.127 	 0 	 0
0.19325 	 -0.12675 	 0 	 0
0.1935 	 -0.1265 	 0 	 0
0.19375 	 -0.12625 	 0 	 0
0.194 	 -0.126 	 0 	 0
0.19425 	 -0.12575 	 0 	 0
0.1945 	 -0.1255 	 0 	 0
0.19475 	 -0.12525 	 0 	 0
0.195 	 -0.125 	 0 	 0
0.19525 	 -0.12475 	 0 	 0
0.1955 	 -0.1245 	 0 	 0
0.19575 	 -0.12425 	 0 	 0
0.196 	 -0.124 	 0 	 0
0.19625 	 -0.12375 	 0 	 0
0.1965 	 -0.1235 	 0 	 0
0.19675 	 -0.12325 	 0 	 0
0.197 	 -0.123 	 0 	 0
0.19725 	 -0.12275 	 0 	 0
0.1975 	 -0.1225 	 0 	 0
0.19775 	 -0.12225 	 0 	 0
0.198 	 -0.122 	 0 	 0
0.19825 	 -0.12175 	 0 	 0
0.1985 	 -0.1215 	 0 	 0
0.19875 	 -0.12125 	 0 	 0
0.199 	 -0.121 	 0 	 0
0.19925 	 -0.12075 	 0 	 0
0.1995 	 -0.1205 	 0 	 0
0.19975 	 -0.12025 	 0 	 0
0.2 	 -0.12 	 0 	 0
0.20025 	 -0.11975 	 0 	 0
0.2005 	 -0.1195 	 0 	 0
0.20075 	 -0.11925 	 0 	 0
0.201 	 -0.119 	 0 	 0
0.20125 	 -0.11875 	 0 	 0
0.2015 	 -0.1185 	 0 	 0
0.20175 	 -0.11825 	 0 	 0
0.202 	 -0.118 	 0 	 0
0.20225 	 -0.11775 	 0 	 0
0.2025 	 -0.1175 	 0 	 0
0.20275 	 -0.11725 	 0 	 0
0.203 	 -0.117 	 0 	 0
0.20325 	 -0.11675 	 0 	 0
0.2035 	 -0.1165 	 0 	 0
0.20375 	 -0.11625 	 0 	 0
0.204 	 -0.116 	 0 	 0
0.20425 	 -0.11575 	 0 	 0
0.2045 	 -0.1155 	 0 	 0
0.20475 	 -0.11525 	 0 	 0
0.205 	 -0.115 	 0 	 0
0.20525 	 -0.11475 	 0 	 0
0.2055 	 -0.1145 	 0 	 0
0.20575 	 -0.11425 	 0 	 0
0.206 	 -0.114 	 0 	 0
0.20625 	 -0.11375 	 0 	 0
0.2065 	 -0.1135 	 0 	 0
0.20675 	 -0.11325 	 0 	 0
0.207 	 -0.113 	 0 	 0
0.20725 	 -0.11275 	 0 	 0
0.2075 	 -0.1125 	 0 	 0
0.20775 	 -0.11225 	 0 	 0
0.208 	 -0.112 	 0 	 0
0.20825 	 -0.11175 	 0 	 0
0.2085 	 -0.1115 	 0 	 0
0.20875 	 -0.11125 	 0 	 0
0.209 	 -0.111 	 0 	 0
0.20925 	 -0.11075 	 0 	 0
0.2095 	 -0.1105 	 0 	 0
0.20975 	 -0.11025 	 0 	 0
0.21 	 -0.11 	 0 	 0
0.21025 	 -0.10975 	 0 	 0
0.2105 	 -0.1095 	 0 	 0
0.21075 	 -0.10925 	 0 	 0
0.211 	 -0.109 	 0 	 0
0.21125 	 -0.10875 	 0 	 0
0.2115 	 -0.1085 	 0 	 0
0.21175 	 -0.10825 	 0 	 0
0.212 	 -0.108 	 0 	 0
0.21225 	 -0.10775 	 0 	 0
0.2125 	 -0.1075 	 0 	 0
0.21275 	 -0.10725 	 0 	 0
0.213 	 -0.107 	 0 	 0
0.21325 	 -0.10675 	 0 	 0
0.2135 	 -0.1065 	 0 	 0
0.21375 	 -0.10625 	 0 	 0
0.214 	 -0.106 	 0 	 0
0.21425 	 -0.10575 	 0 	 0
0.2145 	 -0.1055 	 0 	 0
0.21475 	 -0.10525 	 0 	 0
0.215 	 -0.105 	 0 	 0
0.21525 	 -0.10475 	 0 	 0
0.2155 	 -0.1045 	 0 	 0
0.21575 	 -0.10425 	 0 	 0
0.216 	 -0.104 	 0 	 0
0.21625 	 -0.10375 	 0 	 0
0.2165 	 -0.1035 	 0 	 0
0.21675 	 -0.10325 	 0 	 0
0.217 	 -0.103 	 0 	 0
0.21725 	 -0.10275 	 0 	 0
0.2175 	 -0.1025 	 0 	 0
0.21775 	 -0.10225 	 0 	 0
0.218 	 -0.102 	 0 	 0
0.21825 	 -0.10175 	 0 	 0
0.2185 	 -0.1015 	 0 	 0
0.21875 	 -0.10125 	 0 	 0
0.219 	 -0.101 	 0 	 0
0.21925 	 -0.10075 	 0 	 0
0.2195 	 -0.1005 	 0 	 0
0.21975 	 -0.10025 	 0 	 0
0.22 	 -0.1 	 0 	 0
0.22025 	 -0.09975 	 0 	 0
0.2205 	 -0.0995 	 0 	 0
0.22075 	 -0.09925 	 0 	 0
0.221 	 -0.099 	 0 	 0
0.22125 	 -0.09875 	 0 	 0
0.2215 	 -0.0985 	 0 	 0
0.22175 	 -0.09825 	 0 	 0
0.222 	 -0.098 	 0 	 0
0.22225 	 -0.09775 	 0 	 0
0.2225 	 -0.0975 	 0 	 0
0.22275 	 -0.09725 	 0 	 0
0.223 	 -0.097 	 0 	 0
0.22325 	 -0.09675 	 0 	 0
0.2235 	 -0.0965 	 0 	 0
0.22375 	 -0.09625 	 0 	 0
0.224 	 -0.096 	 0 	 0
0.22425 	 -0.09575 	 0 	 0
0.2245 	 -0.0955 	 0 	 0
0.22475 	 -0.09525 	 0 	 0
0.225 	 -0.095 	 0 	 0
0.22525 	 -0.09475 	 0 	 0
0.2255 	 -0.0945 	 0 	 0
0.22575 	 -0.09425 	 0 	 0
0.226 	 -0.094 	 0 	 0
0.22625 	 -0.09375 	 0 	 0
0.2265 	 -0.0935 	 0 	 0
0.22675 	 -0.09325 	 0 	 0
0.227 	 -0.093 	 0 	 0
0.22725 	 -0.09275 	 0 	 0
0.2275 	 -0.0925 	 0 	 0
0.22775 	 -0.09225 	 0 	 0
0.228 	 -0.092 	 0 	 0
0.22825 	 -0.09175 	 0 	 0
0.2285 	 -0.0915 	 0 	 0
0.22875 	 -0.09125 	 0 	 0
0.229 	 -0.091 	 0 	 0
0.22925 	 -0.09075 	 0 	 0
0.2295 	 -0.0905 	 0 	 0
0.22975 	 -0.09025 	 0 	 0
0.23 	 -0.09 	 0 	 0
0.23025 	 -0.08975 	 0 	 0
0.2305 	 -0.0895 	 0 	 0
0.23075 	 -0.08925 	 0 	 0
0.231 	 -0.089 	 0 	 0
0.23125 	 -0.08875 	 0 	 0
0.2315 	 -0.0885 	 0 	 0
0.23175 	 -0.08825 	 0 	 0
0.232 	 -0.088 	 0 	 0
0.23225 	 -0.08775 	 0 	 0
0.2325 	 -0.0875 	 0 	 0
0.23275 	 -0.08725 	 0 	 0
0.233 	 -0.087 	 0 	 0
0.23325 	 -0.08675 	 0 	 0
0.2335 	 -0.0865 	 0 	 0
0.23375 	 -0.08625 	 0 	 0
0.234 	 -0.086 	 0 	 0
0.23425 	 -0.08575 	 0 	 0
0.2345 	 -0.0855 	 0 	 0
0.23475 	 -0.08525 	 0 	 0
0.235 	 -0.085 	 0 	 0
0.23525 	 -0.08475 	 0 	 0
0.2355 	 -0.0845 	 0 	 0
0.23575 	 -0.08425 	 0 	 0
0.236 	 -0.084 	 0 	 0
0.23625 	 -0.08375 	 0 	 0
0.2365 	 -0.0835 	 0 	 0
0.23675 	 -0.08325 	 0 	 0
0.237 	 -0.083 	 0 	 0
0.23725 	 -0.08275 	 0 	 0
0.2375 	 -0.0825 	 0 	 0
0.23775 	 -0.08225 	 0 	 0
0.238 	 -0.082 	 0 	 0
0.23825 	 -0.08175 	 0 	 0
0.2385 	 -0.0815 	 0 	 0
0.23875 	 -0.08125 	 0 	 0
0.239 	 -0.081 	 0 	 0
0.23925 	 -0.08075 	 0 	 0
0.2395 	 -0.0805 	 0 	 0
0.23975 	 -0.08025 	 0 	 0
0.24 	 -0.08 	 0 	 0
0.24025 	 -0.07975 	 0 	 0
0.2405 	 -0.0795 	 0 	 0
0.24075 	 -0.07925 	 0 	 0
0.241 	 -0.079 	 0 	 0
0.24125 	 -0.07875 	 0 	 0
0.2415 	 -0.0785 	 0 	 0
0.24175 	 -0.07825 	 0 	 0
0.242 	 -0.078 	 0 	 0
0.24225 	 -0.07775 	 0 	 0
0.2425 	 -0.0775 	 0 	 0
0.24275 	 -0.07725 	 0 	 0
0.243 	 -0.077 	 0 	 0
0.24325 	 -0.07675 	 0 	 0
0.2435 	 -0.0765 	 0 	 0
0.24375 	 -0.07625 	 0 	 0
0.244 	 -0.076 	 0 	 0
0.24425 	 -0.07575 	 0 	 0
0.2445 	 -0.0755 	 0 	 0
0.24475 	 -0.07525 	 0 	 0
0.245 	 -0.075 	 0 	 0
0.24525 	 -0.07475 	 0 	 0
0.2455 	 -0.0745 	 0 	 0
0.24575 	 -0.07425 	 0 	 0
0.246 	 -0.074 	 0 	 0
0.24625 	 -0.07375 	 0 	 0
0.2465 	 -0.0735 	 0 	 0
0.24675 	 -0.07325 	 0 	 0
0.247 	 -0.073 	 0 	 0
0.24725 	 -0.07275 	 0 	 0
0.2475 	 -0.0725 	 0 	 0
0.24775 	 -0.07225 	 0 	 0
0.248 	 -0.072 	 0 	 0
0.24825 	 -0.07175 	 0 	 0
0.2485 	 -0.0715 	 0 	 0
0.24875 	 -0.07125 	 0 	 0
0.249 	 -0.071 	 0 	 0
0.24925 	 -0.07075 	 0 	 0
0.2495 	 -0.0705 	 0 	 0
0.24975 	 -0.07025 	 0 	 0
0.25 	 -0.07 	 0 	 0
0.25025 	 -0.06975 	 0 	 0
0.2505 	 -0.0695 	 0 	 0
0.25075 	 -0.06925 	 0 	 0
0.251 	 -0.069 	 0 	 0
0.25125 	 -0.06875 	 0 	 0
0.2515 	 -0.0685 	 0 	 0
0.25175 	 -0.06825 	 0 	 0
0.252 	 -0.068 	 0 	 0
0.25225 	 -0.06775 	 0 	 0
0.2525 	 -0.0675 	 0 	 0
0.25275 	 -0.06725 	 0 	 0
0.253 	 -0.067 	 0 	 0
0.25325 	 -0.06675 	 0 	 0
0.2535 	 -0.0665 	 0 	 0
0.25375 	 -0.06625 	 0 	 0
0.254 	 -0.066 	 0 	 0
0.25425 	 -0.06575 	 0 	 0
0.2545 	 -0.0655 	 0 	 0
0.25475 	 -0.06525 	 0 	 0
0.255 	 -0.065 	 0 	 0
0.25525 	 -0.06475 	 0 	 0
0.2555 	 -0.0645 	 0 	 0
0.25575 	 -0.06425 	 0 	 0
0.256 	 -0.064 	 0 	 0
0.25625 	 -0.06375 	 0 	 0
0.2565 	 -0.0635 	 0 	 0
0.25675 	 -0.06325 	 0 	 0
0.257 	 -0.063 	 0 	 0
0.25725 	 -0.06275 	 0 	 0
0.2575 	 -0.0625 	 0 	 0
0.25775 	 -0.06225 	 0 	 0
0.258 	 -0.062 	 0 	 0
0.25825 	 -0.06175 	 0 	 0
0.2585 	 -0.0615 	 0 	 0
0.25875 	 -0.06125 	 0 	 0
0.259 	 -0.061 	 0 	 0
0.25925 	 -0.06075 	 0 	 0
0.2595 	 -0.0605 	 0 	 0
0.25975 	 -0.06025 	 0 	 0
0.26 	 -0.06 	 0 	 0
0.26025 	 -0.05975 	 0 	 0
0.2605 	 -0.0595 	 0 	 0
0.26075 	 -0.05925 	 0 	 0
0.261 	 -0.059 	 0 	 0
0.26125 	 -0.05875 	 0 	 0
0.2615 	 -0.0585 	 0 	 0
0.26175 	 -0.05825 	 0 	 0
0.262 	 -0.058 	 0 	 0
0.26225 	 -0.05775 	 0 	 0
0.2625 	 -0.0575 	 0 	 0
0.26275 	 -0.05725 	 0 	 0
0.263 	 -0.057 	 0 	 0
0.26325 	 -0.05675 	 0 	 0
0.2635 	 -0.0565 	 0 	 0
0.26375 	 -0.05625 	 0 	 0
0.264 	 -0.056 	 0 	 0
0.26425 	 -0.05575 	 0 	 0
0.2645 	 -0.0555 	 0 	 0
0.26475 	 -0.05525 	 0 	 0
0.265 	 -0.055 	 0 	 0
0.26525 	 -0.05475 	 0 	 0
0.2655 	 -0.0545 	 0 	 0
0.26575 	 -0.05425 	 0 	 0
0.266 	 -0.054 	 0 	 0
0.26625 	 -0.05375 	 0 	 0
0.2665 	 -0.0535 	 0 	 0
0.26675 	 -0.05325 	 0 	 0
0.267 	 -0.053 	 0 	 0
0.26725 	 -0.05275 	 0 	 0
0.2675 	 -0.0525 	 0 	 0
0.26775 	 -0.05225 	 0 	 0
0.268 	 -0.052 	 0 	 0
0.26825 	 -0.05175 	 0 	 0
0.2685 	 -0.0515 	 0 	 0
0.26875 	 -0.05125 	 0 	 0
0.269 	 -0.051 	 0 	 0
0.26925 	 -0.05075 	 0 	 0
0.2695 	 -0.0505 	 0 	 0
0.26975 	 -0.05025 	 0 	 0
0.27 	 -0.05 	 0 	 0
0.27025 	 -0.04975 	 0 	 0
0.2705 	 -0.0495 	 0 	 0
0.27075 	 -0.04925 	 0 	 0
0.271 	 -0.049 	 0 	 0
0.27125 	 -0.04875 	 0 	 0
0.2715 	 -0.0485 	 0 	 0
0.27175 	 -0.04825 	 0 	 0
0.272 	 -0.048 	 0 	 0
0.27225 	 -0.04775 	 0 	 0
0.2725 	 -0.0475 	 0 	 0
0.27275 	 -0.04725 	 0 	 0
0.273 	 -0.047 	 0 	 0
0.27325 	 -0.04675 	 0 	 0
0.2735 	 -0.0465 	 0 	 0
0.27375 	 -0.04625 	 0 	 0
0.274 	 -0.046 	 0 	 0
0.27425 	 -0.04575 	 0 	 0
0.2745 	 -0.0455 	 0 	 0
0.27475 	 -0.04525 	 0 	 0
0.275 	 -0.045 	 0 	 0
0.27525 	 -0.04475 	 0 	 0
0.2755 	 -0.0445 	 0 	 0
0.27575 	 -0.04425 	 0 	 0
0.276 	 -0.044 	 0 	 0
0.27625 	 -0.04375 	 0 	 0
0.2765 	 -0.0435 	 0 	 0
0.27675 	 -0.04325 	 0 	 0
0.277 	 -0.043 	 0 	 0
0.27725 	 -0.04275 	 0 	 0
0.2775 	 -0.0425 	 0 	 0
0.27775 	 -0.04225 	 0 	 0
0.278 	 -0.042 	 0 	 0
0.27825 	 -0.04175 	 0 	 0
0.2785 	 -0.0415 	 0 	 0
0.27875 	 -0.04125 	 0 	 0
0.279 	 -0.041 	 0 	 0
0.27925 	 -0.04075 	 0 	 0
0.2795 	 -0.0405 	 0 	 0
0.27975 	 -0.04025 	 0 	 0
0.28 	 -0.04 	 0 	 0
0.28025 	 -0.03975 	 0 	 0
0.2805 	 -0.0395 	 0 	 0
0.28075 	 -0.03925 	 0 	 0
0.281 	 -0.039 	 0 	 0
0.28125 	 -0.03875 	 0 	 0
0.2815 	 -0.0385 	 0 	 0
0.28175 	 -0.03825 	 0 	 0
0.282 	 -0.038 	 0 	 0
0.28225 	 -0.03775 	 0 	 0
0.2825 	 -0.0375 	 0 	 0
0.28275 	 -0.03725 	 0 	 0
0.283 	 -0.037 	 0 	 0
0.28325 	 -0.03675 	 0 	 0
0.2835 	 -0.0365 	 0 	 0
0.28375 	 -0.03625 	 0 	 0
0.284 	 -0.036 	 0 	 0
0.28425 	 -0.03575 	 0 	 0
0.2845 	 -0.0355 	 0 	 0
0.28475 	 -0.03525 	 0 	 0
0.285 	 -0.035 	 0 	 0
0.28525 	 -0.03475 	 0 	 0
0.2855 	 -0.0345 	 0 	 0
0.28575 	 -0.03425 	 0 	 0
0.286 	 -0.034 	 0 	 0
0.28625 	 -0.03375 	 0 	 0
0.2865 	 -0.0335 	 0 	 0
0.28675 	 -0.03325 	 0 	 0
0.287 	 -0.033 	 0 	 0
0.28725 	 -0.03275 	 0 	 0
0.2875 	 -0.0325 	 0 	 0
0.28775 	 -0.03225 	 0 	 0
0.288 	 -0.032 	 0 	 0
0.28825 	 -0.03175 	 0 	 0
0.2885 	 -0.0315 	 0 	 0
0.28875 	 -0.03125 	 0 	 0
0.289 	 -0.031 	 0 	 0
0.28925 	 -0.03075 	 0 	 0
0.2895 	 -0.0305 	 0 	 0
0.28975 	 -0.03025 	 0 	 0
0.29 	 -0.03 	 0 	 0
0.29025 	 -0.02975 	 0 	 0
0.2905 	 -0.0295 	 0 	 0
0.29075 	 -0.02925 	 0 	 0
0.291 	 -0.029 	 0 	 0
0.29125 	 -0.02875 	 0 	 0
0.2915 	 -0.0285 	 0 	 0
0.29175 	 -0.02825 	 0 	 0
0.292 	 -0.028 	 0 	 0
0.29225 	 -0.02775 	 0 	 0
0.2925 	 -0.0275 	 0 	 0
0.29275 	 -0.02725 	 0 	 0
0.293 	 -0.027 	 0 	 0
0.29325 	 -0.02675 	 0 	 0
0.2935 	 -0.0265 	 0 	 0
0.29375 	 -0.02625 	 0 	 0
0.294 	 -0.026 	 0 	 0
0.29425 	 -0.02575 	 0 	 0
0.2945 	 -0.0255 	 0 	 0
0.29475 	 -0.02525 	 0 	 0
0.295 	 -0.025 	 0 	 0
0.29525 	 -0.02475 	 0 	 0
0.2955 	 -0.0245 	 0 	 0
0.29575 	 -0.02425 	 0 	 0
0.296 	 -0.024 	 0 	 0
0.29625 	 -0.02375 	 0 	 0
0.2965 	 -0.0235 	 0 	 0
0.29675 	 -0.02325 	 0 	 0
0.297 	 -0.023 	 0 	 0
0.29725 	 -0.02275 	 0 	 0
0.2975 	 -0.0225 	 0 	 0
0.29775 	 -0.02225 	 0 	 0
0.298 	 -0.022 	 0 	 0
0.29825 	 -0.02175 	 0 	 0
0.2985 	 -0.0215 	 0 	 0
0.29875 	 -0.02125 	 0 	 0
0.299 	 -0.021 	 0 	 0
0.29925 	 -0.02075 	 0 	 0
0.2995 	 -0.0205 	 0 	 0
0.29975 	 -0.02025 	 0 	 0
0.3 	 -0.02 	 0 	 0
0.30025 	 -0.01975 	 0 	 0
0.3005 	 -0.0195 	 0 	 0
0.30075 	 -0.01925 	 0 	 0
0.301 	 -0.019 	 0 	 0
0.30125 	 -0.01875 	 0 	 0
0.3015 	 -0.0185 	 0 	 0
0.30175 	 -0.01825 	 0 	 0
0.302 	 -0.018 	 0 	 0
0.30225 	 -0.01775 	 0 	 0
0.3025 	 -0.0175 	 0 	 0
0.30275 	 -0.01725 	 0 	 0
0.303 	 -0.017 	 0 	 0
0.30325 	 -0.01675 	 0 	 0
0.3035 	 -0.0165 	 0 	 0
0.30375 	 -0.01625 	 0 	 0
0.304 	 -0.016 	 0 	 0
0.30425 	 -0.01575 	 0 	 0
0.3045 	 -0.0155 	 0 	 0
0.30475 	 -0.01525 	 0 	 0
0.305 	 -0.015 	 0 	 0
0.30525 	 -0.01475 	 0 	 0
0.3055 	 -0.0145 	 0 	 0
0.30575 	 -0.01425 	 0 	 0
0.306 	 -0.014 	 0 	 0
0.30625 	 -0.01375 	 0 	 0
0.3065 	 -0.0135 	 0 	 0
0.30675 	 -0.01325 	 0 	 0
0.307 	 -0.013 	 0 	 0
0.30725 	 -0.01275 	 0 	 0
0.3075 	 -0.0125 	 0 	 0
0.30775 	 -0.01225 	 0 	 0
0.308 	 -0.012 	 0 	 0
0.30825 	 -0.01175 	 0 	 0
0.3085 	 -0.0115 	 0 	 0
0.30875 	 -0.01125 	 0 	 0
0.309 	 -0.011 	 0 	 0
0.30925 	 -0.01075 	 0 	 0
0.3095 	 -0.0105 	 0 	 0
0.30975 	 -0.01025 	 0 	 0
0.31 	 -0.01 	 0 	 0
0.31025 	 -0.00975 	 0 	 0
0.3105 	 -0.0095 	 0 	 0
0.31075 	 -0.00925 	 0 	 0
0.311 	 -0.009 	 0 	 0
0.31125 	 -0.00875 	 0 	 0
0.3115 	 -0.0085 	 0 	 0
0.31175 	 -0.00825 	 0 	 0
0.312 	 -0.008 	 0 	 0
0.31225 	 -0.00775 	 0 	 0
0.3125 	 -0.0075 	 0 	 0
0.31275 	 -0.00725 	 0 	 0
0.313 	 -0.007 	 0 	 0
0.31325 	 -0.00675 	 0 	 0
0.3135 	 -0.0065 	 0 	 0
0.31375 	 -0.00625 	 0 	 0
0.314 	 -0.006 	 0 	 0
0.31425 	 -0.00575 	 0 	 0
0.3145 	 -0.0055 	 0 	 0
0.31475 	 -0.00525 	 0 	 0
0.315 	 -0.005 	 0 	 0
0.31525 	 -0.00475 	 0 	 0
0.3155 	 -0.0045 	 0 	 0
0.31575 	 -0.00425 	 0 	 0
0.316 	 -0.004 	 0 	 0
0.31625 	 -0.00375 	 0 	 0
0.3165 	 -0.0035 	 0 	 0
0.31675 	 -0.00325 	 0 	 0
0.317 	 -0.003 	 0 	 0
0.31725 	 -0.00275 	 0 	 3.91003e-05
0.3175 	 -0.0025 	 0 	 0.000116191
0.31775 	 -0.00225 	 0 	 0.000192483
0.318 	 -0.002 	 0 	 0.000267447
0.31825 	 -0.00175 	 0 	 0.000340615
0.3185 	 -0.0015 	 0 	 0.000412828
0.31875 	 -0.00125 	 0 	 0.000484377
0.319 	 -0.001 	 0 	 0.000554592
0.31925 	 -0.00075 	 0 	 0.000624044
0.3195 	 -0.0005 	 0 	 0.000692949
0.31975 	 -0.00025 	 0 	 0.000757807
0.32 	 0 	 1 	 0.000823738
0.32025 	 0.00025 	 1 	 0.00089108
0.3205 	 0.0005 	 1 	 0.000953475
0.32075 	 0.00075 	 1 	 0.00101546
0.321 	 0.001 	 1 	 0.00107578
0.32125 	 0.00125 	 1 	 0.00113565
0.3215 	 0.0015 	 1 	 0.00119853
0.32175 	 0.00175 	 1 	 0.00125701
0.322 	 0.002 	 1 	 0.00131102
0.32225 	 0.00225 	 1 	 0.00133148
0.3225 	 0.0025 	 1 	 0.00131212
0.32275 	 0.00275 	 1 	 0.00128805
0.323 	 0.003 	 1 	 0.00126816
0.32325 	 0.00325 	 1 	 0.00124597
0.3235 	 0.0035 	 1 	 0.00122853
0.32375 	 0.00375 	 1 	 0.00120721
0.324 	 0.004 	 1 	 0.00118522
0.32425 	 0.00425 	 1 	 0.0011689
0.3245 	 0.0045 	 1 	 0.0011485
0.32475 	 0.00475 	 1 	 0.00113073
0.325 	 0.005 	 1 	 0.00111184
0.32525 	 0.00525 	 1 	 0.00109196
0.3255 	 0.0055 	 1 	 0.00107368
0.32575 	 0.00575 	 1 	 0.00105628
0.326 	 0.006 	 1 	 0.00104195
0.32625 	 0.00625 	 1 	 0.00102426
0.3265 	 0.0065 	 1 	 0.00100534
0.32675 	 0.00675 	 1 	 0.00098897
0.327 	 0.007 	 1 	 0.000971507
0.32725 	 0.00725 	 1 	 0.000956302
0.3275 	 0.0075 	 1 	 0.000940088
0.32775 	 0.00775 	 1 	 0.000926958
0.328 	 0.008 	 1 	 0.000909876
0.32825 	 0.00825 	 1 	 0.000890958
0.3285 	 0.0085 	 1 	 0.000878066
0.32875 	 0.00875 	 1 	 0.000864258
0.329 	 0.009 	 1 	 0.000851809
0.32925 	 0.00925 	 1 	 0.000833431
0.3295 	 0.0095 	 1 	 0.000819971
0.32975 	 0.00975 	 1 	 0.000804636
0.33 	 0.01 	 1 	 0.000789744
0.33025 	 0.01025 	 1 	 0.000783102
0.3305 	 0.0105 	 1 	 0.000769418
0.33075 	 0.01075 	 1 	 0.000751539
0.331 	 0.011 	 1 	 0.00073946
0.33125 	 0.01125 	 1 	 0.000723834
0.3315 	 0.0115 	 1 	 0.000712767
0.33175 	 0.01175 	 1 	 0.000705797
0.332 	 0.012 	 1 	 0.000691939
0.33225 	 0.01225 	 1 	 0.000677911
0.3325 	 0.0125 	 1 	 0.000662277
0.33275 	 0.01275 	 1 	 0.000650845
0.333 	 0.013 	 1 	 0.000639994
0.33325 	 0.01325 	 1 	 0.000635681
0.3335 	 0.0135 	 1 	 0.000623439
0.33375 	 0.01375 	 1 	 0.000607239
0.334 	 0.014 	 1 	 0.000596855
0.33425 	 0.01425 	 1 	 0.00059188
0.3345 	 0.0145 	 1 	 0.000578043
0.33475 	 0.01475 	 1 	 0.000564828
0.335 	 0.015 	 1 	 0.000559526
0.33525 	 0.01525 	 1 	 0.000542936
0.3355 	 0.0155 	 1 	 0.000532859
0.33575 	 0.01575 	 1 	 0.000530328
0.336 	 0.016 	 1 	 0.000518064
0.33625 	 0.01625 	 1 	 0.000511139
0.3365 	 0.0165 	 1 	 0.000498665
0.33675 	 0.01675 	 1 	 0.000482912
0.337 	 0.017 	 1 	 0.000482612
0.33725 	 0.01725 	 1 	 0.000474218
0.3375 	 0.0175 	 1 	 0.000463865
0.33775 	 0.01775 	 1 	 0.000452279
0.338 	 0.018 	 1 	 0.000450413
0.33825 	 0.01825 	 1 	 0.000441795
0.3385 	 0.0185 	 1 	 0.000426422
0.33875 	 0.01875 	 1 	 0.000424612
0.339 	 0.019 	 1 	 0.000405839
0.33925 	 0.01925 	 1 	 0.000400744
0.3395 	 0.0195 	 1 	 0.000403275
0.33975 	 0.01975 	 1 	 0.000398834
0.34 	 0.02 	 1 	 0.000383774
0.34025 	 0.02025 	 1 	 0.000369856
0.3405 	 0.0205 	 1 	 0.000371246
0.34075 	 0.02075 	 1 	 0.000361699
0.341 	 0.021 	 1 	 0.000353372
0.34125 	 0.02125 	 1 	 0.000349641
0.3415 	 0.0215 	 1 	 0.000345858
0.34175 	 0.02175 	 1 	 0.000334433
0.342 	 0.022 	 1 	 0.000325568
0.34225 	 0.02225 	 1 	 0.000321661
0.3425 	 0.0225 	 1 	 0.000314698
0.34275 	 0.02275 	 1 	 0.000306297
0.343 	 0.023 	 1 	 0.000302282
0.34325 	 0.02325 	 1 	 0.000292497
0.3435 	 0.0235 	 1 	 0.000288984
0.34375 	 0.02375 	 1 	 0.000291094
0.344 	 0.024 	 1 	 0.000285681
0.34425 	 0.02425 	 1 	 0.000267339
0.3445 	 0.0245 	 1 	 0.000259965
0.34475 	 0.02475 	 1 	 0.000260818
0.345 	 0.025 	 1 	 0.000259461
0.34525 	 0.02525 	 1 	 0.000259144
0.3455 	 0.0255 	 1 	 0.000240658
0.34575 	 0.02575 	 1 	 0.000239217
0.346 	 0.026 	 1 	 0.000242818
0.34625 	 0.02625 	 1 	 0.000224639
0.3465 	 0.0265 	 1 	 0.000219346
0.34675 	 0.02675 	 1 	 0.00022778
0.347 	 0.027 	 1 	 0.000215306
0.34725 	 0.02725 	 1 	 0.000206482
0.3475 	 0.0275 	 1 	 0.000208044
0.34775 	 0.02775 	 1 	 0.000212279
0.348 	 0.028 	 1 	 0.000197519
0.34825 	 0.02825 	 1 	 0.000190587
0.3485 	 0.0285 	 1 	 0.000189284
0.34875 	 0.02875 	 1 	 0.000173758
0.349 	 0.029 	 1 	 0.000186729
0.34925 	 0.02925 	 1 	 0.000191046
0.3495 	 0.0295 	 1 	 0.000170895
0.34975 	 0.02975 	 1 	 0.000159033
0.35 	 0.03 	 1 	 0.000163381
0.35025 	 0.03025 	 1 	 0.000164141
0.3505 	 0.0305 	 1 	 0.000163238
0.35075 	 0.03075 	 1 	 0.0001523
0.351 	 0.031 	 1 	 0.00013835
0.35125 	 0.03125 	 1 	 0.000153107
0.3515 	 0.0315 	 1 	 0.000144661
0.35175 	 0.03175 	 1 	 0.000130979
0.352 	 0.032 	 1 	 0.000141385
0.35225 	 0.03225 	 1 	 0.000135628
0.3525 	 0.0325 	 1 	 0.00012585
0.35275 	 0.03275 	 1 	 0.000124411
0.353 	 0.033 	 1 	 0.000123669
0.35325 	 0.03325 	 1 	 0.000122124
0.3535 	 0.0335 	 1 	 0.000114493
0.35375 	 0.03375 	 1 	 0.000113855
0.354 	 0.034 	 1 	 0.000109308
0.35425 	 0.03425 	 1 	 9.84393e-05
0.3545 	 0.0345 	 1 	 0.000107703
0.35475 	 0.03475 	 1 	 0.00011028
0.355 	 0.035 	 1 	 9.45023e-05
0.35525 	 0.03525 	 1 	 8.73991e-05
0.3555 	 0.0355 	 1 	 9.78011e-05
0.35575 	 0.03575 	 1 	 9.40876e-05
0.356 	 0.036 	 1 	 8.34631e-05
0.35625 	 0.03625 	 1 	 8.51733e-05
0.3565 	 0.0365 	 1 	 8.82822e-05
0.35675 	 0.03675 	 1 	 8.38563e-05
0.357 	 0.037 	 1 	 7.38372e-05
0.35725 	 0.03725 	 1 	 7.08402e-05
0.3575 	 0.0375 	 1 	 7.29898e-05
0.35775 	 0.03775 	 1 	 7.18397e-05
0.358 	 0.038 	 1 	 6.44635e-05
0.35825 	 0.03825 	 1 	 6.65042e-05
0.3585 	 0.0385 	 1 	 7.3994e-05
0.35875 	 0.03875 	 1 	 6.28591e-05
0.359 	 0.039 	 1 	 5.43912e-05
0.35925 	 0.03925 	 1 	 6.22384e-05
0.3595 	 0.0395 	 1 	 5.37944e-05
0.35975 	 0.03975 	 1 	 4.86375e-05
0.36 	 0.04 	 1 	 5.58971e-05
0.36025 	 0.04025 	 1 	 4.97993e-05
0.3605 	 0.0405 	 1 	 3.69908e-05
0.36075 	 0.04075 	 1 	 4.47662e-05
0.361 	 0.041 	 1 	 5.5265e-05
0.36125 	 0.04125 	 1 	 3.93351e-05
0.3615 	 0.0415 	 1 	 3.42272e-05
0.36175 	 0.04175 	 1 	 4.0547e-05
0.362 	 0.042 	 1 	 4.14409e-05
0.36225 	 0.04225 	 1 	 3.75621e-05
0.3625 	 0.0425 	 1 	 3.81285e-05
0.36275 	 0.04275 	 1 	 2.24326e-05
0.363 	 0.043 	 1 	 2.52639e-05
0.36325 	 0.04325 	 1 	 2.41773e-05
0.3635 	 0.0435 	 1 	 2.22662e-05
0.36375 	 0.04375 	 1 	 3.23611e-05
0.364 	 0.044 	 1 	 2.24923e-05
0.36425 	 0.04425 	 1 	 1.9244e-05
0.3645 	 0.0445 	 1 	 2.14937e-05
0.36475 	 0.04475 	 1 	 2.50238e-05
0.365 	 0.045 	 1 	 1.81195e-05
0.36525 	 0.04525 	 1 	 1.9589e-05
0.3655 	 0.0455 	 1 	 1.89492e-05
0.36575 	 0.04575 	 1 	 1.19883e-05
0.366 	 0.046 	 1 	 1.14637e-05
0.36625 	 0.04625 	 1 	 1.37555e-05
0.3665 	 0.0465 	 1 	 1.07415e-05
0.36675 	 0.04675 	 1 	 2.91468e-06
0.367 	 0.047 	 1 	 -2.43568e-06
0.36725 	 0.04725 	 1 	 5.10505e-06
0.3675 	 0.0475 	 1 	 1.282e-05
0.36775 	 0.04775 	 1 	 1.28006e-05
0.368 	 0.048 	 1 	 3.24271e-06
0.36825 	 0.04825 	 1 	 7.82831e-06
0.3685 	 0.0485 	 1 	 -4.20916e-06
0.36875 	 0.04875 	 1 	 -8.84948e-06
0.369 	 0.049 	 1 	 6.62299e-06
0.36925 	 0.04925 	 1 	 2.0633e-06
0.3695 	 0.0495 	 1 	 -1.10688e-05
0.36975 	 0.04975 	 1 	 -1.16682e-05
0.37 	 0.05 	 1 	 7.92004e-07
0.37025 	 0.05025 	 1 	 -9.5347e-06
0.3705 	 0.0505 	 1 	 -8.30115e-06
0.37075 	 0.05075 	 1 	 -5.77896e-06
0.371 	 0.051 	 1 	 -1.02233e-05
0.37125 	 0.05125 	 1 	 -1.14997e-05
0.3715 	 0.0515 	 1 	 -1.09159e-05
0.37175 	 0.05175 	 1 	 -7.44589e-06
0.372 	 0.052 	 1 	 -3.89389e-06
0.37225 	 0.05225 	 1 	 -1.46749e-05
0.3725 	 0.0525 	 1 	 -2.78987e-05
0.37275 	 0.05275 	 1 	 -1.31343e-05
0.373 	 0.053 	 1 	 -1.1224e-05
0.37325 	 0.05325 	 1 	 -2.23656e-05
0.3735 	 0.0535 	 1 	 -9.52756e-06
0.37375 	 0.05375 	 1 	 -1.42782e-05
0.374 	 0.054 	 1 	 -2.85512e-05
0.37425 	 0.05425 	 1 	 -2.33691e-05
0.3745 	 0.0545 	 1 	 -4.38338e-06
0.37475 	 0.05475 	 1 	 -2.04494e-05
0.375 	 0.055 	 1 	 -3.27588e-05
0.37525 	 0.05525 	 1 	 -1.53189e-05
0.3755 	 0.0555 	 1 	 -2.20127e-05
0.37575 	 0.05575 	 1 	 -2.71594e-05
0.376 	 0.056 	 1 	 -2.37615e-05
0.37625 	 0.05625 	 1 	 -2.5766e-05
0.3765 	 0.0565 	 1 	 -2.10502e-05
0.37675 	 0.05675 	 1 	 -2.4701e-05
0.377 	 0.057 	 1 	 -3.1055e-05
0.37725 	 0.05725 	 1 	 -2.25566e-05
0.3775 	 0.0575 	 1 	 -2.5975e-05
0.37775 	 0.05775 	 1 	 -3.13535e-05
0.378 	 0.058 	 1 	 -2.99164e-05
0.37825 	 0.05825 	 1 	 -2.86632e-05
0.3785 	 0.0585 	 1 	 -3.24279e-05
0.37875 	 0.05875 	 1 	 -2.98181e-05
0.379 	 0.059 	 1 	 -2.60323e-05
0.37925 	 0.05925 	 1 	 -3.23042e-05
0.3795 	 0.0595 	 1 	 -3.73368e-05
0.37975 	 0.05975 	 1 	 -2.44298e-05
0.38 	 0.06 	 1 	 -3.08539e-05
0.38025 	 0.06025 	 1 	 -3.88199e-05
0.3805 	 0.0605 	 1 	 -2.82362e-05
0.38075 	 0.06075 	 1 	 -3.19016e-05
0.381 	 0.061 	 1 	 -3.66348e-05
0.38125 	 0.06125 	 1 	 -3.36537e-05
0.3815 	 0.0615 	 1 	 -3.79537e-05
0.38175 	 0.06175 	 1 	 -3.81898e-05
0.382 	 0.062 	 1 	 -3.57351e-05
0.38225 	 0.06225 	 1 	 -3.27568e-05
0.3825 	 0.0625 	 1 	 -3.13987e-05
0.38275 	 0.06275 	 1 	 -3.87018e-05
0.383 	 0.063 	 1 	 -3.37569e-05
0.38325 	 0.06325 	 1 	 -3.89291e-05
0.3835 	 0.0635 	 1 	 -4.11447e-05
0.38375 	 0.06375 	 1 	 -3.55246e-05
0.384 	 0.064 	 1 	 -3.84943e-05
0.38425 	 0.06425 	 1 	 -3.7283e-05
0.3845 	 0.0645 	 1 	 -4.1886e-05
0.38475 	 0.06475 	 1 	 -4.23044e-05
0.385 	 0.065 	 1 	 -3.57712e-05
0.38525 	 0.06525 	 1 	 -4.45491e-05
0.3855 	 0.0655 	 1 	 -4.42455e-05
0.38575 	 0.06575 	 1 	 -3.55613e-05
0.386 	 0.066 	 1 	 -3.51885e-05
0.38625 	 0.06625 	 1 	 -3.49949e-05
0.3865 	 0.0665 	 1 	 -4.67496e-05
0.38675 	 0.06675 	 1 	 -3.9421e-05
0.387 	 0.067 	 1 	 -3.75027e-05
0.38725 	 0.06725 	 1 	 -5.18902e-05
0.3875 	 0.0675 	 1 	 -4.31894e-05
0.38775 	 0.06775 	 1 	 -3.9804e-05
0.388 	 0.068 	 1 	 -4.62195e-05
0.38825 	 0.06825 	 1 	 -3.81434e-05
0.3885 	 0.0685 	 1 	 -3.99219e-05
0.38875 	 0.06875 	 1 	 -4.78886e-05
0.389 	 0.069 	 1 	 -4.16334e-05
0.38925 	 0.06925 	 1 	 -4.24985e-05
0.3895 	 0.0695 	 1 	 -4.39676e-05
0.38975 	 0.06975 	 1 	 -4.13226e-05
0.39 	 0.07 	 1 	 -4.35278e-05
0.39025 	 0.07025 	 1 	 -3.58643e-05
0.3905 	 0.0705 	 1 	 -4.43968e-05
0.39075 	 0.07075 	 1 	 -5.61344e-05
0.391 	 0.071 	 1 	 -5.14236e-05
0.39125 	 0.07125 	 1 	 -4.54831e-05
0.3915 	 0.0715 	 1 	 -3.58176e-05
0.39175 	 0.07175 	 1 	 -4.95951e-05
0.392 	 0.072 	 1 	 -4.93633e-05
0.39225 	 0.07225 	 1 	 -3.46023e-05
0.3925 	 0.0725 	 1 	 -4.32777e-05
0.39275 	 0.07275 	 1 	 -4.90959e-05
0.393 	 0.073 	 1 	 -4.42366e-05
0.39325 	 0.07325 	 1 	 -4.72221e-05
0.3935 	 0.0735 	 1 	 -4.86517e-05
0.39375 	 0.07375 	 1 	 -4.38695e-05
0.394 	 0.074 	 1 	 -4.35337e-05
0.39425 	 0.07425 	 1 	 -4.98689e-05
0.3945 	 0.0745 	 1 	 -4.81801e-05
0.39475 	 0.07475 	 1 	 -4.85869e-05
0.395 	 0.075 	 1 	 -4.75988e-05
0.39525 	 0.07525 	 1 	 -4.65582e-05
0.3955 	 0.0755 	 1 	 -4.61463e-05
0.39575 	 0.07575 	 1 	 -4.06049e-05
0.396 	 0.076 	 1 	 -4.39625e-05
0.39625 	 0.07625 	 1 	 -5.61256e-05
0.3965 	 0.0765 	 1 	 -4.87255e-05
0.39675 	 0.07675 	 1 	 -3.99234e-05
0.397 	 0.077 	 1 	 -5.05536e-05
0.39725 	 0.07725 	 1 	 -5.10994e-05
0.3975 	 0.0775 	 1 	 -4.78706e-05
0.39775 	 0.07775 	 1 	 -4.66746e-05
0.398 	 0.078 	 1 	 -4.45923e-05
0.39825 	 0.07825 	 1 	 -4.7186e-05
0.3985 	 0.0785 	 1 	 -5.03257e-05
0.39875 	 0.07875 	 1 	 -4.61466e-05
0.399 	 0.079 	 1 	 -5.37829e-05
0.39925 	 0.07925 	 1 	 -4.76978e-05
0.3995 	 0.0795 	 1 	 -3.85911e-05
0.39975 	 0.07975 	 1 	 -4.4042e-05
0.4 	 0.08 	 1 	 -5.50889e-05
0.40025 	 0.08025 	 1 	 -5.41959e-05
0.4005 	 0.0805 	 1 	 -4.7009e-05
0.40075 	 0.08075 	 1 	 -4.72703e-05
0.401 	 0.081 	 1 	 -4.45551e-05
0.40125 	 0.08125 	 1 	 -4.09378e-05
0.4015 	 0.0815 	 1 	 -5.22647e-05
0.40175 	 0.08175 	 1 	 -5.22503e-05
0.402 	 0.082 	 1 	 -4.53538e-05
0.40225 	 0.08225 	 1 	 -5.17602e-05
0.4025 	 0.0825 	 1 	 -4.95113e-05
0.40275 	 0.08275 	 1 	 -4.82691e-05
0.403 	 0.083 	 1 	 -5.03002e-05
0.40325 	 0.08325 	 1 	 -4.94585e-05
0.4035 	 0.0835 	 1 	 -4.51148e-05
0.40375 	 0.08375 	 1 	 -4.80361e-05
0.404 	 0.084 	 1 	 -4.54196e-05
0.40425 	 0.08425 	 1 	 -5.16716e-05
0.4045 	 0.0845 	 1 	 -5.66702e-05
0.40475 	 0.08475 	 1 	 -4.95614e-05
0.405 	 0.085 	 1 	 -4.56937e-05
0.40525 	 0.08525 	 1 	 -4.9061e-05
0.4055 	 0.0855 	 1 	 -5.26159e-05
0.40575 	 0.08575 	 1 	 -5.08974e-05
0.406 	 0.086 	 1 	 -5.62628e-05
0.40625 	 0.08625 	 1 	 -5.39218e-05
0.4065 	 0.0865 	 1 	 -4.83534e-05
0.40675 	 0.08675 	 1 	 -4.95361e-05
0.407 	 0.087 	 1 	 -4.74708e-05
0.40725 	 0.08725 	 1 	 -4.81663e-05
0.4075 	 0.0875 	 1 	 -4.76096e-05
0.40775 	 0.08775 	 1 	 -5.44204e-05
0.408 	 0.088 	 1 	 -5.33964e-05
0.40825 	 0.08825 	 1 	 -4.67394e-05
0.4085 	 0.0885 	 1 	 -5.38855e-05
0.40875 	 0.08875 	 1 	 -5.76822e-05
0.409 	 0.089 	 1 	 -5.25321e-05
0.40925 	 0.08925 	 1 	 -4.99756e-05
0.4095 	 0.0895 	 1 	 -5.17106e-05
0.40975 	 0.08975 	 1 	 -5.31631e-05
0.41 	 0.09 	 1 	 -5.13019e-05
0.41025 	 0.09025 	 1 	 -4.55822e-05
0.4105 	 0.0905 	 1 	 -5.22814e-05
0.41075 	 0.09075 	 1 	 -5.15788e-05
0.411 	 0.091 	 1 	 -4.35e-05
0.41125 	 0.09125 	 1 	 -5.42287e-05
0.4115 	 0.0915 	 1 	 -5.36072e-05
0.41175 	 0.09175 	 1 	 -5.24533e-05
0.412 	 0.092 	 1 	 -5.39006e-05
0.41225 	 0.09225 	 1 	 -5.06425e-05
0.4125 	 0.0925 	 1 	 -5.75676e-05
0.41275 	 0.09275 	 1 	 -4.66343e-05
0.413 	 0.093 	 1 	 -4.93212e-05
0.41325 	 0.09325 	 1 	 -5.59065e-05
0.4135 	 0.0935 	 1 	 -5.09075e-05
0.41375 	 0.09375 	 1 	 -4.53828e-05
0.414 	 0.094 	 1 	 -4.89106e-05
0.41425 	 0.09425 	 1 	 -4.6957e-05
0.4145 	 0.0945 	 1 	 -4.60633e-05
0.41475 	 0.09475 	 1 	 -5.76636e-05
0.415 	 0.095 	 1 	 -5.05312e-05
0.41525 	 0.09525 	 1 	 -5.00183e-05
0.4155 	 0.0955 	 1 	 -4.65554e-05
0.41575 	 0.09575 	 1 	 -5.024e-05
0.416 	 0.096 	 1 	 -5.50109e-05
0.41625 	 0.09625 	 1 	 -4.86009e-05
0.4165 	 0.0965 	 1 	 -4.69397e-05
0.41675 	 0.09675 	 1 	 -4.96555e-05
0.417 	 0.097 	 1 	 -5.23351e-05
0.41725 	 0.09725 	 1 	 -8.89949e-05
0.4175 	 0.0975 	 1 	 -0.000161161
0.41775 	 0.09775 	 1 	 -0.000238485
0.418 	 0.098 	 1 	 -0.000315914
0.41825 	 0.09825 	 1 	 -0.000385725
0.4185 	 0.0985 	 1 	 -0.000456808
0.41875 	 0.09875 	 1 	 -0.00052706
0.419 	 0.099 	 1 	 -0.000595725
0.41925 	 0.09925 	 1 	 -0.000661997
0.4195 	 0.0995 	 1 	 -0.000724147
0.41975 	 0.09975 	 1 	 -0.000784626
0.42 	 0.1 	 0 	 -0.000848191
0.42025 	 0.10025 	 0 	 -0.000912557
0.4205 	 0.1005 	 0 	 -0.000975166
0.42075 	 0.10075 	 0 	 -0.00102612
0.421 	 0.101 	 0 	 -0.00108677
0.42125 	 0.10125 	 0 	 -0.00114643
0.4215 	 0.1015 	 0 	 -0.00119608
0.42175 	 0.10175 	 0 	 -0.00124835
0.422 	 0.102 	 0 	 -0.00129971
0.42225 	 0.10225 	 0 	 -0.00131619
0.4225 	 0.1025 	 0 	 -0.00129283
0.42275 	 0.10275 	 0 	 -0.00126456
0.423 	 0.103 	 0 	 -0.00123367
0.42325 	 0.10325 	 0 	 -0.001212
0.4235 	 0.1035 	 0 	 -0.00118335
0.42375 	 0.10375 	 0 	 -0.00116181
0.424 	 0.104 	 0 	 -0.00113979
0.42425 	 0.10425 	 0 	 -0.00111532
0.4245 	 0.1045 	 0 	 -0.00109525
0.42475 	 0.10475 	 0 	 -0.0010705
0.425 	 0.105 	 0 	 -0.00105063
0.42525 	 0.10525 	 0 	 -0.00102676
0.4255 	 0.1055 	 0 	 -0.00100362
0.42575 	 0.10575 	 0 	 -0.000988947
0.426 	 0.106 	 0 	 -0.000962727
0.42625 	 0.10625 	 0 	 -0.000938716
0.4265 	 0.1065 	 0 	 -0.00093466
0.42675 	 0.10675 	 0 	 -0.000912444
0.427 	 0.107 	 0 	 -0.000883513
0.42725 	 0.10725 	 0 	 -0.000866333
0.4275 	 0.1075 	 0 	 -0.000854634
0.42775 	 0.10775 	 0 	 -0.000835258
0.428 	 0.108 	 0 	 -0.000816017
0.42825 	 0.10825 	 0 	 -0.000801686
0.4285 	 0.1085 	 0 	 -0.000783441
0.42875 	 0.10875 	 0 	 -0.000769324
0.429 	 0.109 	 0 	 -0.000752268
0.42925 	 0.10925 	 0 	 -0.000734421
0.4295 	 0.1095 	 0 	 -0.000723026
0.42975 	 0.10975 	 0 	 -0.000707756
0.43 	 0.11 	 0 	 -0.000689479
0.43025 	 0.11025 	 0 	 -0.000680948
0.4305 	 0.1105 	 0 	 -0.000666832
0.43075 	 0.11075 	 0 	 -0.000646043
0.431 	 0.111 	 0 	 -0.000637126
0.43125 	 0.11125 	 0 	 -0.000624649
0.4315 	 0.1115 	 0 	 -0.000601584
0.43175 	 0.11175 	 0 	 -0.000595168
0.432 	 0.112 	 0 	 -0.0005931
0.43225 	 0.11225 	 0 	 -0.000574865
0.4325 	 0.1125 	 0 	 -0.000553
0.43275 	 0.11275 	 0 	 -0.00055143
0.433 	 0.113 	 0 	 -0.000542098
0.43325 	 0.11325 	 0 	 -0.000522606
0.4335 	 0.1135 	 0 	 -0.000518487
0.43375 	 0.11375 	 0 	 -0.000506544
0.434 	 0.114 	 0 	 -0.000492516
0.43425 	 0.11425 	 0 	 -0.000483787
0.4345 	 0.1145 	 0 	 -0.000472161
0.43475 	 0.11475 	 0 	 -0.000461696
0.435 	 0.115 	 0 	 -0.000455813
0.43525 	 0.11525 	 0 	 -0.000443377
0.4355 	 0.1155 	 0 	 -0.00043187
0.43575 	 0.11575 	 0 	 -0.000429552
0.436 	 0.116 	 0 	 -0.000419722
0.43625 	 0.11625 	 0 	 -0.000407232
0.4365 	 0.1165 	 0 	 -0.000401717
0.43675 	 0.11675 	 0 	 -0.000390056
0.437 	 0.117 	 0 	 -0.000378622
0.43725 	 0.11725 	 0 	 -0.000378084
0.4375 	 0.1175 	 0 	 -0.000371776
0.43775 	 0.11775 	 0 	 -0.000356489
0.438 	 0.118 	 0 	 -0.000349703
0.43825 	 0.11825 	 0 	 -0.000344437
0.4385 	 0.1185 	 0 	 -0.000336483
0.43875 	 0.11875 	 0 	 -0.000328772
0.439 	 0.119 	 0 	 -0.000323099
0.43925 	 0.11925 	 0 	 -0.000318043
0.4395 	 0.1195 	 0 	 -0.000311079
0.43975 	 0.11975 	 0 	 -0.000303426
0.44 	 0.12 	 0 	 -0.000295331
0.44025 	 0.12025 	 0 	 -0.000290156
0.4405 	 0.1205 	 0 	 -0.000285086
0.44075 	 0.12075 	 0 	 -0.000276313
0.441 	 0.121 	 0 	 -0.000270071
0.44125 	 0.12125 	 0 	 -0.000267908
0.4415 	 0.1215 	 0 	 -0.00026145
0.44175 	 0.12175 	 0 	 -0.000255088
0.442 	 0.122 	 0 	 -0.000249865
0.44225 	 0.12225 	 0 	 -0.000242367
0.4425 	 0.1225 	 0 	 -0.000238341
0.44275 	 0.12275 	 0 	 -0.00023454
0.443 	 0.123 	 0 	 -0.000229325
0.44325 	 0.12325 	 0 	 -0.000224901
0.4435 	 0.1235 	 0 	 -0.000219784
0.44375 	 0.12375 	 0 	 -0.000215285
0.444 	 0.124 	 0 	 -0.000210476
0.44425 	 0.12425 	 0 	 -0.000205505
0.4445 	 0.1245 	 0 	 -0.000199897
0.44475 	 0.12475 	 0 	 -0.000196374
0.445 	 0.125 	 0 	 -0.000192654
0.44525 	 0.12525 	 0 	 -0.00018845
0.4455 	 0.1255 	 0 	 -0.000184252
0.44575 	 0.12575 	 0 	 -0.000180423
0.446 	 0.126 	 0 	 -0.000177305
0.44625 	 0.12625 	 0 	 -0.000171305
0.4465 	 0.1265 	 0 	 -0.000168177
0.44675 	 0.12675 	 0 	 -0.000166079
0.447 	 0.127 	 0 	 -0.000161923
0.44725 	 0.12725 	 0 	 -0.000159308
0.4475 	 0.1275 	 0 	 -0.000155415
0.44775 	 0.12775 	 0 	 -0.000151838
0.448 	 0.128 	 0 	 -0.000148245
0.44825 	 0.12825 	 0 	 -0.000144537
0.4485 	 0.1285 	 0 	 -0.000141548
0.44875 	 0.12875 	 0 	 -0.000138733
0.449 	 0.129 	 0 	 -0.000135365
0.44925 	 0.12925 	 0 	 -0.000132307
0.4495 	 0.1295 	 0 	 -0.000130048
0.44975 	 0.12975 	 0 	 -0.000127494
0.45 	 0.13 	 0 	 -0.000125252
0.45025 	 0.13025 	 0 	 -0.00012191
0.4505 	 0.1305 	 0 	 -0.000118497
0.45075 	 0.13075 	 0 	 -0.000116588
0.451 	 0.131 	 0 	 -0.000114186
0.45125 	 0.13125 	 0 	 -0.000111754
0.4515 	 0.1315 	 0 	 -0.000109622
0.45175 	 0.13175 	 0 	 -0.00010608
0.452 	 0.132 	 0 	 -0.000103519
0.45225 	 0.13225 	 0 	 -0.000101238
0.4525 	 0.1325 	 0 	 -9.92885e-05
0.45275 	 0.13275 	 0 	 -9.80513e-05
0.453 	 0.133 	 0 	 -9.59721e-05
0.45325 	 0.13325 	 0 	 -9.33567e-05
0.4535 	 0.1335 	 0 	 -9.10758e-05
0.45375 	 0.13375 	 0 	 -8.93445e-05
0.454 	 0.134 	 0 	 -8.77482e-05
0.45425 	 0.13425 	 0 	 -8.6008e-05
0.4545 	 0.1345 	 0 	 -8.40451e-05
0.45475 	 0.13475 	 0 	 -8.11865e-05
0.455 	 0.135 	 0 	 -7.91571e-05
0.45525 	 0.13525 	 0 	 -7.76621e-05
0.4555 	 0.1355 	 0 	 -7.67841e-05
0.45575 	 0.13575 	 0 	 -7.52322e-05
0.456 	 0.136 	 0 	 -7.28639e-05
0.45625 	 0.13625 	 0 	 -7.14121e-05
0.4565 	 0.1365 	 0 	 -6.99555e-05
0.45675 	 0.13675 	 0 	 -6.88756e-05
0.457 	 0.137 	 0 	 -6.75068e-05
0.45725 	 0.13725 	 0 	 -6.62617e-05
0.4575 	 0.1375 	 0 	 -6.39855e-05
0.45775 	 0.13775 	 0 	 -6.1736e-05
0.458 	 0.138 	 0 	 -6.07599e-05
0.45825 	 0.13825 	 0 	 -5.99833e-05
0.4585 	 0.1385 	 0 	 -5.90073e-05
0.45875 	 0.13875 	 0 	 -5.69088e-05
0.459 	 0.139 	 0 	 -5.53326e-05
0.45925 	 0.13925 	 0 	 -5.44834e-05
0.4595 	 0.1395 	 0 	 -5.36213e-05
0.45975 	 0.13975 	 0 	 -5.27432e-05
0.46 	 0.14 	 0 	 -5.15475e-05
0.46025 	 0.14025 	 0 	 -5.01666e-05
0.4605 	 0.1405 	 0 	 -4.85693e-05
0.46075 	 0.14075 	 0 	 -4.74555e-05
0.461 	 0.141 	 0 	 -4.68697e-05
0.46125 	 0.14125 	 0 	 -4.62221e-05
0.4615 	 0.1415 	 0 	 -4.45139e-05
0.46175 	 0.14175 	 0 	 -4.30733e-05
0.462 	 0.142 	 0 	 -4.25217e-05
0.46225 	 0.14225 	 0 	 -4.15053e-05
0.4625 	 0.1425 	 0 	 -4.09219e-05
0.46275 	 0.14275 	 0 	 -4.0363e-05
0.463 	 0.143 	 0 	 -3.92647e-05
0.46325 	 0.14325 	 0 	 -3.78087e-05
0.4635 	 0.1435 	 0 	 -3.68237e-05
0.46375 	 0.14375 	 0 	 -3.67115e-05
0.464 	 0.144 	 0 	 -3.58883e-05
0.46425 	 0.14425 	 0 	 -3.46123e-05
0.4645 	 0.1445 	 0 	 -3.36125e-05
0.46475 	 0.14475 	 0 	 -3.32791e-05
0.465 	 0.145 	 0 	 -3.24597e-05
0.46525 	 0.14525 	 0 	 -3.17586e-05
0.4655 	 0.1455 	 0 	 -3.1473e-05
0.46575 	 0.14575 	 0 	 -3.03375e-05
0.466 	 0.146 	 0 	 -2.93757e-05
0.46625 	 0.14625 	 0 	 -2.87316e-05
0.4665 	 0.1465 	 0 	 -2.84129e-05
0.46675 	 0.14675 	 0 	 -2.79919e-05
0.467 	 0.147 	 0 	 -2.70796e-05
0.46725 	 0.14725 	 0 	 -2.62774e-05
0.4675 	 0.1475 	 0 	 -2.5698e-05
0.46775 	 0.14775 	 0 	 -2.5129e-05
0.468 	 0.148 	 0 	 -2.48086e-05
0.46825 	 0.14825 	 0 	 -2.43709e-05
0.4685 	 0.1485 	 0 	 -2.35059e-05
0.46875 	 0.14875 	 0 	 -2.28658e-05
0.469 	 0.149 	 0 	 -2.24735e-05
0.46925 	 0.14925 	 0 	 -2.20923e-05
0.4695 	 0.1495 	 0 	 -2.16798e-05
0.46975 	 0.14975 	 0 	 -2.09972e-05
0.47 	 0.15 	 0 	 -2.05671e-05
0.47025 	 0.15025 	 0 	 -1.9978e-05
0.4705 	 0.1505 	 0 	 -1.94227e-05
0.47075 	 0.15075 	 0 	 -1.92753e-05
0.471 	 0.151 	 0 	 -1.88819e-05
0.47125 	 0.15125 	 0 	 -1.82375e-05
0.4715 	 0.1515 	 0 	 -1.77909e-05
0.47175 	 0.15175 	 0 	 -1.74535e-05
0.472 	 0.152 	 0 	 -1.70459e-05
0.47225 	 0.15225 	 0 	 -1.67882e-05
0.4725 	 0.1525 	 0 	 -1.62262e-05
0.47275 	 0.15275 	 0 	 -1.58426e-05
0.473 	 0.153 	 0 	 -1.55714e-05
0.47325 	 0.15325 	 0 	 -1.51809e-05
0.4735 	 0.1535 	 0 	 -1.48857e-05
0.47375 	 0.15375 	 0 	 -1.44472e-05
0.474 	 0.154 	 0 	 -1.41757e-05
0.47425 	 0.15425 	 0 	 -1.38726e-05
0.4745 	 0.1545 	 0 	 -1.34645e-05
0.47475 	 0.15475 	 0 	 -1.32705e-05
0.475 	 0.155 	 0 	 -1.28593e-05
0.47525 	 0.15525 	 0 	 -1.24938e-05
0.4755 	 0.1555 	 0 	 -1.23174e-05
0.47575 	 0.15575 	 0 	 -1.20384e-05
0.476 	 0.156 	 0 	 -1.17227e-05
0.47625 	 0.15625 	 0 	 -1.14664e-05
0.4765 	 0.1565 	 0 	 -1.13109e-05
0.47675 	 0.15675 	 0 	 -1.09169e-05
0.477 	 0.157 	 0 	 -1.05664e-05
0.47725 	 0.15725 	 0 	 -1.03893e-05
0.4775 	 0.1575 	 0 	 -1.02967e-05
0.47775 	 0.15775 	 0 	 -1.00182e-05
0.478 	 0.158 	 0 	 -9.6207e-06
0.47825 	 0.15825 	 0 	 -9.53564e-06
0.4785 	 0.1585 	 0 	 -9.32078e-06
0.47875 	 0.15875 	 0 	 -8.98745e-06
0.479 	 0.159 	 0 	 -8.83986e-06
0.47925 	 0.15925 	 0 	 -8.68439e-06
0.4795 	 0.1595 	 0 	 -8.42206e-06
0.47975 	 0.15975 	 0 	 -8.13158e-06
0.48 	 0.16 	 0 	 -8.06636e-06
0.48025 	 0.16025 	 0 	 -7.95713e-06
0.4805 	 0.1605 	 0 	 -7.59312e-06
0.48075 	 0.16075 	 0 	 -7.45977e-06
0.481 	 0.161 	 0 	 -7.39227e-06
0.48125 	 0.16125 	 0 	 -7.09474e-06
0.4815 	 0.1615 	 0 	 -6.87156e-06
0.48175 	 0.16175 	 0 	 -6.84624e-06
0.482 	 0.162 	 0 	 -6.69126e-06
0.48225 	 0.16225 	 0 	 -6.42166e-06
0.4825 	 0.1625 	 0 	 -6.34866e-06
0.48275 	 0.16275 	 0 	 -6.25334e-06
0.483 	 0.163 	 0 	 -6.03199e-06
0.48325 	 0.16325 	 0 	 -5.84184e-06
0.4835 	 0.1635 	 0 	 -5.74598e-06
0.48375 	 0.16375 	 0 	 -5.66624e-06
0.484 	 0.164 	 0 	 -5.48326e-06
0.48425 	 0.16425 	 0 	 -5.33094e-06
0.4845 	 0.1645 	 0 	 -5.21594e-06
0.48475 	 0.16475 	 0 	 -5.09278e-06
0.485 	 0.165 	 0 	 -4.97402e-06
0.48525 	 0.16525 	 0 	 -4.86167e-06
0.4855 	 0.1655 	 0 	 -4.74501e-06
0.48575 	 0.16575 	 0 	 -4.63107e-06
0.486 	 0.166 	 0 	 -4.43027e-06
0.48625 	 0.16625 	 0 	 -4.16336e-06
0.4865 	 0.1665 	 0 	 -3.90049e-06
0.48675 	 0.16675 	 0 	 -3.60687e-06
0.487 	 0.167 	 0 	 -3.35632e-06
0.48725 	 0.16725 	 0 	 -3.12114e-06
0.4875 	 0.1675 	 0 	 -2.85439e-06
0.48775 	 0.16775 	 0 	 -2.59196e-06
0.488 	 0.168 	 0 	 -2.37404e-06
0.48825 	 0.16825 	 0 	 -2.15362e-06
0.4885 	 0.1685 	 0 	 -1.92629e-06
0.48875 	 0.16875 	 0 	 -1.68636e-06
0.489 	 0.169 	 0 	 -1.47079e-06
0.48925 	 0.16925 	 0 	 -1.27771e-06
0.4895 	 0.1695 	 0 	 -1.06296e-06
0.48975 	 0.16975 	 0 	 -8.62151e-07
0.49 	 0.17 	 0 	 -6.65692e-07
0.49025 	 0.17025 	 0 	 -4.73129e-07
0.4905 	 0.1705 	 0 	 -2.93318e-07
0.49075 	 0.17075 	 0 	 -1.17932e-07
0.491 	 0.171 	 0 	 -1.55717e-08
0.49125 	 0.17125 	 0 	 0
0.4915 	 0.1715 	 0 	 0
0.49175 	 0.17175 	 0 	 0
0.492 	 0.172 	 0 	 0
0.49225 	 0.17225 	 0 	 0
0.4925 	 0.1725 	 0 	 0
0.49275 	 0.17275 	 0 	 0
0.493 	 0.173 	 0 	 0
0.49325 	 0.17325 	 0 	 0
0.4935 	 0.1735 	 0 	 0
0.49375 	 0.17375 	 0 	 0
0.494 	 0.174 	 0 	 0
0.49425 	 0.17425 	 0 	 0
0.4945 	 0.1745 	 0 	 0
0.49475 	 0.17475 	 0 	 0
0.495 	 0.175 	 0 	 0
0.49525 	 0.17525 	 0 	 0
0.4955 	 0.1755 	 0 	 0
0.49575 	 0.17575 	 0 	 0
0.496 	 0.176 	 0 	 0
0.49625 	 0.17625 	 0 	 0
0.4965 	 0.1765 	 0 	 0
0.49675 	 0.17675 	 0 	 0
0.497 	 0.177 	 0 	 0
0.49725 	 0.17725 	 0 	 0
0.4975 	 0.1775 	 0 	 0
0.49775 	 0.17775 	 0 	 0
0.498 	 0.178 	 0 	 0
0.49825 	 0.17825 	 0 	 0
0.4985 	 0.1785 	 0 	 0
0.49875 	 0.17875 	 0 	 0
0.499 	 0.179 	 0 	 0
0.49925 	 0.17925 	 0 	 0
0.4995 	 0.1795 	 0 	 0
0.49975 	 0.17975 	 0 	 0
0.5 	 0.18 	 0 	 0
0.50025 	 0.18025 	 0 	 0
0.5005 	 0.1805 	 0 	 0
0.50075 	 0.18075 	 0 	 0
0.501 	 0.181 	 0 	 0
0.50125 	 0.18125 	 0 	 0
0.5015 	 0.1815 	 0 	 0
0.50175 	 0.18175 	 0 	 0
0.502 	 0.182 	 0 	 0
0.50225 	 0.18225 	 0 	 0
0.5025 	 0.1825 	 0 	 0
0.50275 	 0.18275 	 0 	 0
0.503 	 0.183 	 0 	 0
0.50325 	 0.18325 	 0 	 0
0.5035 	 0.1835 	 0 	 0
0.50375 	 0.18375 	 0 	 0
0.504 	 0.184 	 0 	 0
0.50425 	 0.18425 	 0 	 0
0.5045 	 0.1845 	 0 	 0
0.50475 	 0.18475 	 0 	 0
0.505 	 0.185 	 0 	 0
0.50525 	 0.18525 	 0 	 0
0.5055 	 0.1855 	 0 	 0
0.50575 	 0.18575 	 0 	 0
0.506 	 0.186 	 0 	 0
0.50625 	 0.18625 	 0 	 0
0.5065 	 0.1865 	 0 	 0
0.50675 	 0.18675 	 0 	 0
0.507 	 0.187 	 0 	 0
0.50725 	 0.18725 	 0 	 0
0.5075 	 0.1875 	 0 	 0
0.50775 	 0.18775 	 0 	 0
0.508 	 0.188 	 0 	 0
0.50825 	 0.18825 	 0 	 0
0.5085 	 0.1885 	 0 	 0
0.50875 	 0.18875 	 0 	 0
0.509 	 0.189 	 0 	 0
0.50925 	 0.18925 	 0 	 0
0.5095 	 0.1895 	 0 	 0
0.50975 	 0.18975 	 0 	 0
0.51 	 0.19 	 0 	 0
0.51025 	 0.19025 	 0 	 0
0.5105 	 0.1905 	 0 	 0
0.51075 	 0.19075 	 0 	 0
0.511 	 0.191 	 0 	 0
0.51125 	 0.19125 	 0 	 0
0.5115 	 0.1915 	 0 	 0
0.51175 	 0.19175 	 0 	 0
0.512 	 0.192 	 0 	 0
0.51225 	 0.19225 	 0 	 0
0.5125 	 0.1925 	 0 	 0
0.51275 	 0.19275 	 0 	 0
0.513 	 0.193 	 0 	 0
0.51325 	 0.19325 	 0 	 0
0.5135 	 0.1935 	 0 	 0
0.51375 	 0.19375 	 0 	 0
0.514 	 0.194 	 0 	 0
0.51425 	 0.19425 	 0 	 0
0.5145 	 0.1945 	 0 	 0
0.51475 	 0.19475 	 0 	 0
0.515 	 0.195 	 0 	 0
0.51525 	 0.19525 	 0 	 0
0.5155 	 0.1955 	 0 	 0
0.51575 	 0.19575 	 0 	 0
0.516 	 0.196 	 0 	 0
0.51625 	 0.19625 	 0 	 0
0.5165 	 0.1965 	 0 	 0
0.51675 	 0.19675 	 0 	 0
0.517 	 0.197 	 0 	 0
0.51725 	 0.19725 	 0 	 0
0.5175 	 0.1975 	 0 	 0
0.51775 	 0.19775 	 0 	 0
0.518 	 0.198 	 0 	 0
0.51825 	 0.19825 	 0 	 0
0.5185 	 0.1985 	 0 	 0
0.51875 	 0.19875 	 0 	 0
0.519 	 0.199 	 0 	 0
0.51925 	 0.19925 	 0 	 0
0.5195 	 0.1995 	 0 	 0
0.51975 	 0.19975 	 0 	 0
0.52 	 0.2 	 0 	 0
0.52025 	 0.20025 	 0 	 0
0.5205 	 0.2005 	 0 	 0
0.52075 	 0.20075 	 0 	 0
0.521 	 0.201 	 0 	 0
0.52125 	 0.20125 	 0 	 0
0.5215 	 0.2015 	 0 	 0
0.52175 	 0.20175 	 0 	 0
0.522 	 0.202 	 0 	 0
0.52225 	 0.20225 	 0 	 0
0.5225 	 0.2025 	 0 	 0
0.52275 	 0.20275 	 0 	 0
0.523 	 0.203 	 0 	 0
0.52325 	 0.20325 	 0 	 0
0.5235 	 0.2035 	 0 	 0
0.52375 	 0.20375 	 0 	 0
0.524 	 0.204 	 0 	 0
0.52425 	 0.20425 	 0 	 0
0.5245 	 0.2045 	 0 	 0
0.52475 	 0.20475 	 0 	 0
0.525 	 0.205 	 0 	 0
0.52525 	 0.20525 	 0 	 0
0.5255 	 0.2055 	 0 	 0
0.52575 	 0.20575 	 0 	 0
0.526 	 0.206 	 0 	 0
0.52625 	 0.20625 	 0 	 0
0.5265 	 0.2065 	 0 	 0
0.52675 	 0.20675 	 0 	 0
0.527 	 0.207 	 0 	 0
0.52725 	 0.20725 	 0 	 0
0.5275 	 0.2075 	 0 	 0
0.52775 	 0.20775 	 0 	 0
0.528 	 0.208 	 0 	 0
0.52825 	 0.20825 	 0 	 0
0.5285 	 0.2085 	 0 	 0
0.52875 	 0.20875 	 0 	 0
0.529 	 0.209 	 0 	 0
0.52925 	 0.20925 	 0 	 0
0.5295 	 0.2095 	 0 	 0
0.52975 	 0.20975 	 0 	 0
0.53 	 0.21 	 0 	 0
0.53025 	 0.21025 	 0 	 0
0.5305 	 0.2105 	 0 	 0
0.53075 	 0.21075 	 0 	 0
0.531 	 0.211 	 0 	 0
0.53125 	 0.21125 	 0 	 0
0.5315 	 0.2115 	 0 	 0
0.53175 	 0.21175 	 0 	 0
0.532 	 0.212 	 0 	 0
