# FILE:  main_ispGauss_DGaO2016.py
# TIME:  Tue May 10 08:28:16 2016
# COMPUTATIONAL DOMAIN ----------------------------------------
# zMax   = 0.15
# rhoMax = 0.25
# Nz     = 600
# Nrho   = 5000
# Nphi   = 36
# LAYER PROPERTIES --------------------------------------------
# zIni   = 0.0
# zFin   = 0.1
# ma     = 20.0
# c0      = 1.0
# BEAM PARAMETERS ---------------------------------------------
# a    = 0.1
# MEASUREMENT PARAMETERS --------------------------------------
# zD   = -0.28
# dw   = 0.005
# OPTOACOUSTIC PARAMETERS -------------------------------------
# wD   = 56.0
# D    = 2.8
# SIMULATION RESULTS ------------------------------------------
# (t) 	 (c tau) 	 (p0(ctau)) 	 (p(rD,t))
0 	 -0.28 	 0 	 0
0.00025 	 -0.27975 	 0 	 0
0.0005 	 -0.2795 	 0 	 0
0.00075 	 -0.27925 	 0 	 0
0.001 	 -0.279 	 0 	 0
0.00125 	 -0.27875 	 0 	 0
0.0015 	 -0.2785 	 0 	 0
0.00175 	 -0.27825 	 0 	 0
0.002 	 -0.278 	 0 	 0
0.00225 	 -0.27775 	 0 	 0
0.0025 	 -0.2775 	 0 	 0
0.00275 	 -0.27725 	 0 	 0
0.003 	 -0.277 	 0 	 0
0.00325 	 -0.27675 	 0 	 0
0.0035 	 -0.2765 	 0 	 0
0.00375 	 -0.27625 	 0 	 0
0.004 	 -0.276 	 0 	 0
0.00425 	 -0.27575 	 0 	 0
0.0045 	 -0.2755 	 0 	 0
0.00475 	 -0.27525 	 0 	 0
0.005 	 -0.275 	 0 	 0
0.00525 	 -0.27475 	 0 	 0
0.0055 	 -0.2745 	 0 	 0
0.00575 	 -0.27425 	 0 	 0
0.006 	 -0.274 	 0 	 0
0.00625 	 -0.27375 	 0 	 0
0.0065 	 -0.2735 	 0 	 0
0.00675 	 -0.27325 	 0 	 0
0.007 	 -0.273 	 0 	 0
0.00725 	 -0.27275 	 0 	 0
0.0075 	 -0.2725 	 0 	 0
0.00775 	 -0.27225 	 0 	 0
0.008 	 -0.272 	 0 	 0
0.00825 	 -0.27175 	 0 	 0
0.0085 	 -0.2715 	 0 	 0
0.00875 	 -0.27125 	 0 	 0
0.009 	 -0.271 	 0 	 0
0.00925 	 -0.27075 	 0 	 0
0.0095 	 -0.2705 	 0 	 0
0.00975 	 -0.27025 	 0 	 0
0.01 	 -0.27 	 0 	 0
0.01025 	 -0.26975 	 0 	 0
0.0105 	 -0.2695 	 0 	 0
0.01075 	 -0.26925 	 0 	 0
0.011 	 -0.269 	 0 	 0
0.01125 	 -0.26875 	 0 	 0
0.0115 	 -0.2685 	 0 	 0
0.01175 	 -0.26825 	 0 	 0
0.012 	 -0.268 	 0 	 0
0.01225 	 -0.26775 	 0 	 0
0.0125 	 -0.2675 	 0 	 0
0.01275 	 -0.26725 	 0 	 0
0.013 	 -0.267 	 0 	 0
0.01325 	 -0.26675 	 0 	 0
0.0135 	 -0.2665 	 0 	 0
0.01375 	 -0.26625 	 0 	 0
0.014 	 -0.266 	 0 	 0
0.01425 	 -0.26575 	 0 	 0
0.0145 	 -0.2655 	 0 	 0
0.01475 	 -0.26525 	 0 	 0
0.015 	 -0.265 	 0 	 0
0.01525 	 -0.26475 	 0 	 0
0.0155 	 -0.2645 	 0 	 0
0.01575 	 -0.26425 	 0 	 0
0.016 	 -0.264 	 0 	 0
0.01625 	 -0.26375 	 0 	 0
0.0165 	 -0.2635 	 0 	 0
0.01675 	 -0.26325 	 0 	 0
0.017 	 -0.263 	 0 	 0
0.01725 	 -0.26275 	 0 	 0
0.0175 	 -0.2625 	 0 	 0
0.01775 	 -0.26225 	 0 	 0
0.018 	 -0.262 	 0 	 0
0.01825 	 -0.26175 	 0 	 0
0.0185 	 -0.2615 	 0 	 0
0.01875 	 -0.26125 	 0 	 0
0.019 	 -0.261 	 0 	 0
0.01925 	 -0.26075 	 0 	 0
0.0195 	 -0.2605 	 0 	 0
0.01975 	 -0.26025 	 0 	 0
0.02 	 -0.26 	 0 	 0
0.02025 	 -0.25975 	 0 	 0
0.0205 	 -0.2595 	 0 	 0
0.02075 	 -0.25925 	 0 	 0
0.021 	 -0.259 	 0 	 0
0.02125 	 -0.25875 	 0 	 0
0.0215 	 -0.2585 	 0 	 0
0.02175 	 -0.25825 	 0 	 0
0.022 	 -0.258 	 0 	 0
0.02225 	 -0.25775 	 0 	 0
0.0225 	 -0.2575 	 0 	 0
0.02275 	 -0.25725 	 0 	 0
0.023 	 -0.257 	 0 	 0
0.02325 	 -0.25675 	 0 	 0
0.0235 	 -0.2565 	 0 	 0
0.02375 	 -0.25625 	 0 	 0
0.024 	 -0.256 	 0 	 0
0.02425 	 -0.25575 	 0 	 0
0.0245 	 -0.2555 	 0 	 0
0.02475 	 -0.25525 	 0 	 0
0.025 	 -0.255 	 0 	 0
0.02525 	 -0.25475 	 0 	 0
0.0255 	 -0.2545 	 0 	 0
0.02575 	 -0.25425 	 0 	 0
0.026 	 -0.254 	 0 	 0
0.02625 	 -0.25375 	 0 	 0
0.0265 	 -0.2535 	 0 	 0
0.02675 	 -0.25325 	 0 	 0
0.027 	 -0.253 	 0 	 0
0.02725 	 -0.25275 	 0 	 0
0.0275 	 -0.2525 	 0 	 0
0.02775 	 -0.25225 	 0 	 0
0.028 	 -0.252 	 0 	 0
0.02825 	 -0.25175 	 0 	 0
0.0285 	 -0.2515 	 0 	 0
0.02875 	 -0.25125 	 0 	 0
0.029 	 -0.251 	 0 	 0
0.02925 	 -0.25075 	 0 	 0
0.0295 	 -0.2505 	 0 	 0
0.02975 	 -0.25025 	 0 	 0
0.03 	 -0.25 	 0 	 0
0.03025 	 -0.24975 	 0 	 0
0.0305 	 -0.2495 	 0 	 0
0.03075 	 -0.24925 	 0 	 0
0.031 	 -0.249 	 0 	 0
0.03125 	 -0.24875 	 0 	 0
0.0315 	 -0.2485 	 0 	 0
0.03175 	 -0.24825 	 0 	 0
0.032 	 -0.248 	 0 	 0
0.03225 	 -0.24775 	 0 	 0
0.0325 	 -0.2475 	 0 	 0
0.03275 	 -0.24725 	 0 	 0
0.033 	 -0.247 	 0 	 0
0.03325 	 -0.24675 	 0 	 0
0.0335 	 -0.2465 	 0 	 0
0.03375 	 -0.24625 	 0 	 0
0.034 	 -0.246 	 0 	 0
0.03425 	 -0.24575 	 0 	 0
0.0345 	 -0.2455 	 0 	 0
0.03475 	 -0.24525 	 0 	 0
0.035 	 -0.245 	 0 	 0
0.03525 	 -0.24475 	 0 	 0
0.0355 	 -0.2445 	 0 	 0
0.03575 	 -0.24425 	 0 	 0
0.036 	 -0.244 	 0 	 0
0.03625 	 -0.24375 	 0 	 0
0.0365 	 -0.2435 	 0 	 0
0.03675 	 -0.24325 	 0 	 0
0.037 	 -0.243 	 0 	 0
0.03725 	 -0.24275 	 0 	 0
0.0375 	 -0.2425 	 0 	 0
0.03775 	 -0.24225 	 0 	 0
0.038 	 -0.242 	 0 	 0
0.03825 	 -0.24175 	 0 	 0
0.0385 	 -0.2415 	 0 	 0
0.03875 	 -0.24125 	 0 	 0
0.039 	 -0.241 	 0 	 0
0.03925 	 -0.24075 	 0 	 0
0.0395 	 -0.2405 	 0 	 0
0.03975 	 -0.24025 	 0 	 0
0.04 	 -0.24 	 0 	 0
0.04025 	 -0.23975 	 0 	 0
0.0405 	 -0.2395 	 0 	 0
0.04075 	 -0.23925 	 0 	 0
0.041 	 -0.239 	 0 	 0
0.04125 	 -0.23875 	 0 	 0
0.0415 	 -0.2385 	 0 	 0
0.04175 	 -0.23825 	 0 	 0
0.042 	 -0.238 	 0 	 0
0.04225 	 -0.23775 	 0 	 0
0.0425 	 -0.2375 	 0 	 0
0.04275 	 -0.23725 	 0 	 0
0.043 	 -0.237 	 0 	 0
0.04325 	 -0.23675 	 0 	 0
0.0435 	 -0.2365 	 0 	 0
0.04375 	 -0.23625 	 0 	 0
0.044 	 -0.236 	 0 	 0
0.04425 	 -0.23575 	 0 	 0
0.0445 	 -0.2355 	 0 	 0
0.04475 	 -0.23525 	 0 	 0
0.045 	 -0.235 	 0 	 0
0.04525 	 -0.23475 	 0 	 0
0.0455 	 -0.2345 	 0 	 0
0.04575 	 -0.23425 	 0 	 0
0.046 	 -0.234 	 0 	 0
0.04625 	 -0.23375 	 0 	 0
0.0465 	 -0.2335 	 0 	 0
0.04675 	 -0.23325 	 0 	 0
0.047 	 -0.233 	 0 	 0
0.04725 	 -0.23275 	 0 	 0
0.0475 	 -0.2325 	 0 	 0
0.04775 	 -0.23225 	 0 	 0
0.048 	 -0.232 	 0 	 0
0.04825 	 -0.23175 	 0 	 0
0.0485 	 -0.2315 	 0 	 0
0.04875 	 -0.23125 	 0 	 0
0.049 	 -0.231 	 0 	 0
0.04925 	 -0.23075 	 0 	 0
0.0495 	 -0.2305 	 0 	 0
0.04975 	 -0.23025 	 0 	 0
0.05 	 -0.23 	 0 	 0
0.05025 	 -0.22975 	 0 	 0
0.0505 	 -0.2295 	 0 	 0
0.05075 	 -0.22925 	 0 	 0
0.051 	 -0.229 	 0 	 0
0.05125 	 -0.22875 	 0 	 0
0.0515 	 -0.2285 	 0 	 0
0.05175 	 -0.22825 	 0 	 0
0.052 	 -0.228 	 0 	 0
0.05225 	 -0.22775 	 0 	 0
0.0525 	 -0.2275 	 0 	 0
0.05275 	 -0.22725 	 0 	 0
0.053 	 -0.227 	 0 	 0
0.05325 	 -0.22675 	 0 	 0
0.0535 	 -0.2265 	 0 	 0
0.05375 	 -0.22625 	 0 	 0
0.054 	 -0.226 	 0 	 0
0.05425 	 -0.22575 	 0 	 0
0.0545 	 -0.2255 	 0 	 0
0.05475 	 -0.22525 	 0 	 0
0.055 	 -0.225 	 0 	 0
0.05525 	 -0.22475 	 0 	 0
0.0555 	 -0.2245 	 0 	 0
0.05575 	 -0.22425 	 0 	 0
0.056 	 -0.224 	 0 	 0
0.05625 	 -0.22375 	 0 	 0
0.0565 	 -0.2235 	 0 	 0
0.05675 	 -0.22325 	 0 	 0
0.057 	 -0.223 	 0 	 0
0.05725 	 -0.22275 	 0 	 0
0.0575 	 -0.2225 	 0 	 0
0.05775 	 -0.22225 	 0 	 0
0.058 	 -0.222 	 0 	 0
0.05825 	 -0.22175 	 0 	 0
0.0585 	 -0.2215 	 0 	 0
0.05875 	 -0.22125 	 0 	 0
0.059 	 -0.221 	 0 	 0
0.05925 	 -0.22075 	 0 	 0
0.0595 	 -0.2205 	 0 	 0
0.05975 	 -0.22025 	 0 	 0
0.06 	 -0.22 	 0 	 0
0.06025 	 -0.21975 	 0 	 0
0.0605 	 -0.2195 	 0 	 0
0.06075 	 -0.21925 	 0 	 0
0.061 	 -0.219 	 0 	 0
0.06125 	 -0.21875 	 0 	 0
0.0615 	 -0.2185 	 0 	 0
0.06175 	 -0.21825 	 0 	 0
0.062 	 -0.218 	 0 	 0
0.06225 	 -0.21775 	 0 	 0
0.0625 	 -0.2175 	 0 	 0
0.06275 	 -0.21725 	 0 	 0
0.063 	 -0.217 	 0 	 0
0.06325 	 -0.21675 	 0 	 0
0.0635 	 -0.2165 	 0 	 0
0.06375 	 -0.21625 	 0 	 0
0.064 	 -0.216 	 0 	 0
0.06425 	 -0.21575 	 0 	 0
0.0645 	 -0.2155 	 0 	 0
0.06475 	 -0.21525 	 0 	 0
0.065 	 -0.215 	 0 	 0
0.06525 	 -0.21475 	 0 	 0
0.0655 	 -0.2145 	 0 	 0
0.06575 	 -0.21425 	 0 	 0
0.066 	 -0.214 	 0 	 0
0.06625 	 -0.21375 	 0 	 0
0.0665 	 -0.2135 	 0 	 0
0.06675 	 -0.21325 	 0 	 0
0.067 	 -0.213 	 0 	 0
0.06725 	 -0.21275 	 0 	 0
0.0675 	 -0.2125 	 0 	 0
0.06775 	 -0.21225 	 0 	 0
0.068 	 -0.212 	 0 	 0
0.06825 	 -0.21175 	 0 	 0
0.0685 	 -0.2115 	 0 	 0
0.06875 	 -0.21125 	 0 	 0
0.069 	 -0.211 	 0 	 0
0.06925 	 -0.21075 	 0 	 0
0.0695 	 -0.2105 	 0 	 0
0.06975 	 -0.21025 	 0 	 0
0.07 	 -0.21 	 0 	 0
0.07025 	 -0.20975 	 0 	 0
0.0705 	 -0.2095 	 0 	 0
0.07075 	 -0.20925 	 0 	 0
0.071 	 -0.209 	 0 	 0
0.07125 	 -0.20875 	 0 	 0
0.0715 	 -0.2085 	 0 	 0
0.07175 	 -0.20825 	 0 	 0
0.072 	 -0.208 	 0 	 0
0.07225 	 -0.20775 	 0 	 0
0.0725 	 -0.2075 	 0 	 0
0.07275 	 -0.20725 	 0 	 0
0.073 	 -0.207 	 0 	 0
0.07325 	 -0.20675 	 0 	 0
0.0735 	 -0.2065 	 0 	 0
0.07375 	 -0.20625 	 0 	 0
0.074 	 -0.206 	 0 	 0
0.07425 	 -0.20575 	 0 	 0
0.0745 	 -0.2055 	 0 	 0
0.07475 	 -0.20525 	 0 	 0
0.075 	 -0.205 	 0 	 0
0.07525 	 -0.20475 	 0 	 0
0.0755 	 -0.2045 	 0 	 0
0.07575 	 -0.20425 	 0 	 0
0.076 	 -0.204 	 0 	 0
0.07625 	 -0.20375 	 0 	 0
0.0765 	 -0.2035 	 0 	 0
0.07675 	 -0.20325 	 0 	 0
0.077 	 -0.203 	 0 	 0
0.07725 	 -0.20275 	 0 	 0
0.0775 	 -0.2025 	 0 	 0
0.07775 	 -0.20225 	 0 	 0
0.078 	 -0.202 	 0 	 0
0.07825 	 -0.20175 	 0 	 0
0.0785 	 -0.2015 	 0 	 0
0.07875 	 -0.20125 	 0 	 0
0.079 	 -0.201 	 0 	 0
0.07925 	 -0.20075 	 0 	 0
0.0795 	 -0.2005 	 0 	 0
0.07975 	 -0.20025 	 0 	 0
0.08 	 -0.2 	 0 	 0
0.08025 	 -0.19975 	 0 	 0
0.0805 	 -0.1995 	 0 	 0
0.08075 	 -0.19925 	 0 	 0
0.081 	 -0.199 	 0 	 0
0.08125 	 -0.19875 	 0 	 0
0.0815 	 -0.1985 	 0 	 0
0.08175 	 -0.19825 	 0 	 0
0.082 	 -0.198 	 0 	 0
0.08225 	 -0.19775 	 0 	 0
0.0825 	 -0.1975 	 0 	 0
0.08275 	 -0.19725 	 0 	 0
0.083 	 -0.197 	 0 	 0
0.08325 	 -0.19675 	 0 	 0
0.0835 	 -0.1965 	 0 	 0
0.08375 	 -0.19625 	 0 	 0
0.084 	 -0.196 	 0 	 0
0.08425 	 -0.19575 	 0 	 0
0.0845 	 -0.1955 	 0 	 0
0.08475 	 -0.19525 	 0 	 0
0.085 	 -0.195 	 0 	 0
0.08525 	 -0.19475 	 0 	 0
0.0855 	 -0.1945 	 0 	 0
0.08575 	 -0.19425 	 0 	 0
0.086 	 -0.194 	 0 	 0
0.08625 	 -0.19375 	 0 	 0
0.0865 	 -0.1935 	 0 	 0
0.08675 	 -0.19325 	 0 	 0
0.087 	 -0.193 	 0 	 0
0.08725 	 -0.19275 	 0 	 0
0.0875 	 -0.1925 	 0 	 0
0.08775 	 -0.19225 	 0 	 0
0.088 	 -0.192 	 0 	 0
0.08825 	 -0.19175 	 0 	 0
0.0885 	 -0.1915 	 0 	 0
0.08875 	 -0.19125 	 0 	 0
0.089 	 -0.191 	 0 	 0
0.08925 	 -0.19075 	 0 	 0
0.0895 	 -0.1905 	 0 	 0
0.08975 	 -0.19025 	 0 	 0
0.09 	 -0.19 	 0 	 0
0.09025 	 -0.18975 	 0 	 0
0.0905 	 -0.1895 	 0 	 0
0.09075 	 -0.18925 	 0 	 0
0.091 	 -0.189 	 0 	 0
0.09125 	 -0.18875 	 0 	 0
0.0915 	 -0.1885 	 0 	 0
0.09175 	 -0.18825 	 0 	 0
0.092 	 -0.188 	 0 	 0
0.09225 	 -0.18775 	 0 	 0
0.0925 	 -0.1875 	 0 	 0
0.09275 	 -0.18725 	 0 	 0
0.093 	 -0.187 	 0 	 0
0.09325 	 -0.18675 	 0 	 0
0.0935 	 -0.1865 	 0 	 0
0.09375 	 -0.18625 	 0 	 0
0.094 	 -0.186 	 0 	 0
0.09425 	 -0.18575 	 0 	 0
0.0945 	 -0.1855 	 0 	 0
0.09475 	 -0.18525 	 0 	 0
0.095 	 -0.185 	 0 	 0
0.09525 	 -0.18475 	 0 	 0
0.0955 	 -0.1845 	 0 	 0
0.09575 	 -0.18425 	 0 	 0
0.096 	 -0.184 	 0 	 0
0.09625 	 -0.18375 	 0 	 0
0.0965 	 -0.1835 	 0 	 0
0.09675 	 -0.18325 	 0 	 0
0.097 	 -0.183 	 0 	 0
0.09725 	 -0.18275 	 0 	 0
0.0975 	 -0.1825 	 0 	 0
0.09775 	 -0.18225 	 0 	 0
0.098 	 -0.182 	 0 	 0
0.09825 	 -0.18175 	 0 	 0
0.0985 	 -0.1815 	 0 	 0
0.09875 	 -0.18125 	 0 	 0
0.099 	 -0.181 	 0 	 0
0.09925 	 -0.18075 	 0 	 0
0.0995 	 -0.1805 	 0 	 0
0.09975 	 -0.18025 	 0 	 0
0.1 	 -0.18 	 0 	 0
0.10025 	 -0.17975 	 0 	 0
0.1005 	 -0.1795 	 0 	 0
0.10075 	 -0.17925 	 0 	 0
0.101 	 -0.179 	 0 	 0
0.10125 	 -0.17875 	 0 	 0
0.1015 	 -0.1785 	 0 	 0
0.10175 	 -0.17825 	 0 	 0
0.102 	 -0.178 	 0 	 0
0.10225 	 -0.17775 	 0 	 0
0.1025 	 -0.1775 	 0 	 0
0.10275 	 -0.17725 	 0 	 0
0.103 	 -0.177 	 0 	 0
0.10325 	 -0.17675 	 0 	 0
0.1035 	 -0.1765 	 0 	 0
0.10375 	 -0.17625 	 0 	 0
0.104 	 -0.176 	 0 	 0
0.10425 	 -0.17575 	 0 	 0
0.1045 	 -0.1755 	 0 	 0
0.10475 	 -0.17525 	 0 	 0
0.105 	 -0.175 	 0 	 0
0.10525 	 -0.17475 	 0 	 0
0.1055 	 -0.1745 	 0 	 0
0.10575 	 -0.17425 	 0 	 0
0.106 	 -0.174 	 0 	 0
0.10625 	 -0.17375 	 0 	 0
0.1065 	 -0.1735 	 0 	 0
0.10675 	 -0.17325 	 0 	 0
0.107 	 -0.173 	 0 	 0
0.10725 	 -0.17275 	 0 	 0
0.1075 	 -0.1725 	 0 	 0
0.10775 	 -0.17225 	 0 	 0
0.108 	 -0.172 	 0 	 0
0.10825 	 -0.17175 	 0 	 0
0.1085 	 -0.1715 	 0 	 0
0.10875 	 -0.17125 	 0 	 0
0.109 	 -0.171 	 0 	 0
0.10925 	 -0.17075 	 0 	 0
0.1095 	 -0.1705 	 0 	 0
0.10975 	 -0.17025 	 0 	 0
0.11 	 -0.17 	 0 	 0
0.11025 	 -0.16975 	 0 	 0
0.1105 	 -0.1695 	 0 	 0
0.11075 	 -0.16925 	 0 	 0
0.111 	 -0.169 	 0 	 0
0.11125 	 -0.16875 	 0 	 0
0.1115 	 -0.1685 	 0 	 0
0.11175 	 -0.16825 	 0 	 0
0.112 	 -0.168 	 0 	 0
0.11225 	 -0.16775 	 0 	 0
0.1125 	 -0.1675 	 0 	 0
0.11275 	 -0.16725 	 0 	 0
0.113 	 -0.167 	 0 	 0
0.11325 	 -0.16675 	 0 	 0
0.1135 	 -0.1665 	 0 	 0
0.11375 	 -0.16625 	 0 	 0
0.114 	 -0.166 	 0 	 0
0.11425 	 -0.16575 	 0 	 0
0.1145 	 -0.1655 	 0 	 0
0.11475 	 -0.16525 	 0 	 0
0.115 	 -0.165 	 0 	 0
0.11525 	 -0.16475 	 0 	 0
0.1155 	 -0.1645 	 0 	 0
0.11575 	 -0.16425 	 0 	 0
0.116 	 -0.164 	 0 	 0
0.11625 	 -0.16375 	 0 	 0
0.1165 	 -0.1635 	 0 	 0
0.11675 	 -0.16325 	 0 	 0
0.117 	 -0.163 	 0 	 0
0.11725 	 -0.16275 	 0 	 0
0.1175 	 -0.1625 	 0 	 0
0.11775 	 -0.16225 	 0 	 0
0.118 	 -0.162 	 0 	 0
0.11825 	 -0.16175 	 0 	 0
0.1185 	 -0.1615 	 0 	 0
0.11875 	 -0.16125 	 0 	 0
0.119 	 -0.161 	 0 	 0
0.11925 	 -0.16075 	 0 	 0
0.1195 	 -0.1605 	 0 	 0
0.11975 	 -0.16025 	 0 	 0
0.12 	 -0.16 	 0 	 0
0.12025 	 -0.15975 	 0 	 0
0.1205 	 -0.1595 	 0 	 0
0.12075 	 -0.15925 	 0 	 0
0.121 	 -0.159 	 0 	 0
0.12125 	 -0.15875 	 0 	 0
0.1215 	 -0.1585 	 0 	 0
0.12175 	 -0.15825 	 0 	 0
0.122 	 -0.158 	 0 	 0
0.12225 	 -0.15775 	 0 	 0
0.1225 	 -0.1575 	 0 	 0
0.12275 	 -0.15725 	 0 	 0
0.123 	 -0.157 	 0 	 0
0.12325 	 -0.15675 	 0 	 0
0.1235 	 -0.1565 	 0 	 0
0.12375 	 -0.15625 	 0 	 0
0.124 	 -0.156 	 0 	 0
0.12425 	 -0.15575 	 0 	 0
0.1245 	 -0.1555 	 0 	 0
0.12475 	 -0.15525 	 0 	 0
0.125 	 -0.155 	 0 	 0
0.12525 	 -0.15475 	 0 	 0
0.1255 	 -0.1545 	 0 	 0
0.12575 	 -0.15425 	 0 	 0
0.126 	 -0.154 	 0 	 0
0.12625 	 -0.15375 	 0 	 0
0.1265 	 -0.1535 	 0 	 0
0.12675 	 -0.15325 	 0 	 0
0.127 	 -0.153 	 0 	 0
0.12725 	 -0.15275 	 0 	 0
0.1275 	 -0.1525 	 0 	 0
0.12775 	 -0.15225 	 0 	 0
0.128 	 -0.152 	 0 	 0
0.12825 	 -0.15175 	 0 	 0
0.1285 	 -0.1515 	 0 	 0
0.12875 	 -0.15125 	 0 	 0
0.129 	 -0.151 	 0 	 0
0.12925 	 -0.15075 	 0 	 0
0.1295 	 -0.1505 	 0 	 0
0.12975 	 -0.15025 	 0 	 0
0.13 	 -0.15 	 0 	 0
0.13025 	 -0.14975 	 0 	 0
0.1305 	 -0.1495 	 0 	 0
0.13075 	 -0.14925 	 0 	 0
0.131 	 -0.149 	 0 	 0
0.13125 	 -0.14875 	 0 	 0
0.1315 	 -0.1485 	 0 	 0
0.13175 	 -0.14825 	 0 	 0
0.132 	 -0.148 	 0 	 0
0.13225 	 -0.14775 	 0 	 0
0.1325 	 -0.1475 	 0 	 0
0.13275 	 -0.14725 	 0 	 0
0.133 	 -0.147 	 0 	 0
0.13325 	 -0.14675 	 0 	 0
0.1335 	 -0.1465 	 0 	 0
0.13375 	 -0.14625 	 0 	 0
0.134 	 -0.146 	 0 	 0
0.13425 	 -0.14575 	 0 	 0
0.1345 	 -0.1455 	 0 	 0
0.13475 	 -0.14525 	 0 	 0
0.135 	 -0.145 	 0 	 0
0.13525 	 -0.14475 	 0 	 0
0.1355 	 -0.1445 	 0 	 0
0.13575 	 -0.14425 	 0 	 0
0.136 	 -0.144 	 0 	 0
0.13625 	 -0.14375 	 0 	 0
0.1365 	 -0.1435 	 0 	 0
0.13675 	 -0.14325 	 0 	 0
0.137 	 -0.143 	 0 	 0
0.13725 	 -0.14275 	 0 	 0
0.1375 	 -0.1425 	 0 	 0
0.13775 	 -0.14225 	 0 	 0
0.138 	 -0.142 	 0 	 0
0.13825 	 -0.14175 	 0 	 0
0.1385 	 -0.1415 	 0 	 0
0.13875 	 -0.14125 	 0 	 0
0.139 	 -0.141 	 0 	 0
0.13925 	 -0.14075 	 0 	 0
0.1395 	 -0.1405 	 0 	 0
0.13975 	 -0.14025 	 0 	 0
0.14 	 -0.14 	 0 	 0
0.14025 	 -0.13975 	 0 	 0
0.1405 	 -0.1395 	 0 	 0
0.14075 	 -0.13925 	 0 	 0
0.141 	 -0.139 	 0 	 0
0.14125 	 -0.13875 	 0 	 0
0.1415 	 -0.1385 	 0 	 0
0.14175 	 -0.13825 	 0 	 0
0.142 	 -0.138 	 0 	 0
0.14225 	 -0.13775 	 0 	 0
0.1425 	 -0.1375 	 0 	 0
0.14275 	 -0.13725 	 0 	 0
0.143 	 -0.137 	 0 	 0
0.14325 	 -0.13675 	 0 	 0
0.1435 	 -0.1365 	 0 	 0
0.14375 	 -0.13625 	 0 	 0
0.144 	 -0.136 	 0 	 0
0.14425 	 -0.13575 	 0 	 0
0.1445 	 -0.1355 	 0 	 0
0.14475 	 -0.13525 	 0 	 0
0.145 	 -0.135 	 0 	 0
0.14525 	 -0.13475 	 0 	 0
0.1455 	 -0.1345 	 0 	 0
0.14575 	 -0.13425 	 0 	 0
0.146 	 -0.134 	 0 	 0
0.14625 	 -0.13375 	 0 	 0
0.1465 	 -0.1335 	 0 	 0
0.14675 	 -0.13325 	 0 	 0
0.147 	 -0.133 	 0 	 0
0.14725 	 -0.13275 	 0 	 0
0.1475 	 -0.1325 	 0 	 0
0.14775 	 -0.13225 	 0 	 0
0.148 	 -0.132 	 0 	 0
0.14825 	 -0.13175 	 0 	 0
0.1485 	 -0.1315 	 0 	 0
0.14875 	 -0.13125 	 0 	 0
0.149 	 -0.131 	 0 	 0
0.14925 	 -0.13075 	 0 	 0
0.1495 	 -0.1305 	 0 	 0
0.14975 	 -0.13025 	 0 	 0
0.15 	 -0.13 	 0 	 0
0.15025 	 -0.12975 	 0 	 0
0.1505 	 -0.1295 	 0 	 0
0.15075 	 -0.12925 	 0 	 0
0.151 	 -0.129 	 0 	 0
0.15125 	 -0.12875 	 0 	 0
0.1515 	 -0.1285 	 0 	 0
0.15175 	 -0.12825 	 0 	 0
0.152 	 -0.128 	 0 	 0
0.15225 	 -0.12775 	 0 	 0
0.1525 	 -0.1275 	 0 	 0
0.15275 	 -0.12725 	 0 	 0
0.153 	 -0.127 	 0 	 0
0.15325 	 -0.12675 	 0 	 0
0.1535 	 -0.1265 	 0 	 0
0.15375 	 -0.12625 	 0 	 0
0.154 	 -0.126 	 0 	 0
0.15425 	 -0.12575 	 0 	 0
0.1545 	 -0.1255 	 0 	 0
0.15475 	 -0.12525 	 0 	 0
0.155 	 -0.125 	 0 	 0
0.15525 	 -0.12475 	 0 	 0
0.1555 	 -0.1245 	 0 	 0
0.15575 	 -0.12425 	 0 	 0
0.156 	 -0.124 	 0 	 0
0.15625 	 -0.12375 	 0 	 0
0.1565 	 -0.1235 	 0 	 0
0.15675 	 -0.12325 	 0 	 0
0.157 	 -0.123 	 0 	 0
0.15725 	 -0.12275 	 0 	 0
0.1575 	 -0.1225 	 0 	 0
0.15775 	 -0.12225 	 0 	 0
0.158 	 -0.122 	 0 	 0
0.15825 	 -0.12175 	 0 	 0
0.1585 	 -0.1215 	 0 	 0
0.15875 	 -0.12125 	 0 	 0
0.159 	 -0.121 	 0 	 0
0.15925 	 -0.12075 	 0 	 0
0.1595 	 -0.1205 	 0 	 0
0.15975 	 -0.12025 	 0 	 0
0.16 	 -0.12 	 0 	 0
0.16025 	 -0.11975 	 0 	 0
0.1605 	 -0.1195 	 0 	 0
0.16075 	 -0.11925 	 0 	 0
0.161 	 -0.119 	 0 	 0
0.16125 	 -0.11875 	 0 	 0
0.1615 	 -0.1185 	 0 	 0
0.16175 	 -0.11825 	 0 	 0
0.162 	 -0.118 	 0 	 0
0.16225 	 -0.11775 	 0 	 0
0.1625 	 -0.1175 	 0 	 0
0.16275 	 -0.11725 	 0 	 0
0.163 	 -0.117 	 0 	 0
0.16325 	 -0.11675 	 0 	 0
0.1635 	 -0.1165 	 0 	 0
0.16375 	 -0.11625 	 0 	 0
0.164 	 -0.116 	 0 	 0
0.16425 	 -0.11575 	 0 	 0
0.1645 	 -0.1155 	 0 	 0
0.16475 	 -0.11525 	 0 	 0
0.165 	 -0.115 	 0 	 0
0.16525 	 -0.11475 	 0 	 0
0.1655 	 -0.1145 	 0 	 0
0.16575 	 -0.11425 	 0 	 0
0.166 	 -0.114 	 0 	 0
0.16625 	 -0.11375 	 0 	 0
0.1665 	 -0.1135 	 0 	 0
0.16675 	 -0.11325 	 0 	 0
0.167 	 -0.113 	 0 	 0
0.16725 	 -0.11275 	 0 	 0
0.1675 	 -0.1125 	 0 	 0
0.16775 	 -0.11225 	 0 	 0
0.168 	 -0.112 	 0 	 0
0.16825 	 -0.11175 	 0 	 0
0.1685 	 -0.1115 	 0 	 0
0.16875 	 -0.11125 	 0 	 0
0.169 	 -0.111 	 0 	 0
0.16925 	 -0.11075 	 0 	 0
0.1695 	 -0.1105 	 0 	 0
0.16975 	 -0.11025 	 0 	 0
0.17 	 -0.11 	 0 	 0
0.17025 	 -0.10975 	 0 	 0
0.1705 	 -0.1095 	 0 	 0
0.17075 	 -0.10925 	 0 	 0
0.171 	 -0.109 	 0 	 0
0.17125 	 -0.10875 	 0 	 0
0.1715 	 -0.1085 	 0 	 0
0.17175 	 -0.10825 	 0 	 0
0.172 	 -0.108 	 0 	 0
0.17225 	 -0.10775 	 0 	 0
0.1725 	 -0.1075 	 0 	 0
0.17275 	 -0.10725 	 0 	 0
0.173 	 -0.107 	 0 	 0
0.17325 	 -0.10675 	 0 	 0
0.1735 	 -0.1065 	 0 	 0
0.17375 	 -0.10625 	 0 	 0
0.174 	 -0.106 	 0 	 0
0.17425 	 -0.10575 	 0 	 0
0.1745 	 -0.1055 	 0 	 0
0.17475 	 -0.10525 	 0 	 0
0.175 	 -0.105 	 0 	 0
0.17525 	 -0.10475 	 0 	 0
0.1755 	 -0.1045 	 0 	 0
0.17575 	 -0.10425 	 0 	 0
0.176 	 -0.104 	 0 	 0
0.17625 	 -0.10375 	 0 	 0
0.1765 	 -0.1035 	 0 	 0
0.17675 	 -0.10325 	 0 	 0
0.177 	 -0.103 	 0 	 0
0.17725 	 -0.10275 	 0 	 0
0.1775 	 -0.1025 	 0 	 0
0.17775 	 -0.10225 	 0 	 0
0.178 	 -0.102 	 0 	 0
0.17825 	 -0.10175 	 0 	 0
0.1785 	 -0.1015 	 0 	 0
0.17875 	 -0.10125 	 0 	 0
0.179 	 -0.101 	 0 	 0
0.17925 	 -0.10075 	 0 	 0
0.1795 	 -0.1005 	 0 	 0
0.17975 	 -0.10025 	 0 	 0
0.18 	 -0.1 	 0 	 0
0.18025 	 -0.09975 	 0 	 0
0.1805 	 -0.0995 	 0 	 0
0.18075 	 -0.09925 	 0 	 0
0.181 	 -0.099 	 0 	 0
0.18125 	 -0.09875 	 0 	 0
0.1815 	 -0.0985 	 0 	 0
0.18175 	 -0.09825 	 0 	 0
0.182 	 -0.098 	 0 	 0
0.18225 	 -0.09775 	 0 	 0
0.1825 	 -0.0975 	 0 	 0
0.18275 	 -0.09725 	 0 	 0
0.183 	 -0.097 	 0 	 0
0.18325 	 -0.09675 	 0 	 0
0.1835 	 -0.0965 	 0 	 0
0.18375 	 -0.09625 	 0 	 0
0.184 	 -0.096 	 0 	 0
0.18425 	 -0.09575 	 0 	 0
0.1845 	 -0.0955 	 0 	 0
0.18475 	 -0.09525 	 0 	 0
0.185 	 -0.095 	 0 	 0
0.18525 	 -0.09475 	 0 	 0
0.1855 	 -0.0945 	 0 	 0
0.18575 	 -0.09425 	 0 	 0
0.186 	 -0.094 	 0 	 0
0.18625 	 -0.09375 	 0 	 0
0.1865 	 -0.0935 	 0 	 0
0.18675 	 -0.09325 	 0 	 0
0.187 	 -0.093 	 0 	 0
0.18725 	 -0.09275 	 0 	 0
0.1875 	 -0.0925 	 0 	 0
0.18775 	 -0.09225 	 0 	 0
0.188 	 -0.092 	 0 	 0
0.18825 	 -0.09175 	 0 	 0
0.1885 	 -0.0915 	 0 	 0
0.18875 	 -0.09125 	 0 	 0
0.189 	 -0.091 	 0 	 0
0.18925 	 -0.09075 	 0 	 0
0.1895 	 -0.0905 	 0 	 0
0.18975 	 -0.09025 	 0 	 0
0.19 	 -0.09 	 0 	 0
0.19025 	 -0.08975 	 0 	 0
0.1905 	 -0.0895 	 0 	 0
0.19075 	 -0.08925 	 0 	 0
0.191 	 -0.089 	 0 	 0
0.19125 	 -0.08875 	 0 	 0
0.1915 	 -0.0885 	 0 	 0
0.19175 	 -0.08825 	 0 	 0
0.192 	 -0.088 	 0 	 0
0.19225 	 -0.08775 	 0 	 0
0.1925 	 -0.0875 	 0 	 0
0.19275 	 -0.08725 	 0 	 0
0.193 	 -0.087 	 0 	 0
0.19325 	 -0.08675 	 0 	 0
0.1935 	 -0.0865 	 0 	 0
0.19375 	 -0.08625 	 0 	 0
0.194 	 -0.086 	 0 	 0
0.19425 	 -0.08575 	 0 	 0
0.1945 	 -0.0855 	 0 	 0
0.19475 	 -0.08525 	 0 	 0
0.195 	 -0.085 	 0 	 0
0.19525 	 -0.08475 	 0 	 0
0.1955 	 -0.0845 	 0 	 0
0.19575 	 -0.08425 	 0 	 0
0.196 	 -0.084 	 0 	 0
0.19625 	 -0.08375 	 0 	 0
0.1965 	 -0.0835 	 0 	 0
0.19675 	 -0.08325 	 0 	 0
0.197 	 -0.083 	 0 	 0
0.19725 	 -0.08275 	 0 	 0
0.1975 	 -0.0825 	 0 	 0
0.19775 	 -0.08225 	 0 	 0
0.198 	 -0.082 	 0 	 0
0.19825 	 -0.08175 	 0 	 0
0.1985 	 -0.0815 	 0 	 0
0.19875 	 -0.08125 	 0 	 0
0.199 	 -0.081 	 0 	 0
0.19925 	 -0.08075 	 0 	 0
0.1995 	 -0.0805 	 0 	 0
0.19975 	 -0.08025 	 0 	 0
0.2 	 -0.08 	 0 	 0
0.20025 	 -0.07975 	 0 	 0
0.2005 	 -0.0795 	 0 	 0
0.20075 	 -0.07925 	 0 	 0
0.201 	 -0.079 	 0 	 0
0.20125 	 -0.07875 	 0 	 0
0.2015 	 -0.0785 	 0 	 0
0.20175 	 -0.07825 	 0 	 0
0.202 	 -0.078 	 0 	 0
0.20225 	 -0.07775 	 0 	 0
0.2025 	 -0.0775 	 0 	 0
0.20275 	 -0.07725 	 0 	 0
0.203 	 -0.077 	 0 	 0
0.20325 	 -0.07675 	 0 	 0
0.2035 	 -0.0765 	 0 	 0
0.20375 	 -0.07625 	 0 	 0
0.204 	 -0.076 	 0 	 0
0.20425 	 -0.07575 	 0 	 0
0.2045 	 -0.0755 	 0 	 0
0.20475 	 -0.07525 	 0 	 0
0.205 	 -0.075 	 0 	 0
0.20525 	 -0.07475 	 0 	 0
0.2055 	 -0.0745 	 0 	 0
0.20575 	 -0.07425 	 0 	 0
0.206 	 -0.074 	 0 	 0
0.20625 	 -0.07375 	 0 	 0
0.2065 	 -0.0735 	 0 	 0
0.20675 	 -0.07325 	 0 	 0
0.207 	 -0.073 	 0 	 0
0.20725 	 -0.07275 	 0 	 0
0.2075 	 -0.0725 	 0 	 0
0.20775 	 -0.07225 	 0 	 0
0.208 	 -0.072 	 0 	 0
0.20825 	 -0.07175 	 0 	 0
0.2085 	 -0.0715 	 0 	 0
0.20875 	 -0.07125 	 0 	 0
0.209 	 -0.071 	 0 	 0
0.20925 	 -0.07075 	 0 	 0
0.2095 	 -0.0705 	 0 	 0
0.20975 	 -0.07025 	 0 	 0
0.21 	 -0.07 	 0 	 0
0.21025 	 -0.06975 	 0 	 0
0.2105 	 -0.0695 	 0 	 0
0.21075 	 -0.06925 	 0 	 0
0.211 	 -0.069 	 0 	 0
0.21125 	 -0.06875 	 0 	 0
0.2115 	 -0.0685 	 0 	 0
0.21175 	 -0.06825 	 0 	 0
0.212 	 -0.068 	 0 	 0
0.21225 	 -0.06775 	 0 	 0
0.2125 	 -0.0675 	 0 	 0
0.21275 	 -0.06725 	 0 	 0
0.213 	 -0.067 	 0 	 0
0.21325 	 -0.06675 	 0 	 0
0.2135 	 -0.0665 	 0 	 0
0.21375 	 -0.06625 	 0 	 0
0.214 	 -0.066 	 0 	 0
0.21425 	 -0.06575 	 0 	 0
0.2145 	 -0.0655 	 0 	 0
0.21475 	 -0.06525 	 0 	 0
0.215 	 -0.065 	 0 	 0
0.21525 	 -0.06475 	 0 	 0
0.2155 	 -0.0645 	 0 	 0
0.21575 	 -0.06425 	 0 	 0
0.216 	 -0.064 	 0 	 0
0.21625 	 -0.06375 	 0 	 0
0.2165 	 -0.0635 	 0 	 0
0.21675 	 -0.06325 	 0 	 0
0.217 	 -0.063 	 0 	 0
0.21725 	 -0.06275 	 0 	 0
0.2175 	 -0.0625 	 0 	 0
0.21775 	 -0.06225 	 0 	 0
0.218 	 -0.062 	 0 	 0
0.21825 	 -0.06175 	 0 	 0
0.2185 	 -0.0615 	 0 	 0
0.21875 	 -0.06125 	 0 	 0
0.219 	 -0.061 	 0 	 0
0.21925 	 -0.06075 	 0 	 0
0.2195 	 -0.0605 	 0 	 0
0.21975 	 -0.06025 	 0 	 0
0.22 	 -0.06 	 0 	 0
0.22025 	 -0.05975 	 0 	 0
0.2205 	 -0.0595 	 0 	 0
0.22075 	 -0.05925 	 0 	 0
0.221 	 -0.059 	 0 	 0
0.22125 	 -0.05875 	 0 	 0
0.2215 	 -0.0585 	 0 	 0
0.22175 	 -0.05825 	 0 	 0
0.222 	 -0.058 	 0 	 0
0.22225 	 -0.05775 	 0 	 0
0.2225 	 -0.0575 	 0 	 0
0.22275 	 -0.05725 	 0 	 0
0.223 	 -0.057 	 0 	 0
0.22325 	 -0.05675 	 0 	 0
0.2235 	 -0.0565 	 0 	 0
0.22375 	 -0.05625 	 0 	 0
0.224 	 -0.056 	 0 	 0
0.22425 	 -0.05575 	 0 	 0
0.2245 	 -0.0555 	 0 	 0
0.22475 	 -0.05525 	 0 	 0
0.225 	 -0.055 	 0 	 0
0.22525 	 -0.05475 	 0 	 0
0.2255 	 -0.0545 	 0 	 0
0.22575 	 -0.05425 	 0 	 0
0.226 	 -0.054 	 0 	 0
0.22625 	 -0.05375 	 0 	 0
0.2265 	 -0.0535 	 0 	 0
0.22675 	 -0.05325 	 0 	 0
0.227 	 -0.053 	 0 	 0
0.22725 	 -0.05275 	 0 	 0
0.2275 	 -0.0525 	 0 	 0
0.22775 	 -0.05225 	 0 	 0
0.228 	 -0.052 	 0 	 0
0.22825 	 -0.05175 	 0 	 0
0.2285 	 -0.0515 	 0 	 0
0.22875 	 -0.05125 	 0 	 0
0.229 	 -0.051 	 0 	 0
0.22925 	 -0.05075 	 0 	 0
0.2295 	 -0.0505 	 0 	 0
0.22975 	 -0.05025 	 0 	 0
0.23 	 -0.05 	 0 	 0
0.23025 	 -0.04975 	 0 	 0
0.2305 	 -0.0495 	 0 	 0
0.23075 	 -0.04925 	 0 	 0
0.231 	 -0.049 	 0 	 0
0.23125 	 -0.04875 	 0 	 0
0.2315 	 -0.0485 	 0 	 0
0.23175 	 -0.04825 	 0 	 0
0.232 	 -0.048 	 0 	 0
0.23225 	 -0.04775 	 0 	 0
0.2325 	 -0.0475 	 0 	 0
0.23275 	 -0.04725 	 0 	 0
0.233 	 -0.047 	 0 	 0
0.23325 	 -0.04675 	 0 	 0
0.2335 	 -0.0465 	 0 	 0
0.23375 	 -0.04625 	 0 	 0
0.234 	 -0.046 	 0 	 0
0.23425 	 -0.04575 	 0 	 0
0.2345 	 -0.0455 	 0 	 0
0.23475 	 -0.04525 	 0 	 0
0.235 	 -0.045 	 0 	 0
0.23525 	 -0.04475 	 0 	 0
0.2355 	 -0.0445 	 0 	 0
0.23575 	 -0.04425 	 0 	 0
0.236 	 -0.044 	 0 	 0
0.23625 	 -0.04375 	 0 	 0
0.2365 	 -0.0435 	 0 	 0
0.23675 	 -0.04325 	 0 	 0
0.237 	 -0.043 	 0 	 0
0.23725 	 -0.04275 	 0 	 0
0.2375 	 -0.0425 	 0 	 0
0.23775 	 -0.04225 	 0 	 0
0.238 	 -0.042 	 0 	 0
0.23825 	 -0.04175 	 0 	 0
0.2385 	 -0.0415 	 0 	 0
0.23875 	 -0.04125 	 0 	 0
0.239 	 -0.041 	 0 	 0
0.23925 	 -0.04075 	 0 	 0
0.2395 	 -0.0405 	 0 	 0
0.23975 	 -0.04025 	 0 	 0
0.24 	 -0.04 	 0 	 0
0.24025 	 -0.03975 	 0 	 0
0.2405 	 -0.0395 	 0 	 0
0.24075 	 -0.03925 	 0 	 0
0.241 	 -0.039 	 0 	 0
0.24125 	 -0.03875 	 0 	 0
0.2415 	 -0.0385 	 0 	 0
0.24175 	 -0.03825 	 0 	 0
0.242 	 -0.038 	 0 	 0
0.24225 	 -0.03775 	 0 	 0
0.2425 	 -0.0375 	 0 	 0
0.24275 	 -0.03725 	 0 	 0
0.243 	 -0.037 	 0 	 0
0.24325 	 -0.03675 	 0 	 0
0.2435 	 -0.0365 	 0 	 0
0.24375 	 -0.03625 	 0 	 0
0.244 	 -0.036 	 0 	 0
0.24425 	 -0.03575 	 0 	 0
0.2445 	 -0.0355 	 0 	 0
0.24475 	 -0.03525 	 0 	 0
0.245 	 -0.035 	 0 	 0
0.24525 	 -0.03475 	 0 	 0
0.2455 	 -0.0345 	 0 	 0
0.24575 	 -0.03425 	 0 	 0
0.246 	 -0.034 	 0 	 0
0.24625 	 -0.03375 	 0 	 0
0.2465 	 -0.0335 	 0 	 0
0.24675 	 -0.03325 	 0 	 0
0.247 	 -0.033 	 0 	 0
0.24725 	 -0.03275 	 0 	 0
0.2475 	 -0.0325 	 0 	 0
0.24775 	 -0.03225 	 0 	 0
0.248 	 -0.032 	 0 	 0
0.24825 	 -0.03175 	 0 	 0
0.2485 	 -0.0315 	 0 	 0
0.24875 	 -0.03125 	 0 	 0
0.249 	 -0.031 	 0 	 0
0.24925 	 -0.03075 	 0 	 0
0.2495 	 -0.0305 	 0 	 0
0.24975 	 -0.03025 	 0 	 0
0.25 	 -0.03 	 0 	 0
0.25025 	 -0.02975 	 0 	 0
0.2505 	 -0.0295 	 0 	 0
0.25075 	 -0.02925 	 0 	 0
0.251 	 -0.029 	 0 	 0
0.25125 	 -0.02875 	 0 	 0
0.2515 	 -0.0285 	 0 	 0
0.25175 	 -0.02825 	 0 	 0
0.252 	 -0.028 	 0 	 0
0.25225 	 -0.02775 	 0 	 0
0.2525 	 -0.0275 	 0 	 0
0.25275 	 -0.02725 	 0 	 0
0.253 	 -0.027 	 0 	 0
0.25325 	 -0.02675 	 0 	 0
0.2535 	 -0.0265 	 0 	 0
0.25375 	 -0.02625 	 0 	 0
0.254 	 -0.026 	 0 	 0
0.25425 	 -0.02575 	 0 	 0
0.2545 	 -0.0255 	 0 	 0
0.25475 	 -0.02525 	 0 	 0
0.255 	 -0.025 	 0 	 0
0.25525 	 -0.02475 	 0 	 0
0.2555 	 -0.0245 	 0 	 0
0.25575 	 -0.02425 	 0 	 0
0.256 	 -0.024 	 0 	 0
0.25625 	 -0.02375 	 0 	 0
0.2565 	 -0.0235 	 0 	 0
0.25675 	 -0.02325 	 0 	 0
0.257 	 -0.023 	 0 	 0
0.25725 	 -0.02275 	 0 	 0
0.2575 	 -0.0225 	 0 	 0
0.25775 	 -0.02225 	 0 	 0
0.258 	 -0.022 	 0 	 0
0.25825 	 -0.02175 	 0 	 0
0.2585 	 -0.0215 	 0 	 0
0.25875 	 -0.02125 	 0 	 0
0.259 	 -0.021 	 0 	 0
0.25925 	 -0.02075 	 0 	 0
0.2595 	 -0.0205 	 0 	 0
0.25975 	 -0.02025 	 0 	 0
0.26 	 -0.02 	 0 	 0
0.26025 	 -0.01975 	 0 	 0
0.2605 	 -0.0195 	 0 	 0
0.26075 	 -0.01925 	 0 	 0
0.261 	 -0.019 	 0 	 0
0.26125 	 -0.01875 	 0 	 0
0.2615 	 -0.0185 	 0 	 0
0.26175 	 -0.01825 	 0 	 0
0.262 	 -0.018 	 0 	 0
0.26225 	 -0.01775 	 0 	 0
0.2625 	 -0.0175 	 0 	 0
0.26275 	 -0.01725 	 0 	 0
0.263 	 -0.017 	 0 	 0
0.26325 	 -0.01675 	 0 	 0
0.2635 	 -0.0165 	 0 	 0
0.26375 	 -0.01625 	 0 	 0
0.264 	 -0.016 	 0 	 0
0.26425 	 -0.01575 	 0 	 0
0.2645 	 -0.0155 	 0 	 0
0.26475 	 -0.01525 	 0 	 0
0.265 	 -0.015 	 0 	 0
0.26525 	 -0.01475 	 0 	 0
0.2655 	 -0.0145 	 0 	 0
0.26575 	 -0.01425 	 0 	 0
0.266 	 -0.014 	 0 	 0
0.26625 	 -0.01375 	 0 	 0
0.2665 	 -0.0135 	 0 	 0
0.26675 	 -0.01325 	 0 	 0
0.267 	 -0.013 	 0 	 0
0.26725 	 -0.01275 	 0 	 0
0.2675 	 -0.0125 	 0 	 0
0.26775 	 -0.01225 	 0 	 0
0.268 	 -0.012 	 0 	 0
0.26825 	 -0.01175 	 0 	 0
0.2685 	 -0.0115 	 0 	 0
0.26875 	 -0.01125 	 0 	 0
0.269 	 -0.011 	 0 	 0
0.26925 	 -0.01075 	 0 	 0
0.2695 	 -0.0105 	 0 	 0
0.26975 	 -0.01025 	 0 	 0
0.27 	 -0.01 	 0 	 0
0.27025 	 -0.00975 	 0 	 0
0.2705 	 -0.0095 	 0 	 0
0.27075 	 -0.00925 	 0 	 0
0.271 	 -0.009 	 0 	 0
0.27125 	 -0.00875 	 0 	 0
0.2715 	 -0.0085 	 0 	 0
0.27175 	 -0.00825 	 0 	 0
0.272 	 -0.008 	 0 	 0
0.27225 	 -0.00775 	 0 	 0
0.2725 	 -0.0075 	 0 	 0
0.27275 	 -0.00725 	 0 	 0
0.273 	 -0.007 	 0 	 0
0.27325 	 -0.00675 	 0 	 0
0.2735 	 -0.0065 	 0 	 0
0.27375 	 -0.00625 	 0 	 0
0.274 	 -0.006 	 0 	 0
0.27425 	 -0.00575 	 0 	 0
0.2745 	 -0.0055 	 0 	 0
0.27475 	 -0.00525 	 0 	 0
0.275 	 -0.005 	 0 	 0
0.27525 	 -0.00475 	 0 	 0
0.2755 	 -0.0045 	 0 	 0
0.27575 	 -0.00425 	 0 	 0
0.276 	 -0.004 	 0 	 0
0.27625 	 -0.00375 	 0 	 0
0.2765 	 -0.0035 	 0 	 0
0.27675 	 -0.00325 	 0 	 0
0.277 	 -0.003 	 0 	 0
0.27725 	 -0.00275 	 0 	 3.8932e-05
0.2775 	 -0.0025 	 0 	 0.000116204
0.27775 	 -0.00225 	 0 	 0.000192728
0.278 	 -0.002 	 0 	 0.000268658
0.27825 	 -0.00175 	 0 	 0.000342319
0.2785 	 -0.0015 	 0 	 0.000415262
0.27875 	 -0.00125 	 0 	 0.000488282
0.279 	 -0.001 	 0 	 0.000558892
0.27925 	 -0.00075 	 0 	 0.000628436
0.2795 	 -0.0005 	 0 	 0.000697395
0.27975 	 -0.00025 	 0 	 0.000766892
0.28 	 0 	 1 	 0.000834037
0.28025 	 0.00025 	 1 	 0.000899234
0.2805 	 0.0005 	 1 	 0.00096633
0.28075 	 0.00075 	 1 	 0.00103162
0.281 	 0.001 	 1 	 0.00109071
0.28125 	 0.00125 	 1 	 0.0011548
0.2815 	 0.0015 	 1 	 0.00121939
0.28175 	 0.00175 	 1 	 0.00127786
0.282 	 0.002 	 1 	 0.00133844
0.28225 	 0.00225 	 1 	 0.00135954
0.2825 	 0.0025 	 1 	 0.00133771
0.28275 	 0.00275 	 1 	 0.00131585
0.283 	 0.003 	 1 	 0.00130322
0.28325 	 0.00325 	 1 	 0.0012858
0.2835 	 0.0035 	 1 	 0.00126496
0.28375 	 0.00375 	 1 	 0.00124762
0.284 	 0.004 	 1 	 0.00122414
0.28425 	 0.00425 	 1 	 0.00121048
0.2845 	 0.0045 	 1 	 0.00119716
0.28475 	 0.00475 	 1 	 0.00117401
0.285 	 0.005 	 1 	 0.00115961
0.28525 	 0.00525 	 1 	 0.00114289
0.2855 	 0.0055 	 1 	 0.00112311
0.28575 	 0.00575 	 1 	 0.00110704
0.286 	 0.006 	 1 	 0.00109738
0.28625 	 0.00625 	 1 	 0.001082
0.2865 	 0.0065 	 1 	 0.0010592
0.28675 	 0.00675 	 1 	 0.0010422
0.287 	 0.007 	 1 	 0.00102702
0.28725 	 0.00725 	 1 	 0.00101875
0.2875 	 0.0075 	 1 	 0.00100405
0.28775 	 0.00775 	 1 	 0.000986681
0.288 	 0.008 	 1 	 0.000972652
0.28825 	 0.00825 	 1 	 0.000950908
0.2885 	 0.0085 	 1 	 0.000939616
0.28875 	 0.00875 	 1 	 0.000930044
0.289 	 0.009 	 1 	 0.00091656
0.28925 	 0.00925 	 1 	 0.000898307
0.2895 	 0.0095 	 1 	 0.000886883
0.28975 	 0.00975 	 1 	 0.000879969
0.29 	 0.01 	 1 	 0.000856898
0.29025 	 0.01025 	 1 	 0.000846563
0.2905 	 0.0105 	 1 	 0.000840511
0.29075 	 0.01075 	 1 	 0.000824846
0.291 	 0.011 	 1 	 0.00080603
0.29125 	 0.01125 	 1 	 0.000794606
0.2915 	 0.0115 	 1 	 0.000783715
0.29175 	 0.01175 	 1 	 0.000775168
0.292 	 0.012 	 1 	 0.000766738
0.29225 	 0.01225 	 1 	 0.000743463
0.2925 	 0.0125 	 1 	 0.000735656
0.29275 	 0.01275 	 1 	 0.000730581
0.293 	 0.013 	 1 	 0.000710207
0.29325 	 0.01325 	 1 	 0.00071013
0.2935 	 0.0135 	 1 	 0.00069555
0.29375 	 0.01375 	 1 	 0.000669604
0.294 	 0.014 	 1 	 0.000676929
0.29425 	 0.01425 	 1 	 0.000669354
0.2945 	 0.0145 	 1 	 0.000641731
0.29475 	 0.01475 	 1 	 0.000640228
0.295 	 0.015 	 1 	 0.000639765
0.29525 	 0.01525 	 1 	 0.000617421
0.2955 	 0.0155 	 1 	 0.000601859
0.29575 	 0.01575 	 1 	 0.00059672
0.296 	 0.016 	 1 	 0.000596209
0.29625 	 0.01625 	 1 	 0.000583857
0.2965 	 0.0165 	 1 	 0.00057123
0.29675 	 0.01675 	 1 	 0.00056368
0.297 	 0.017 	 1 	 0.000551283
0.29725 	 0.01725 	 1 	 0.000545848
0.2975 	 0.0175 	 1 	 0.000539051
0.29775 	 0.01775 	 1 	 0.000518252
0.298 	 0.018 	 1 	 0.000513081
0.29825 	 0.01825 	 1 	 0.000514819
0.2985 	 0.0185 	 1 	 0.000503295
0.29875 	 0.01875 	 1 	 0.000499718
0.299 	 0.019 	 1 	 0.000483751
0.29925 	 0.01925 	 1 	 0.000469903
0.2995 	 0.0195 	 1 	 0.000469964
0.29975 	 0.01975 	 1 	 0.00045692
0.3 	 0.02 	 1 	 0.000447872
0.30025 	 0.02025 	 1 	 0.000446903
0.3005 	 0.0205 	 1 	 0.000444795
0.30075 	 0.02075 	 1 	 0.000429327
0.301 	 0.021 	 1 	 0.000416476
0.30125 	 0.02125 	 1 	 0.000420376
0.3015 	 0.0215 	 1 	 0.000406026
0.30175 	 0.02175 	 1 	 0.000397492
0.302 	 0.022 	 1 	 0.000398362
0.30225 	 0.02225 	 1 	 0.000386437
0.3025 	 0.0225 	 1 	 0.00037946
0.30275 	 0.02275 	 1 	 0.000387057
0.303 	 0.023 	 1 	 0.000372566
0.30325 	 0.02325 	 1 	 0.000344018
0.3035 	 0.0235 	 1 	 0.000351292
0.30375 	 0.02375 	 1 	 0.000353561
0.304 	 0.024 	 1 	 0.000334973
0.30425 	 0.02425 	 1 	 0.000337384
0.3045 	 0.0245 	 1 	 0.00033385
0.30475 	 0.02475 	 1 	 0.000325316
0.305 	 0.025 	 1 	 0.000318871
0.30525 	 0.02525 	 1 	 0.000310005
0.3055 	 0.0255 	 1 	 0.000305054
0.30575 	 0.02575 	 1 	 0.000305195
0.306 	 0.026 	 1 	 0.000294507
0.30625 	 0.02625 	 1 	 0.000278595
0.3065 	 0.0265 	 1 	 0.000291296
0.30675 	 0.02675 	 1 	 0.000285691
0.307 	 0.027 	 1 	 0.000267954
0.30725 	 0.02725 	 1 	 0.000264217
0.3075 	 0.0275 	 1 	 0.00026193
0.30775 	 0.02775 	 1 	 0.00025325
0.308 	 0.028 	 1 	 0.000254958
0.30825 	 0.02825 	 1 	 0.000260221
0.3085 	 0.0285 	 1 	 0.000238056
0.30875 	 0.02875 	 1 	 0.000229987
0.309 	 0.029 	 1 	 0.000242507
0.30925 	 0.02925 	 1 	 0.000229522
0.3095 	 0.0295 	 1 	 0.000223751
0.30975 	 0.02975 	 1 	 0.000220633
0.31 	 0.03 	 1 	 0.00021237
0.31025 	 0.03025 	 1 	 0.000210838
0.3105 	 0.0305 	 1 	 0.000204262
0.31075 	 0.03075 	 1 	 0.000202395
0.311 	 0.031 	 1 	 0.000207412
0.31125 	 0.03125 	 1 	 0.000194078
0.3115 	 0.0315 	 1 	 0.000177561
0.31175 	 0.03175 	 1 	 0.000185343
0.312 	 0.032 	 1 	 0.000189249
0.31225 	 0.03225 	 1 	 0.000182026
0.3125 	 0.0325 	 1 	 0.000163381
0.31275 	 0.03275 	 1 	 0.000164604
0.313 	 0.033 	 1 	 0.000170929
0.31325 	 0.03325 	 1 	 0.00016697
0.3135 	 0.0335 	 1 	 0.000166975
0.31375 	 0.03375 	 1 	 0.000153657
0.314 	 0.034 	 1 	 0.000145274
0.31425 	 0.03425 	 1 	 0.000146286
0.3145 	 0.0345 	 1 	 0.000146974
0.31475 	 0.03475 	 1 	 0.000142078
0.315 	 0.035 	 1 	 0.000130939
0.31525 	 0.03525 	 1 	 0.000137852
0.3155 	 0.0355 	 1 	 0.000139538
0.31575 	 0.03575 	 1 	 0.00012436
0.316 	 0.036 	 1 	 0.000113783
0.31625 	 0.03625 	 1 	 0.000128221
0.3165 	 0.0365 	 1 	 0.000130082
0.31675 	 0.03675 	 1 	 0.000113519
0.317 	 0.037 	 1 	 0.000106872
0.31725 	 0.03725 	 1 	 0.000114845
0.3175 	 0.0375 	 1 	 0.000121248
0.31775 	 0.03775 	 1 	 0.000102515
0.318 	 0.038 	 1 	 9.25283e-05
0.31825 	 0.03825 	 1 	 8.85098e-05
0.3185 	 0.0385 	 1 	 9.30733e-05
0.31875 	 0.03875 	 1 	 0.000104588
0.319 	 0.039 	 1 	 9.0071e-05
0.31925 	 0.03925 	 1 	 9.10331e-05
0.3195 	 0.0395 	 1 	 9.05557e-05
0.31975 	 0.03975 	 1 	 7.96672e-05
0.32 	 0.04 	 1 	 8.64729e-05
0.32025 	 0.04025 	 1 	 7.75323e-05
0.3205 	 0.0405 	 1 	 7.25176e-05
0.32075 	 0.04075 	 1 	 7.55134e-05
0.321 	 0.041 	 1 	 7.43817e-05
0.32125 	 0.04125 	 1 	 6.01623e-05
0.3215 	 0.0415 	 1 	 6.41037e-05
0.32175 	 0.04175 	 1 	 6.75694e-05
0.322 	 0.042 	 1 	 5.38777e-05
0.32225 	 0.04225 	 1 	 5.38141e-05
0.3225 	 0.0425 	 1 	 6.58096e-05
0.32275 	 0.04275 	 1 	 6.55847e-05
0.323 	 0.043 	 1 	 5.56158e-05
0.32325 	 0.04325 	 1 	 5.66014e-05
0.3235 	 0.0435 	 1 	 5.2779e-05
0.32375 	 0.04375 	 1 	 4.15356e-05
0.324 	 0.044 	 1 	 4.41375e-05
0.32425 	 0.04425 	 1 	 4.26122e-05
0.3245 	 0.0445 	 1 	 3.60485e-05
0.32475 	 0.04475 	 1 	 3.91574e-05
0.325 	 0.045 	 1 	 4.29606e-05
0.32525 	 0.04525 	 1 	 4.00819e-05
0.3255 	 0.0455 	 1 	 2.68996e-05
0.32575 	 0.04575 	 1 	 3.12458e-05
0.326 	 0.046 	 1 	 3.81521e-05
0.32625 	 0.04625 	 1 	 3.61174e-05
0.3265 	 0.0465 	 1 	 3.01192e-05
0.32675 	 0.04675 	 1 	 2.41183e-05
0.327 	 0.047 	 1 	 2.97224e-05
0.32725 	 0.04725 	 1 	 2.68129e-05
0.3275 	 0.0475 	 1 	 7.06375e-06
0.32775 	 0.04775 	 1 	 1.90983e-05
0.328 	 0.048 	 1 	 2.88083e-05
0.32825 	 0.04825 	 1 	 9.06612e-06
0.3285 	 0.0485 	 1 	 9.25634e-06
0.32875 	 0.04875 	 1 	 2.03569e-05
0.329 	 0.049 	 1 	 2.56392e-05
0.32925 	 0.04925 	 1 	 7.70825e-06
0.3295 	 0.0495 	 1 	 4.93318e-06
0.32975 	 0.04975 	 1 	 1.14897e-05
0.33 	 0.05 	 1 	 4.62734e-06
0.33025 	 0.05025 	 1 	 1.02014e-05
0.3305 	 0.0505 	 1 	 1.31511e-05
0.33075 	 0.05075 	 1 	 3.69313e-06
0.331 	 0.051 	 1 	 -6.01848e-06
0.33125 	 0.05125 	 1 	 -4.40693e-06
0.3315 	 0.0515 	 1 	 2.70817e-06
0.33175 	 0.05175 	 1 	 3.53604e-06
0.332 	 0.052 	 1 	 1.91972e-06
0.33225 	 0.05225 	 1 	 -5.01022e-06
0.3325 	 0.0525 	 1 	 -6.57189e-06
0.33275 	 0.05275 	 1 	 -6.05158e-06
0.333 	 0.053 	 1 	 -1.60163e-05
0.33325 	 0.05325 	 1 	 -2.50635e-06
0.3335 	 0.0535 	 1 	 1.05307e-06
0.33375 	 0.05375 	 1 	 -1.64018e-05
0.334 	 0.054 	 1 	 -2.12969e-05
0.33425 	 0.05425 	 1 	 -6.6758e-07
0.3345 	 0.0545 	 1 	 -2.46703e-06
0.33475 	 0.05475 	 1 	 -2.05539e-05
0.335 	 0.055 	 1 	 -1.6638e-05
0.33525 	 0.05525 	 1 	 -2.08352e-05
0.3355 	 0.0555 	 1 	 -2.13131e-05
0.33575 	 0.05575 	 1 	 -1.28444e-05
0.336 	 0.056 	 1 	 -1.25438e-05
0.33625 	 0.05625 	 1 	 -1.50614e-05
0.3365 	 0.0565 	 1 	 -2.4437e-05
0.33675 	 0.05675 	 1 	 -3.0575e-05
0.337 	 0.057 	 1 	 -2.12548e-05
0.33725 	 0.05725 	 1 	 -1.60544e-05
0.3375 	 0.0575 	 1 	 -1.97202e-05
0.33775 	 0.05775 	 1 	 -2.94675e-05
0.338 	 0.058 	 1 	 -2.18991e-05
0.33825 	 0.05825 	 1 	 -1.98095e-05
0.3385 	 0.0585 	 1 	 -2.80569e-05
0.33875 	 0.05875 	 1 	 -2.24855e-05
0.339 	 0.059 	 1 	 -3.50161e-05
0.33925 	 0.05925 	 1 	 -4.01159e-05
0.3395 	 0.0595 	 1 	 -2.81036e-05
0.33975 	 0.05975 	 1 	 -1.90631e-05
0.34 	 0.06 	 1 	 -2.85341e-05
0.34025 	 0.06025 	 1 	 -3.69251e-05
0.3405 	 0.0605 	 1 	 -2.81785e-05
0.34075 	 0.06075 	 1 	 -3.31156e-05
0.341 	 0.061 	 1 	 -3.66732e-05
0.34125 	 0.06125 	 1 	 -3.08339e-05
0.3415 	 0.0615 	 1 	 -2.69241e-05
0.34175 	 0.06175 	 1 	 -3.12599e-05
0.342 	 0.062 	 1 	 -3.98189e-05
0.34225 	 0.06225 	 1 	 -3.75603e-05
0.3425 	 0.0625 	 1 	 -3.5302e-05
0.34275 	 0.06275 	 1 	 -4.05197e-05
0.343 	 0.063 	 1 	 -3.62986e-05
0.34325 	 0.06325 	 1 	 -4.29323e-05
0.3435 	 0.0635 	 1 	 -4.25333e-05
0.34375 	 0.06375 	 1 	 -3.17304e-05
0.344 	 0.064 	 1 	 -2.98834e-05
0.34425 	 0.06425 	 1 	 -4.19033e-05
0.3445 	 0.0645 	 1 	 -4.82595e-05
0.34475 	 0.06475 	 1 	 -4.45808e-05
0.345 	 0.065 	 1 	 -3.73901e-05
0.34525 	 0.06525 	 1 	 -3.18644e-05
0.3455 	 0.0655 	 1 	 -5.03031e-05
0.34575 	 0.06575 	 1 	 -4.65727e-05
0.346 	 0.066 	 1 	 -3.525e-05
0.34625 	 0.06625 	 1 	 -5.18091e-05
0.3465 	 0.0665 	 1 	 -5.04157e-05
0.34675 	 0.06675 	 1 	 -3.4961e-05
0.347 	 0.067 	 1 	 -4.35071e-05
0.34725 	 0.06725 	 1 	 -5.16549e-05
0.3475 	 0.0675 	 1 	 -4.6092e-05
0.34775 	 0.06775 	 1 	 -3.61996e-05
0.348 	 0.068 	 1 	 -4.69756e-05
0.34825 	 0.06825 	 1 	 -4.88024e-05
0.3485 	 0.0685 	 1 	 -4.76162e-05
0.34875 	 0.06875 	 1 	 -6.08901e-05
0.349 	 0.069 	 1 	 -4.31428e-05
0.34925 	 0.06925 	 1 	 -3.22451e-05
0.3495 	 0.0695 	 1 	 -4.96822e-05
0.34975 	 0.06975 	 1 	 -5.77906e-05
0.35 	 0.07 	 1 	 -5.12019e-05
0.35025 	 0.07025 	 1 	 -4.73808e-05
0.3505 	 0.0705 	 1 	 -4.28562e-05
0.35075 	 0.07075 	 1 	 -4.82684e-05
0.351 	 0.071 	 1 	 -5.91509e-05
0.35125 	 0.07125 	 1 	 -4.37087e-05
0.3515 	 0.0715 	 1 	 -4.96457e-05
0.35175 	 0.07175 	 1 	 -6.18839e-05
0.352 	 0.072 	 1 	 -4.63801e-05
0.35225 	 0.07225 	 1 	 -4.64971e-05
0.3525 	 0.0725 	 1 	 -5.32621e-05
0.35275 	 0.07275 	 1 	 -5.16334e-05
0.353 	 0.073 	 1 	 -5.30058e-05
0.35325 	 0.07325 	 1 	 -5.04891e-05
0.3535 	 0.0735 	 1 	 -5.20457e-05
0.35375 	 0.07375 	 1 	 -5.07178e-05
0.354 	 0.074 	 1 	 -5.44196e-05
0.35425 	 0.07425 	 1 	 -6.36287e-05
0.3545 	 0.0745 	 1 	 -4.97845e-05
0.35475 	 0.07475 	 1 	 -4.47873e-05
0.355 	 0.075 	 1 	 -5.66274e-05
0.35525 	 0.07525 	 1 	 -6.1913e-05
0.3555 	 0.0755 	 1 	 -4.91421e-05
0.35575 	 0.07575 	 1 	 -5.22946e-05
0.356 	 0.076 	 1 	 -5.96494e-05
0.35625 	 0.07625 	 1 	 -5.23435e-05
0.3565 	 0.0765 	 1 	 -5.01069e-05
0.35675 	 0.07675 	 1 	 -5.02945e-05
0.357 	 0.077 	 1 	 -5.83693e-05
0.35725 	 0.07725 	 1 	 -6.16482e-05
0.3575 	 0.0775 	 1 	 -5.56644e-05
0.35775 	 0.07775 	 1 	 -5.2928e-05
0.358 	 0.078 	 1 	 -5.79623e-05
0.35825 	 0.07825 	 1 	 -5.63691e-05
0.3585 	 0.0785 	 1 	 -4.73065e-05
0.35875 	 0.07875 	 1 	 -5.42521e-05
0.359 	 0.079 	 1 	 -6.02964e-05
0.35925 	 0.07925 	 1 	 -5.12061e-05
0.3595 	 0.0795 	 1 	 -5.75426e-05
0.35975 	 0.07975 	 1 	 -6.1089e-05
0.36 	 0.08 	 1 	 -5.32534e-05
0.36025 	 0.08025 	 1 	 -5.58347e-05
0.3605 	 0.0805 	 1 	 -6.76246e-05
0.36075 	 0.08075 	 1 	 -5.83798e-05
0.361 	 0.081 	 1 	 -4.51477e-05
0.36125 	 0.08125 	 1 	 -5.94838e-05
0.3615 	 0.0815 	 1 	 -6.30491e-05
0.36175 	 0.08175 	 1 	 -5.56587e-05
0.362 	 0.082 	 1 	 -5.19606e-05
0.36225 	 0.08225 	 1 	 -5.4597e-05
0.3625 	 0.0825 	 1 	 -5.27886e-05
0.36275 	 0.08275 	 1 	 -6.71995e-05
0.363 	 0.083 	 1 	 -6.20977e-05
0.36325 	 0.08325 	 1 	 -6.09906e-05
0.3635 	 0.0835 	 1 	 -6.25519e-05
0.36375 	 0.08375 	 1 	 -5.14159e-05
0.364 	 0.084 	 1 	 -5.97378e-05
0.36425 	 0.08425 	 1 	 -6.13291e-05
0.3645 	 0.0845 	 1 	 -5.81167e-05
0.36475 	 0.08475 	 1 	 -5.18283e-05
0.365 	 0.085 	 1 	 -5.75934e-05
0.36525 	 0.08525 	 1 	 -5.59511e-05
0.3655 	 0.0855 	 1 	 -5.37936e-05
0.36575 	 0.08575 	 1 	 -5.99577e-05
0.366 	 0.086 	 1 	 -5.98674e-05
0.36625 	 0.08625 	 1 	 -5.71905e-05
0.3665 	 0.0865 	 1 	 -5.76822e-05
0.36675 	 0.08675 	 1 	 -6.48634e-05
0.367 	 0.087 	 1 	 -6.84477e-05
0.36725 	 0.08725 	 1 	 -5.81088e-05
0.3675 	 0.0875 	 1 	 -5.15584e-05
0.36775 	 0.08775 	 1 	 -5.01384e-05
0.368 	 0.088 	 1 	 -5.85317e-05
0.36825 	 0.08825 	 1 	 -5.27011e-05
0.3685 	 0.0885 	 1 	 -6.37687e-05
0.36875 	 0.08875 	 1 	 -6.74727e-05
0.369 	 0.089 	 1 	 -5.05687e-05
0.36925 	 0.08925 	 1 	 -5.43474e-05
0.3695 	 0.0895 	 1 	 -6.64543e-05
0.36975 	 0.08975 	 1 	 -6.61765e-05
0.37 	 0.09 	 1 	 -5.25925e-05
0.37025 	 0.09025 	 1 	 -6.23707e-05
0.3705 	 0.0905 	 1 	 -5.98168e-05
0.37075 	 0.09075 	 1 	 -5.56665e-05
0.371 	 0.091 	 1 	 -6.00725e-05
0.37125 	 0.09125 	 1 	 -6.02393e-05
0.3715 	 0.0915 	 1 	 -5.89872e-05
0.37175 	 0.09175 	 1 	 -5.42459e-05
0.372 	 0.092 	 1 	 -5.09569e-05
0.37225 	 0.09225 	 1 	 -6.08485e-05
0.3725 	 0.0925 	 1 	 -7.24992e-05
0.37275 	 0.09275 	 1 	 -5.75595e-05
0.373 	 0.093 	 1 	 -5.43191e-05
0.37325 	 0.09325 	 1 	 -6.54737e-05
0.3735 	 0.0935 	 1 	 -5.14293e-05
0.37375 	 0.09375 	 1 	 -5.63319e-05
0.374 	 0.094 	 1 	 -7.07662e-05
0.37425 	 0.09425 	 1 	 -6.40747e-05
0.3745 	 0.0945 	 1 	 -4.36198e-05
0.37475 	 0.09475 	 1 	 -5.98697e-05
0.375 	 0.095 	 1 	 -7.24584e-05
0.37525 	 0.09525 	 1 	 -5.39225e-05
0.3755 	 0.0955 	 1 	 -6.04409e-05
0.37575 	 0.09575 	 1 	 -6.49478e-05
0.376 	 0.096 	 1 	 -6.07862e-05
0.37625 	 0.09625 	 1 	 -6.24347e-05
0.3765 	 0.0965 	 1 	 -5.74798e-05
0.37675 	 0.09675 	 1 	 -6.05617e-05
0.377 	 0.097 	 1 	 -6.59853e-05
0.37725 	 0.09725 	 1 	 -9.64137e-05
0.3775 	 0.0975 	 1 	 -0.000176215
0.37775 	 0.09775 	 1 	 -0.000256946
0.378 	 0.098 	 1 	 -0.000329041
0.37825 	 0.09825 	 1 	 -0.000400637
0.3785 	 0.0985 	 1 	 -0.000475203
0.37875 	 0.09875 	 1 	 -0.000540901
0.379 	 0.099 	 1 	 -0.000604664
0.37925 	 0.09925 	 1 	 -0.000678102
0.3795 	 0.0995 	 1 	 -0.000749415
0.37975 	 0.09975 	 1 	 -0.000800633
0.38 	 0.1 	 0 	 -0.000871227
0.38025 	 0.10025 	 0 	 -0.000941649
0.3805 	 0.1005 	 0 	 -0.0009889
0.38075 	 0.10075 	 0 	 -0.00105152
0.381 	 0.101 	 0 	 -0.00111801
0.38125 	 0.10125 	 0 	 -0.00117183
0.3815 	 0.1015 	 0 	 -0.00123216
0.38175 	 0.10175 	 0 	 -0.00128701
0.382 	 0.102 	 0 	 -0.00133701
0.38225 	 0.10225 	 0 	 -0.0013501
0.3825 	 0.1025 	 0 	 -0.00132201
0.38275 	 0.10275 	 0 	 -0.00130552
0.383 	 0.103 	 0 	 -0.00127695
0.38325 	 0.10325 	 0 	 -0.00125463
0.3835 	 0.1035 	 0 	 -0.00123761
0.38375 	 0.10375 	 0 	 -0.00120873
0.384 	 0.104 	 0 	 -0.00118676
0.38425 	 0.10425 	 0 	 -0.00116679
0.3845 	 0.1045 	 0 	 -0.00114919
0.38475 	 0.10475 	 0 	 -0.0011258
0.385 	 0.105 	 0 	 -0.00110071
0.38525 	 0.10525 	 0 	 -0.00108432
0.3855 	 0.1055 	 0 	 -0.00106832
0.38575 	 0.10575 	 0 	 -0.00104229
0.386 	 0.106 	 0 	 -0.00101528
0.38625 	 0.10625 	 0 	 -0.00100026
0.3865 	 0.1065 	 0 	 -0.000990451
0.38675 	 0.10675 	 0 	 -0.000966381
0.387 	 0.107 	 0 	 -0.000946842
0.38725 	 0.10725 	 0 	 -0.000939575
0.3875 	 0.1075 	 0 	 -0.000919967
0.38775 	 0.10775 	 0 	 -0.000895764
0.388 	 0.108 	 0 	 -0.000883116
0.38825 	 0.10825 	 0 	 -0.000864678
0.3885 	 0.1085 	 0 	 -0.000845228
0.38875 	 0.10875 	 0 	 -0.000834029
0.389 	 0.109 	 0 	 -0.00081695
0.38925 	 0.10925 	 0 	 -0.000803211
0.3895 	 0.1095 	 0 	 -0.00078654
0.38975 	 0.10975 	 0 	 -0.000770681
0.39 	 0.11 	 0 	 -0.000755918
0.39025 	 0.11025 	 0 	 -0.000739052
0.3905 	 0.1105 	 0 	 -0.000729606
0.39075 	 0.11075 	 0 	 -0.000722234
0.391 	 0.111 	 0 	 -0.000711679
0.39125 	 0.11125 	 0 	 -0.000692209
0.3915 	 0.1115 	 0 	 -0.000670743
0.39175 	 0.11175 	 0 	 -0.00066764
0.392 	 0.112 	 0 	 -0.00065482
0.39225 	 0.11225 	 0 	 -0.000632046
0.3925 	 0.1125 	 0 	 -0.000623742
0.39275 	 0.11275 	 0 	 -0.000620227
0.393 	 0.113 	 0 	 -0.000603026
0.39325 	 0.11325 	 0 	 -0.000588769
0.3935 	 0.1135 	 0 	 -0.000583001
0.39375 	 0.11375 	 0 	 -0.000571892
0.394 	 0.114 	 0 	 -0.000560357
0.39425 	 0.11425 	 0 	 -0.000547912
0.3945 	 0.1145 	 0 	 -0.000538056
0.39475 	 0.11475 	 0 	 -0.000533504
0.395 	 0.115 	 0 	 -0.000521157
0.39525 	 0.11525 	 0 	 -0.000507359
0.3955 	 0.1155 	 0 	 -0.000498366
0.39575 	 0.11575 	 0 	 -0.000485888
0.396 	 0.116 	 0 	 -0.000478338
0.39625 	 0.11625 	 0 	 -0.000474027
0.3965 	 0.1165 	 0 	 -0.000462914
0.39675 	 0.11675 	 0 	 -0.000449743
0.397 	 0.117 	 0 	 -0.000444076
0.39725 	 0.11725 	 0 	 -0.000439836
0.3975 	 0.1175 	 0 	 -0.000429782
0.39775 	 0.11775 	 0 	 -0.000416423
0.398 	 0.118 	 0 	 -0.000411332
0.39825 	 0.11825 	 0 	 -0.000405755
0.3985 	 0.1185 	 0 	 -0.00039753
0.39875 	 0.11875 	 0 	 -0.000389922
0.399 	 0.119 	 0 	 -0.000381582
0.39925 	 0.11925 	 0 	 -0.000372675
0.3995 	 0.1195 	 0 	 -0.000364939
0.39975 	 0.11975 	 0 	 -0.000358111
0.4 	 0.12 	 0 	 -0.000352096
0.40025 	 0.12025 	 0 	 -0.000349326
0.4005 	 0.1205 	 0 	 -0.000340893
0.40075 	 0.12075 	 0 	 -0.000331487
0.401 	 0.121 	 0 	 -0.000324046
0.40125 	 0.12125 	 0 	 -0.00031812
0.4015 	 0.1215 	 0 	 -0.000315961
0.40175 	 0.12175 	 0 	 -0.000309847
0.402 	 0.122 	 0 	 -0.000302719
0.40225 	 0.12225 	 0 	 -0.000295971
0.4025 	 0.1225 	 0 	 -0.000290074
0.40275 	 0.12275 	 0 	 -0.000285926
0.403 	 0.123 	 0 	 -0.000280137
0.40325 	 0.12325 	 0 	 -0.000273329
0.4035 	 0.1235 	 0 	 -0.000266383
0.40375 	 0.12375 	 0 	 -0.000261848
0.404 	 0.124 	 0 	 -0.000257897
0.40425 	 0.12425 	 0 	 -0.000254319
0.4045 	 0.1245 	 0 	 -0.000249661
0.40475 	 0.12475 	 0 	 -0.000243776
0.405 	 0.125 	 0 	 -0.000238092
0.40525 	 0.12525 	 0 	 -0.000232797
0.4055 	 0.1255 	 0 	 -0.000229791
0.40575 	 0.12575 	 0 	 -0.000226549
0.406 	 0.126 	 0 	 -0.000221763
0.40625 	 0.12625 	 0 	 -0.000217002
0.4065 	 0.1265 	 0 	 -0.000210966
0.40675 	 0.12675 	 0 	 -0.000205927
0.407 	 0.127 	 0 	 -0.00020317
0.40725 	 0.12725 	 0 	 -0.000200876
0.4075 	 0.1275 	 0 	 -0.00019603
0.40775 	 0.12775 	 0 	 -0.000191354
0.408 	 0.128 	 0 	 -0.000188391
0.40825 	 0.12825 	 0 	 -0.000185066
0.4085 	 0.1285 	 0 	 -0.000181604
0.40875 	 0.12875 	 0 	 -0.000178499
0.409 	 0.129 	 0 	 -0.000174265
0.40925 	 0.12925 	 0 	 -0.000170011
0.4095 	 0.1295 	 0 	 -0.000167111
0.40975 	 0.12975 	 0 	 -0.000163218
0.41 	 0.13 	 0 	 -0.000160991
0.41025 	 0.13025 	 0 	 -0.000157466
0.4105 	 0.1305 	 0 	 -0.000153829
0.41075 	 0.13075 	 0 	 -0.000150657
0.411 	 0.131 	 0 	 -0.000148023
0.41125 	 0.13125 	 0 	 -0.000146352
0.4115 	 0.1315 	 0 	 -0.000143159
0.41175 	 0.13175 	 0 	 -0.000139889
0.412 	 0.132 	 0 	 -0.000136954
0.41225 	 0.13225 	 0 	 -0.000134794
0.4125 	 0.1325 	 0 	 -0.000131935
0.41275 	 0.13275 	 0 	 -0.000128947
0.413 	 0.133 	 0 	 -0.000126238
0.41325 	 0.13325 	 0 	 -0.00012325
0.4135 	 0.1335 	 0 	 -0.000121008
0.41375 	 0.13375 	 0 	 -0.000118879
0.414 	 0.134 	 0 	 -0.000117601
0.41425 	 0.13425 	 0 	 -0.000115427
0.4145 	 0.1345 	 0 	 -0.000111426
0.41475 	 0.13475 	 0 	 -0.000110017
0.415 	 0.135 	 0 	 -0.00010766
0.41525 	 0.13525 	 0 	 -0.000105341
0.4155 	 0.1355 	 0 	 -0.000103926
0.41575 	 0.13575 	 0 	 -0.00010175
0.416 	 0.136 	 0 	 -9.93401e-05
0.41625 	 0.13625 	 0 	 -9.63117e-05
0.4165 	 0.1365 	 0 	 -9.49624e-05
0.41675 	 0.13675 	 0 	 -9.42236e-05
0.417 	 0.137 	 0 	 -9.20508e-05
0.41725 	 0.13725 	 0 	 -8.90165e-05
0.4175 	 0.1375 	 0 	 -8.72073e-05
0.41775 	 0.13775 	 0 	 -8.61902e-05
0.418 	 0.138 	 0 	 -8.49399e-05
0.41825 	 0.13825 	 0 	 -8.32232e-05
0.4185 	 0.1385 	 0 	 -8.14537e-05
0.41875 	 0.13875 	 0 	 -7.8988e-05
0.419 	 0.139 	 0 	 -7.72476e-05
0.41925 	 0.13925 	 0 	 -7.57096e-05
0.4195 	 0.1395 	 0 	 -7.48388e-05
0.41975 	 0.13975 	 0 	 -7.41942e-05
0.42 	 0.14 	 0 	 -7.1593e-05
0.42025 	 0.14025 	 0 	 -6.92243e-05
0.4205 	 0.1405 	 0 	 -6.84413e-05
0.42075 	 0.14075 	 0 	 -6.79613e-05
0.421 	 0.141 	 0 	 -6.65302e-05
0.42125 	 0.14125 	 0 	 -6.46345e-05
0.4215 	 0.1415 	 0 	 -6.36057e-05
0.42175 	 0.14175 	 0 	 -6.1668e-05
0.422 	 0.142 	 0 	 -6.00069e-05
0.42225 	 0.14225 	 0 	 -5.99675e-05
0.4225 	 0.1425 	 0 	 -5.8917e-05
0.42275 	 0.14275 	 0 	 -5.7373e-05
0.423 	 0.143 	 0 	 -5.56367e-05
0.42325 	 0.14325 	 0 	 -5.50895e-05
0.4235 	 0.1435 	 0 	 -5.36394e-05
0.42375 	 0.14375 	 0 	 -5.25268e-05
0.424 	 0.144 	 0 	 -5.19755e-05
0.42425 	 0.14425 	 0 	 -5.04751e-05
0.4245 	 0.1445 	 0 	 -4.91424e-05
0.42475 	 0.14475 	 0 	 -4.80844e-05
0.425 	 0.145 	 0 	 -4.81298e-05
0.42525 	 0.14525 	 0 	 -4.69467e-05
0.4255 	 0.1455 	 0 	 -4.53878e-05
0.42575 	 0.14575 	 0 	 -4.46502e-05
0.426 	 0.146 	 0 	 -4.3337e-05
0.42625 	 0.14625 	 0 	 -4.26988e-05
0.4265 	 0.1465 	 0 	 -4.20123e-05
0.42675 	 0.14675 	 0 	 -4.12605e-05
0.427 	 0.147 	 0 	 -4.01983e-05
0.42725 	 0.14725 	 0 	 -3.91473e-05
0.4275 	 0.1475 	 0 	 -3.8808e-05
0.42775 	 0.14775 	 0 	 -3.77501e-05
0.428 	 0.148 	 0 	 -3.68207e-05
0.42825 	 0.14825 	 0 	 -3.60831e-05
0.4285 	 0.1485 	 0 	 -3.56802e-05
0.42875 	 0.14875 	 0 	 -3.47197e-05
0.429 	 0.149 	 0 	 -3.38922e-05
0.42925 	 0.14925 	 0 	 -3.34517e-05
0.4295 	 0.1495 	 0 	 -3.26748e-05
0.42975 	 0.14975 	 0 	 -3.19136e-05
0.43 	 0.15 	 0 	 -3.10777e-05
0.43025 	 0.15025 	 0 	 -3.05796e-05
0.4305 	 0.1505 	 0 	 -3.00689e-05
0.43075 	 0.15075 	 0 	 -2.94213e-05
0.431 	 0.151 	 0 	 -2.87179e-05
0.43125 	 0.15125 	 0 	 -2.82208e-05
0.4315 	 0.1515 	 0 	 -2.75236e-05
0.43175 	 0.15175 	 0 	 -2.68827e-05
0.432 	 0.152 	 0 	 -2.64749e-05
0.43225 	 0.15225 	 0 	 -2.5786e-05
0.4325 	 0.1525 	 0 	 -2.54379e-05
0.43275 	 0.15275 	 0 	 -2.47929e-05
0.433 	 0.153 	 0 	 -2.42595e-05
0.43325 	 0.15325 	 0 	 -2.36441e-05
0.4335 	 0.1535 	 0 	 -2.31867e-05
0.43375 	 0.15375 	 0 	 -2.29329e-05
0.434 	 0.154 	 0 	 -2.21059e-05
0.43425 	 0.15425 	 0 	 -2.18942e-05
0.4345 	 0.1545 	 0 	 -2.14759e-05
0.43475 	 0.15475 	 0 	 -2.08984e-05
0.435 	 0.155 	 0 	 -2.04073e-05
0.43525 	 0.15525 	 0 	 -2.01416e-05
0.4355 	 0.1555 	 0 	 -1.96627e-05
0.43575 	 0.15575 	 0 	 -1.88968e-05
0.436 	 0.156 	 0 	 -1.89888e-05
0.43625 	 0.15625 	 0 	 -1.84805e-05
0.4365 	 0.1565 	 0 	 -1.78368e-05
0.43675 	 0.15675 	 0 	 -1.77207e-05
0.437 	 0.157 	 0 	 -1.74423e-05
0.43725 	 0.15725 	 0 	 -1.67976e-05
0.4375 	 0.1575 	 0 	 -1.63113e-05
0.43775 	 0.15775 	 0 	 -1.63579e-05
0.438 	 0.158 	 0 	 -1.5875e-05
0.43825 	 0.15825 	 0 	 -1.54989e-05
0.4385 	 0.1585 	 0 	 -1.51447e-05
0.43875 	 0.15875 	 0 	 -1.48005e-05
0.439 	 0.159 	 0 	 -1.45126e-05
0.43925 	 0.15925 	 0 	 -1.41652e-05
0.4395 	 0.1595 	 0 	 -1.40025e-05
0.43975 	 0.15975 	 0 	 -1.35125e-05
0.44 	 0.16 	 0 	 -1.33805e-05
0.44025 	 0.16025 	 0 	 -1.31346e-05
0.4405 	 0.1605 	 0 	 -1.27197e-05
0.44075 	 0.16075 	 0 	 -1.24631e-05
0.441 	 0.161 	 0 	 -1.2133e-05
0.44125 	 0.16125 	 0 	 -1.1947e-05
0.4415 	 0.1615 	 0 	 -1.16499e-05
0.44175 	 0.16175 	 0 	 -1.14504e-05
0.442 	 0.162 	 0 	 -1.11768e-05
0.44225 	 0.16225 	 0 	 -1.10551e-05
0.4425 	 0.1625 	 0 	 -1.073e-05
0.44275 	 0.16275 	 0 	 -1.04086e-05
0.443 	 0.163 	 0 	 -1.02612e-05
0.44325 	 0.16325 	 0 	 -9.92824e-06
0.4435 	 0.1635 	 0 	 -9.89691e-06
0.44375 	 0.16375 	 0 	 -9.64139e-06
0.444 	 0.164 	 0 	 -9.46306e-06
0.44425 	 0.16425 	 0 	 -9.1978e-06
0.4445 	 0.1645 	 0 	 -8.90886e-06
0.44475 	 0.16475 	 0 	 -8.84411e-06
0.445 	 0.165 	 0 	 -8.57205e-06
0.44525 	 0.16525 	 0 	 -8.42134e-06
0.4455 	 0.1655 	 0 	 -8.21287e-06
0.44575 	 0.16575 	 0 	 -8.05012e-06
0.446 	 0.166 	 0 	 -7.89689e-06
0.44625 	 0.16625 	 0 	 -7.72565e-06
0.4465 	 0.1665 	 0 	 -7.58219e-06
0.44675 	 0.16675 	 0 	 -7.33641e-06
0.447 	 0.167 	 0 	 -7.20995e-06
0.44725 	 0.16725 	 0 	 -7.02765e-06
0.4475 	 0.1675 	 0 	 -6.89775e-06
0.44775 	 0.16775 	 0 	 -6.7412e-06
0.448 	 0.168 	 0 	 -6.58869e-06
0.44825 	 0.16825 	 0 	 -6.44851e-06
0.4485 	 0.1685 	 0 	 -6.28628e-06
0.44875 	 0.16875 	 0 	 -6.19557e-06
0.449 	 0.169 	 0 	 -5.98484e-06
0.44925 	 0.16925 	 0 	 -5.90104e-06
0.4495 	 0.1695 	 0 	 -5.79332e-06
0.44975 	 0.16975 	 0 	 -5.61606e-06
0.45 	 0.17 	 0 	 -5.52485e-06
0.45025 	 0.17025 	 0 	 -5.39674e-06
0.4505 	 0.1705 	 0 	 -5.27725e-06
0.45075 	 0.17075 	 0 	 -5.138e-06
0.451 	 0.171 	 0 	 -5.03162e-06
0.45125 	 0.17125 	 0 	 -4.92551e-06
0.4515 	 0.1715 	 0 	 -4.80496e-06
0.45175 	 0.17175 	 0 	 -4.71689e-06
0.452 	 0.172 	 0 	 -4.56468e-06
0.45225 	 0.17225 	 0 	 -4.29946e-06
0.4525 	 0.1725 	 0 	 -4.04771e-06
0.45275 	 0.17275 	 0 	 -3.78285e-06
0.453 	 0.173 	 0 	 -3.49753e-06
0.45325 	 0.17325 	 0 	 -3.25878e-06
0.4535 	 0.1735 	 0 	 -2.99839e-06
0.45375 	 0.17375 	 0 	 -2.75136e-06
0.454 	 0.174 	 0 	 -2.48229e-06
0.45425 	 0.17425 	 0 	 -2.26564e-06
0.4545 	 0.1745 	 0 	 -2.04414e-06
0.45475 	 0.17475 	 0 	 -1.81689e-06
0.455 	 0.175 	 0 	 -1.59663e-06
0.45525 	 0.17525 	 0 	 -1.36281e-06
0.4555 	 0.1755 	 0 	 -1.16023e-06
0.45575 	 0.17575 	 0 	 -9.6192e-07
0.456 	 0.176 	 0 	 -7.68024e-07
0.45625 	 0.17625 	 0 	 -5.60959e-07
0.4565 	 0.1765 	 0 	 -3.67293e-07
0.45675 	 0.17675 	 0 	 -1.77745e-07
0.457 	 0.177 	 0 	 -4.19812e-08
0.45725 	 0.17725 	 0 	 0
0.4575 	 0.1775 	 0 	 0
0.45775 	 0.17775 	 0 	 0
0.458 	 0.178 	 0 	 0
0.45825 	 0.17825 	 0 	 0
0.4585 	 0.1785 	 0 	 0
0.45875 	 0.17875 	 0 	 0
0.459 	 0.179 	 0 	 0
0.45925 	 0.17925 	 0 	 0
0.4595 	 0.1795 	 0 	 0
0.45975 	 0.17975 	 0 	 0
0.46 	 0.18 	 0 	 0
0.46025 	 0.18025 	 0 	 0
0.4605 	 0.1805 	 0 	 0
0.46075 	 0.18075 	 0 	 0
0.461 	 0.181 	 0 	 0
0.46125 	 0.18125 	 0 	 0
0.4615 	 0.1815 	 0 	 0
0.46175 	 0.18175 	 0 	 0
0.462 	 0.182 	 0 	 0
0.46225 	 0.18225 	 0 	 0
0.4625 	 0.1825 	 0 	 0
0.46275 	 0.18275 	 0 	 0
0.463 	 0.183 	 0 	 0
0.46325 	 0.18325 	 0 	 0
0.4635 	 0.1835 	 0 	 0
0.46375 	 0.18375 	 0 	 0
0.464 	 0.184 	 0 	 0
0.46425 	 0.18425 	 0 	 0
0.4645 	 0.1845 	 0 	 0
0.46475 	 0.18475 	 0 	 0
0.465 	 0.185 	 0 	 0
0.46525 	 0.18525 	 0 	 0
0.4655 	 0.1855 	 0 	 0
0.46575 	 0.18575 	 0 	 0
0.466 	 0.186 	 0 	 0
0.46625 	 0.18625 	 0 	 0
0.4665 	 0.1865 	 0 	 0
0.46675 	 0.18675 	 0 	 0
0.467 	 0.187 	 0 	 0
0.46725 	 0.18725 	 0 	 0
0.4675 	 0.1875 	 0 	 0
0.46775 	 0.18775 	 0 	 0
0.468 	 0.188 	 0 	 0
0.46825 	 0.18825 	 0 	 0
0.4685 	 0.1885 	 0 	 0
0.46875 	 0.18875 	 0 	 0
0.469 	 0.189 	 0 	 0
0.46925 	 0.18925 	 0 	 0
0.4695 	 0.1895 	 0 	 0
0.46975 	 0.18975 	 0 	 0
0.47 	 0.19 	 0 	 0
0.47025 	 0.19025 	 0 	 0
0.4705 	 0.1905 	 0 	 0
0.47075 	 0.19075 	 0 	 0
0.471 	 0.191 	 0 	 0
0.47125 	 0.19125 	 0 	 0
0.4715 	 0.1915 	 0 	 0
0.47175 	 0.19175 	 0 	 0
0.472 	 0.192 	 0 	 0
0.47225 	 0.19225 	 0 	 0
0.4725 	 0.1925 	 0 	 0
0.47275 	 0.19275 	 0 	 0
0.473 	 0.193 	 0 	 0
0.47325 	 0.19325 	 0 	 0
0.4735 	 0.1935 	 0 	 0
0.47375 	 0.19375 	 0 	 0
0.474 	 0.194 	 0 	 0
0.47425 	 0.19425 	 0 	 0
0.4745 	 0.1945 	 0 	 0
0.47475 	 0.19475 	 0 	 0
0.475 	 0.195 	 0 	 0
0.47525 	 0.19525 	 0 	 0
0.4755 	 0.1955 	 0 	 0
0.47575 	 0.19575 	 0 	 0
0.476 	 0.196 	 0 	 0
0.47625 	 0.19625 	 0 	 0
0.4765 	 0.1965 	 0 	 0
0.47675 	 0.19675 	 0 	 0
0.477 	 0.197 	 0 	 0
0.47725 	 0.19725 	 0 	 0
0.4775 	 0.1975 	 0 	 0
0.47775 	 0.19775 	 0 	 0
0.478 	 0.198 	 0 	 0
0.47825 	 0.19825 	 0 	 0
0.4785 	 0.1985 	 0 	 0
0.47875 	 0.19875 	 0 	 0
0.479 	 0.199 	 0 	 0
0.47925 	 0.19925 	 0 	 0
0.4795 	 0.1995 	 0 	 0
0.47975 	 0.19975 	 0 	 0
0.48 	 0.2 	 0 	 0
0.48025 	 0.20025 	 0 	 0
0.4805 	 0.2005 	 0 	 0
0.48075 	 0.20075 	 0 	 0
0.481 	 0.201 	 0 	 0
0.48125 	 0.20125 	 0 	 0
0.4815 	 0.2015 	 0 	 0
0.48175 	 0.20175 	 0 	 0
0.482 	 0.202 	 0 	 0
0.48225 	 0.20225 	 0 	 0
0.4825 	 0.2025 	 0 	 0
0.48275 	 0.20275 	 0 	 0
0.483 	 0.203 	 0 	 0
0.48325 	 0.20325 	 0 	 0
0.4835 	 0.2035 	 0 	 0
0.48375 	 0.20375 	 0 	 0
0.484 	 0.204 	 0 	 0
0.48425 	 0.20425 	 0 	 0
0.4845 	 0.2045 	 0 	 0
0.48475 	 0.20475 	 0 	 0
0.485 	 0.205 	 0 	 0
0.48525 	 0.20525 	 0 	 0
0.4855 	 0.2055 	 0 	 0
0.48575 	 0.20575 	 0 	 0
0.486 	 0.206 	 0 	 0
0.48625 	 0.20625 	 0 	 0
0.4865 	 0.2065 	 0 	 0
0.48675 	 0.20675 	 0 	 0
0.487 	 0.207 	 0 	 0
0.48725 	 0.20725 	 0 	 0
0.4875 	 0.2075 	 0 	 0
0.48775 	 0.20775 	 0 	 0
0.488 	 0.208 	 0 	 0
0.48825 	 0.20825 	 0 	 0
0.4885 	 0.2085 	 0 	 0
0.48875 	 0.20875 	 0 	 0
0.489 	 0.209 	 0 	 0
0.48925 	 0.20925 	 0 	 0
0.4895 	 0.2095 	 0 	 0
0.48975 	 0.20975 	 0 	 0
0.49 	 0.21 	 0 	 0
0.49025 	 0.21025 	 0 	 0
0.4905 	 0.2105 	 0 	 0
0.49075 	 0.21075 	 0 	 0
0.491 	 0.211 	 0 	 0
0.49125 	 0.21125 	 0 	 0
0.4915 	 0.2115 	 0 	 0
0.49175 	 0.21175 	 0 	 0
0.492 	 0.212 	 0 	 0
0.49225 	 0.21225 	 0 	 0
0.4925 	 0.2125 	 0 	 0
0.49275 	 0.21275 	 0 	 0
0.493 	 0.213 	 0 	 0
0.49325 	 0.21325 	 0 	 0
0.4935 	 0.2135 	 0 	 0
0.49375 	 0.21375 	 0 	 0
0.494 	 0.214 	 0 	 0
0.49425 	 0.21425 	 0 	 0
0.4945 	 0.2145 	 0 	 0
0.49475 	 0.21475 	 0 	 0
0.495 	 0.215 	 0 	 0
0.49525 	 0.21525 	 0 	 0
0.4955 	 0.2155 	 0 	 0
0.49575 	 0.21575 	 0 	 0
0.496 	 0.216 	 0 	 0
0.49625 	 0.21625 	 0 	 0
0.4965 	 0.2165 	 0 	 0
0.49675 	 0.21675 	 0 	 0
0.497 	 0.217 	 0 	 0
