# FILE:  main_ispGauss_DGaO2016.py
# TIME:  Tue May 10 08:20:57 2016
# COMPUTATIONAL DOMAIN ----------------------------------------
# zMax   = 0.15
# rhoMax = 0.25
# Nz     = 600
# Nrho   = 5000
# Nphi   = 36
# LAYER PROPERTIES --------------------------------------------
# zIni   = 0.0
# zFin   = 0.1
# ma     = 20.0
# c0      = 1.0
# BEAM PARAMETERS ---------------------------------------------
# a    = 0.1
# MEASUREMENT PARAMETERS --------------------------------------
# zD   = -0.12
# dw   = 0.005
# OPTOACOUSTIC PARAMETERS -------------------------------------
# wD   = 24.0
# D    = 1.2
# SIMULATION RESULTS ------------------------------------------
# (t) 	 (c tau) 	 (p0(ctau)) 	 (p(rD,t))
0 	 -0.12 	 0 	 0
0.00025 	 -0.11975 	 0 	 0
0.0005 	 -0.1195 	 0 	 0
0.00075 	 -0.11925 	 0 	 0
0.001 	 -0.119 	 0 	 0
0.00125 	 -0.11875 	 0 	 0
0.0015 	 -0.1185 	 0 	 0
0.00175 	 -0.11825 	 0 	 0
0.002 	 -0.118 	 0 	 0
0.00225 	 -0.11775 	 0 	 0
0.0025 	 -0.1175 	 0 	 0
0.00275 	 -0.11725 	 0 	 0
0.003 	 -0.117 	 0 	 0
0.00325 	 -0.11675 	 0 	 0
0.0035 	 -0.1165 	 0 	 0
0.00375 	 -0.11625 	 0 	 0
0.004 	 -0.116 	 0 	 0
0.00425 	 -0.11575 	 0 	 0
0.0045 	 -0.1155 	 0 	 0
0.00475 	 -0.11525 	 0 	 0
0.005 	 -0.115 	 0 	 0
0.00525 	 -0.11475 	 0 	 0
0.0055 	 -0.1145 	 0 	 0
0.00575 	 -0.11425 	 0 	 0
0.006 	 -0.114 	 0 	 0
0.00625 	 -0.11375 	 0 	 0
0.0065 	 -0.1135 	 0 	 0
0.00675 	 -0.11325 	 0 	 0
0.007 	 -0.113 	 0 	 0
0.00725 	 -0.11275 	 0 	 0
0.0075 	 -0.1125 	 0 	 0
0.00775 	 -0.11225 	 0 	 0
0.008 	 -0.112 	 0 	 0
0.00825 	 -0.11175 	 0 	 0
0.0085 	 -0.1115 	 0 	 0
0.00875 	 -0.11125 	 0 	 0
0.009 	 -0.111 	 0 	 0
0.00925 	 -0.11075 	 0 	 0
0.0095 	 -0.1105 	 0 	 0
0.00975 	 -0.11025 	 0 	 0
0.01 	 -0.11 	 0 	 0
0.01025 	 -0.10975 	 0 	 0
0.0105 	 -0.1095 	 0 	 0
0.01075 	 -0.10925 	 0 	 0
0.011 	 -0.109 	 0 	 0
0.01125 	 -0.10875 	 0 	 0
0.0115 	 -0.1085 	 0 	 0
0.01175 	 -0.10825 	 0 	 0
0.012 	 -0.108 	 0 	 0
0.01225 	 -0.10775 	 0 	 0
0.0125 	 -0.1075 	 0 	 0
0.01275 	 -0.10725 	 0 	 0
0.013 	 -0.107 	 0 	 0
0.01325 	 -0.10675 	 0 	 0
0.0135 	 -0.1065 	 0 	 0
0.01375 	 -0.10625 	 0 	 0
0.014 	 -0.106 	 0 	 0
0.01425 	 -0.10575 	 0 	 0
0.0145 	 -0.1055 	 0 	 0
0.01475 	 -0.10525 	 0 	 0
0.015 	 -0.105 	 0 	 0
0.01525 	 -0.10475 	 0 	 0
0.0155 	 -0.1045 	 0 	 0
0.01575 	 -0.10425 	 0 	 0
0.016 	 -0.104 	 0 	 0
0.01625 	 -0.10375 	 0 	 0
0.0165 	 -0.1035 	 0 	 0
0.01675 	 -0.10325 	 0 	 0
0.017 	 -0.103 	 0 	 0
0.01725 	 -0.10275 	 0 	 0
0.0175 	 -0.1025 	 0 	 0
0.01775 	 -0.10225 	 0 	 0
0.018 	 -0.102 	 0 	 0
0.01825 	 -0.10175 	 0 	 0
0.0185 	 -0.1015 	 0 	 0
0.01875 	 -0.10125 	 0 	 0
0.019 	 -0.101 	 0 	 0
0.01925 	 -0.10075 	 0 	 0
0.0195 	 -0.1005 	 0 	 0
0.01975 	 -0.10025 	 0 	 0
0.02 	 -0.1 	 0 	 0
0.02025 	 -0.09975 	 0 	 0
0.0205 	 -0.0995 	 0 	 0
0.02075 	 -0.09925 	 0 	 0
0.021 	 -0.099 	 0 	 0
0.02125 	 -0.09875 	 0 	 0
0.0215 	 -0.0985 	 0 	 0
0.02175 	 -0.09825 	 0 	 0
0.022 	 -0.098 	 0 	 0
0.02225 	 -0.09775 	 0 	 0
0.0225 	 -0.0975 	 0 	 0
0.02275 	 -0.09725 	 0 	 0
0.023 	 -0.097 	 0 	 0
0.02325 	 -0.09675 	 0 	 0
0.0235 	 -0.0965 	 0 	 0
0.02375 	 -0.09625 	 0 	 0
0.024 	 -0.096 	 0 	 0
0.02425 	 -0.09575 	 0 	 0
0.0245 	 -0.0955 	 0 	 0
0.02475 	 -0.09525 	 0 	 0
0.025 	 -0.095 	 0 	 0
0.02525 	 -0.09475 	 0 	 0
0.0255 	 -0.0945 	 0 	 0
0.02575 	 -0.09425 	 0 	 0
0.026 	 -0.094 	 0 	 0
0.02625 	 -0.09375 	 0 	 0
0.0265 	 -0.0935 	 0 	 0
0.02675 	 -0.09325 	 0 	 0
0.027 	 -0.093 	 0 	 0
0.02725 	 -0.09275 	 0 	 0
0.0275 	 -0.0925 	 0 	 0
0.02775 	 -0.09225 	 0 	 0
0.028 	 -0.092 	 0 	 0
0.02825 	 -0.09175 	 0 	 0
0.0285 	 -0.0915 	 0 	 0
0.02875 	 -0.09125 	 0 	 0
0.029 	 -0.091 	 0 	 0
0.02925 	 -0.09075 	 0 	 0
0.0295 	 -0.0905 	 0 	 0
0.02975 	 -0.09025 	 0 	 0
0.03 	 -0.09 	 0 	 0
0.03025 	 -0.08975 	 0 	 0
0.0305 	 -0.0895 	 0 	 0
0.03075 	 -0.08925 	 0 	 0
0.031 	 -0.089 	 0 	 0
0.03125 	 -0.08875 	 0 	 0
0.0315 	 -0.0885 	 0 	 0
0.03175 	 -0.08825 	 0 	 0
0.032 	 -0.088 	 0 	 0
0.03225 	 -0.08775 	 0 	 0
0.0325 	 -0.0875 	 0 	 0
0.03275 	 -0.08725 	 0 	 0
0.033 	 -0.087 	 0 	 0
0.03325 	 -0.08675 	 0 	 0
0.0335 	 -0.0865 	 0 	 0
0.03375 	 -0.08625 	 0 	 0
0.034 	 -0.086 	 0 	 0
0.03425 	 -0.08575 	 0 	 0
0.0345 	 -0.0855 	 0 	 0
0.03475 	 -0.08525 	 0 	 0
0.035 	 -0.085 	 0 	 0
0.03525 	 -0.08475 	 0 	 0
0.0355 	 -0.0845 	 0 	 0
0.03575 	 -0.08425 	 0 	 0
0.036 	 -0.084 	 0 	 0
0.03625 	 -0.08375 	 0 	 0
0.0365 	 -0.0835 	 0 	 0
0.03675 	 -0.08325 	 0 	 0
0.037 	 -0.083 	 0 	 0
0.03725 	 -0.08275 	 0 	 0
0.0375 	 -0.0825 	 0 	 0
0.03775 	 -0.08225 	 0 	 0
0.038 	 -0.082 	 0 	 0
0.03825 	 -0.08175 	 0 	 0
0.0385 	 -0.0815 	 0 	 0
0.03875 	 -0.08125 	 0 	 0
0.039 	 -0.081 	 0 	 0
0.03925 	 -0.08075 	 0 	 0
0.0395 	 -0.0805 	 0 	 0
0.03975 	 -0.08025 	 0 	 0
0.04 	 -0.08 	 0 	 0
0.04025 	 -0.07975 	 0 	 0
0.0405 	 -0.0795 	 0 	 0
0.04075 	 -0.07925 	 0 	 0
0.041 	 -0.079 	 0 	 0
0.04125 	 -0.07875 	 0 	 0
0.0415 	 -0.0785 	 0 	 0
0.04175 	 -0.07825 	 0 	 0
0.042 	 -0.078 	 0 	 0
0.04225 	 -0.07775 	 0 	 0
0.0425 	 -0.0775 	 0 	 0
0.04275 	 -0.07725 	 0 	 0
0.043 	 -0.077 	 0 	 0
0.04325 	 -0.07675 	 0 	 0
0.0435 	 -0.0765 	 0 	 0
0.04375 	 -0.07625 	 0 	 0
0.044 	 -0.076 	 0 	 0
0.04425 	 -0.07575 	 0 	 0
0.0445 	 -0.0755 	 0 	 0
0.04475 	 -0.07525 	 0 	 0
0.045 	 -0.075 	 0 	 0
0.04525 	 -0.07475 	 0 	 0
0.0455 	 -0.0745 	 0 	 0
0.04575 	 -0.07425 	 0 	 0
0.046 	 -0.074 	 0 	 0
0.04625 	 -0.07375 	 0 	 0
0.0465 	 -0.0735 	 0 	 0
0.04675 	 -0.07325 	 0 	 0
0.047 	 -0.073 	 0 	 0
0.04725 	 -0.07275 	 0 	 0
0.0475 	 -0.0725 	 0 	 0
0.04775 	 -0.07225 	 0 	 0
0.048 	 -0.072 	 0 	 0
0.04825 	 -0.07175 	 0 	 0
0.0485 	 -0.0715 	 0 	 0
0.04875 	 -0.07125 	 0 	 0
0.049 	 -0.071 	 0 	 0
0.04925 	 -0.07075 	 0 	 0
0.0495 	 -0.0705 	 0 	 0
0.04975 	 -0.07025 	 0 	 0
0.05 	 -0.07 	 0 	 0
0.05025 	 -0.06975 	 0 	 0
0.0505 	 -0.0695 	 0 	 0
0.05075 	 -0.06925 	 0 	 0
0.051 	 -0.069 	 0 	 0
0.05125 	 -0.06875 	 0 	 0
0.0515 	 -0.0685 	 0 	 0
0.05175 	 -0.06825 	 0 	 0
0.052 	 -0.068 	 0 	 0
0.05225 	 -0.06775 	 0 	 0
0.0525 	 -0.0675 	 0 	 0
0.05275 	 -0.06725 	 0 	 0
0.053 	 -0.067 	 0 	 0
0.05325 	 -0.06675 	 0 	 0
0.0535 	 -0.0665 	 0 	 0
0.05375 	 -0.06625 	 0 	 0
0.054 	 -0.066 	 0 	 0
0.05425 	 -0.06575 	 0 	 0
0.0545 	 -0.0655 	 0 	 0
0.05475 	 -0.06525 	 0 	 0
0.055 	 -0.065 	 0 	 0
0.05525 	 -0.06475 	 0 	 0
0.0555 	 -0.0645 	 0 	 0
0.05575 	 -0.06425 	 0 	 0
0.056 	 -0.064 	 0 	 0
0.05625 	 -0.06375 	 0 	 0
0.0565 	 -0.0635 	 0 	 0
0.05675 	 -0.06325 	 0 	 0
0.057 	 -0.063 	 0 	 0
0.05725 	 -0.06275 	 0 	 0
0.0575 	 -0.0625 	 0 	 0
0.05775 	 -0.06225 	 0 	 0
0.058 	 -0.062 	 0 	 0
0.05825 	 -0.06175 	 0 	 0
0.0585 	 -0.0615 	 0 	 0
0.05875 	 -0.06125 	 0 	 0
0.059 	 -0.061 	 0 	 0
0.05925 	 -0.06075 	 0 	 0
0.0595 	 -0.0605 	 0 	 0
0.05975 	 -0.06025 	 0 	 0
0.06 	 -0.06 	 0 	 0
0.06025 	 -0.05975 	 0 	 0
0.0605 	 -0.0595 	 0 	 0
0.06075 	 -0.05925 	 0 	 0
0.061 	 -0.059 	 0 	 0
0.06125 	 -0.05875 	 0 	 0
0.0615 	 -0.0585 	 0 	 0
0.06175 	 -0.05825 	 0 	 0
0.062 	 -0.058 	 0 	 0
0.06225 	 -0.05775 	 0 	 0
0.0625 	 -0.0575 	 0 	 0
0.06275 	 -0.05725 	 0 	 0
0.063 	 -0.057 	 0 	 0
0.06325 	 -0.05675 	 0 	 0
0.0635 	 -0.0565 	 0 	 0
0.06375 	 -0.05625 	 0 	 0
0.064 	 -0.056 	 0 	 0
0.06425 	 -0.05575 	 0 	 0
0.0645 	 -0.0555 	 0 	 0
0.06475 	 -0.05525 	 0 	 0
0.065 	 -0.055 	 0 	 0
0.06525 	 -0.05475 	 0 	 0
0.0655 	 -0.0545 	 0 	 0
0.06575 	 -0.05425 	 0 	 0
0.066 	 -0.054 	 0 	 0
0.06625 	 -0.05375 	 0 	 0
0.0665 	 -0.0535 	 0 	 0
0.06675 	 -0.05325 	 0 	 0
0.067 	 -0.053 	 0 	 0
0.06725 	 -0.05275 	 0 	 0
0.0675 	 -0.0525 	 0 	 0
0.06775 	 -0.05225 	 0 	 0
0.068 	 -0.052 	 0 	 0
0.06825 	 -0.05175 	 0 	 0
0.0685 	 -0.0515 	 0 	 0
0.06875 	 -0.05125 	 0 	 0
0.069 	 -0.051 	 0 	 0
0.06925 	 -0.05075 	 0 	 0
0.0695 	 -0.0505 	 0 	 0
0.06975 	 -0.05025 	 0 	 0
0.07 	 -0.05 	 0 	 0
0.07025 	 -0.04975 	 0 	 0
0.0705 	 -0.0495 	 0 	 0
0.07075 	 -0.04925 	 0 	 0
0.071 	 -0.049 	 0 	 0
0.07125 	 -0.04875 	 0 	 0
0.0715 	 -0.0485 	 0 	 0
0.07175 	 -0.04825 	 0 	 0
0.072 	 -0.048 	 0 	 0
0.07225 	 -0.04775 	 0 	 0
0.0725 	 -0.0475 	 0 	 0
0.07275 	 -0.04725 	 0 	 0
0.073 	 -0.047 	 0 	 0
0.07325 	 -0.04675 	 0 	 0
0.0735 	 -0.0465 	 0 	 0
0.07375 	 -0.04625 	 0 	 0
0.074 	 -0.046 	 0 	 0
0.07425 	 -0.04575 	 0 	 0
0.0745 	 -0.0455 	 0 	 0
0.07475 	 -0.04525 	 0 	 0
0.075 	 -0.045 	 0 	 0
0.07525 	 -0.04475 	 0 	 0
0.0755 	 -0.0445 	 0 	 0
0.07575 	 -0.04425 	 0 	 0
0.076 	 -0.044 	 0 	 0
0.07625 	 -0.04375 	 0 	 0
0.0765 	 -0.0435 	 0 	 0
0.07675 	 -0.04325 	 0 	 0
0.077 	 -0.043 	 0 	 0
0.07725 	 -0.04275 	 0 	 0
0.0775 	 -0.0425 	 0 	 0
0.07775 	 -0.04225 	 0 	 0
0.078 	 -0.042 	 0 	 0
0.07825 	 -0.04175 	 0 	 0
0.0785 	 -0.0415 	 0 	 0
0.07875 	 -0.04125 	 0 	 0
0.079 	 -0.041 	 0 	 0
0.07925 	 -0.04075 	 0 	 0
0.0795 	 -0.0405 	 0 	 0
0.07975 	 -0.04025 	 0 	 0
0.08 	 -0.04 	 0 	 0
0.08025 	 -0.03975 	 0 	 0
0.0805 	 -0.0395 	 0 	 0
0.08075 	 -0.03925 	 0 	 0
0.081 	 -0.039 	 0 	 0
0.08125 	 -0.03875 	 0 	 0
0.0815 	 -0.0385 	 0 	 0
0.08175 	 -0.03825 	 0 	 0
0.082 	 -0.038 	 0 	 0
0.08225 	 -0.03775 	 0 	 0
0.0825 	 -0.0375 	 0 	 0
0.08275 	 -0.03725 	 0 	 0
0.083 	 -0.037 	 0 	 0
0.08325 	 -0.03675 	 0 	 0
0.0835 	 -0.0365 	 0 	 0
0.08375 	 -0.03625 	 0 	 0
0.084 	 -0.036 	 0 	 0
0.08425 	 -0.03575 	 0 	 0
0.0845 	 -0.0355 	 0 	 0
0.08475 	 -0.03525 	 0 	 0
0.085 	 -0.035 	 0 	 0
0.08525 	 -0.03475 	 0 	 0
0.0855 	 -0.0345 	 0 	 0
0.08575 	 -0.03425 	 0 	 0
0.086 	 -0.034 	 0 	 0
0.08625 	 -0.03375 	 0 	 0
0.0865 	 -0.0335 	 0 	 0
0.08675 	 -0.03325 	 0 	 0
0.087 	 -0.033 	 0 	 0
0.08725 	 -0.03275 	 0 	 0
0.0875 	 -0.0325 	 0 	 0
0.08775 	 -0.03225 	 0 	 0
0.088 	 -0.032 	 0 	 0
0.08825 	 -0.03175 	 0 	 0
0.0885 	 -0.0315 	 0 	 0
0.08875 	 -0.03125 	 0 	 0
0.089 	 -0.031 	 0 	 0
0.08925 	 -0.03075 	 0 	 0
0.0895 	 -0.0305 	 0 	 0
0.08975 	 -0.03025 	 0 	 0
0.09 	 -0.03 	 0 	 0
0.09025 	 -0.02975 	 0 	 0
0.0905 	 -0.0295 	 0 	 0
0.09075 	 -0.02925 	 0 	 0
0.091 	 -0.029 	 0 	 0
0.09125 	 -0.02875 	 0 	 0
0.0915 	 -0.0285 	 0 	 0
0.09175 	 -0.02825 	 0 	 0
0.092 	 -0.028 	 0 	 0
0.09225 	 -0.02775 	 0 	 0
0.0925 	 -0.0275 	 0 	 0
0.09275 	 -0.02725 	 0 	 0
0.093 	 -0.027 	 0 	 0
0.09325 	 -0.02675 	 0 	 0
0.0935 	 -0.0265 	 0 	 0
0.09375 	 -0.02625 	 0 	 0
0.094 	 -0.026 	 0 	 0
0.09425 	 -0.02575 	 0 	 0
0.0945 	 -0.0255 	 0 	 0
0.09475 	 -0.02525 	 0 	 0
0.095 	 -0.025 	 0 	 0
0.09525 	 -0.02475 	 0 	 0
0.0955 	 -0.0245 	 0 	 0
0.09575 	 -0.02425 	 0 	 0
0.096 	 -0.024 	 0 	 0
0.09625 	 -0.02375 	 0 	 0
0.0965 	 -0.0235 	 0 	 0
0.09675 	 -0.02325 	 0 	 0
0.097 	 -0.023 	 0 	 0
0.09725 	 -0.02275 	 0 	 0
0.0975 	 -0.0225 	 0 	 0
0.09775 	 -0.02225 	 0 	 0
0.098 	 -0.022 	 0 	 0
0.09825 	 -0.02175 	 0 	 0
0.0985 	 -0.0215 	 0 	 0
0.09875 	 -0.02125 	 0 	 0
0.099 	 -0.021 	 0 	 0
0.09925 	 -0.02075 	 0 	 0
0.0995 	 -0.0205 	 0 	 0
0.09975 	 -0.02025 	 0 	 0
0.1 	 -0.02 	 0 	 0
0.10025 	 -0.01975 	 0 	 0
0.1005 	 -0.0195 	 0 	 0
0.10075 	 -0.01925 	 0 	 0
0.101 	 -0.019 	 0 	 0
0.10125 	 -0.01875 	 0 	 0
0.1015 	 -0.0185 	 0 	 0
0.10175 	 -0.01825 	 0 	 0
0.102 	 -0.018 	 0 	 0
0.10225 	 -0.01775 	 0 	 0
0.1025 	 -0.0175 	 0 	 0
0.10275 	 -0.01725 	 0 	 0
0.103 	 -0.017 	 0 	 0
0.10325 	 -0.01675 	 0 	 0
0.1035 	 -0.0165 	 0 	 0
0.10375 	 -0.01625 	 0 	 0
0.104 	 -0.016 	 0 	 0
0.10425 	 -0.01575 	 0 	 0
0.1045 	 -0.0155 	 0 	 0
0.10475 	 -0.01525 	 0 	 0
0.105 	 -0.015 	 0 	 0
0.10525 	 -0.01475 	 0 	 0
0.1055 	 -0.0145 	 0 	 0
0.10575 	 -0.01425 	 0 	 0
0.106 	 -0.014 	 0 	 0
0.10625 	 -0.01375 	 0 	 0
0.1065 	 -0.0135 	 0 	 0
0.10675 	 -0.01325 	 0 	 0
0.107 	 -0.013 	 0 	 0
0.10725 	 -0.01275 	 0 	 0
0.1075 	 -0.0125 	 0 	 0
0.10775 	 -0.01225 	 0 	 0
0.108 	 -0.012 	 0 	 0
0.10825 	 -0.01175 	 0 	 0
0.1085 	 -0.0115 	 0 	 0
0.10875 	 -0.01125 	 0 	 0
0.109 	 -0.011 	 0 	 0
0.10925 	 -0.01075 	 0 	 0
0.1095 	 -0.0105 	 0 	 0
0.10975 	 -0.01025 	 0 	 0
0.11 	 -0.01 	 0 	 0
0.11025 	 -0.00975 	 0 	 0
0.1105 	 -0.0095 	 0 	 0
0.11075 	 -0.00925 	 0 	 0
0.111 	 -0.009 	 0 	 0
0.11125 	 -0.00875 	 0 	 0
0.1115 	 -0.0085 	 0 	 0
0.11175 	 -0.00825 	 0 	 0
0.112 	 -0.008 	 0 	 0
0.11225 	 -0.00775 	 0 	 0
0.1125 	 -0.0075 	 0 	 0
0.11275 	 -0.00725 	 0 	 0
0.113 	 -0.007 	 0 	 0
0.11325 	 -0.00675 	 0 	 0
0.1135 	 -0.0065 	 0 	 0
0.11375 	 -0.00625 	 0 	 0
0.114 	 -0.006 	 0 	 0
0.11425 	 -0.00575 	 0 	 0
0.1145 	 -0.0055 	 0 	 0
0.11475 	 -0.00525 	 0 	 0
0.115 	 -0.005 	 0 	 0
0.11525 	 -0.00475 	 0 	 0
0.1155 	 -0.0045 	 0 	 0
0.11575 	 -0.00425 	 0 	 0
0.116 	 -0.004 	 0 	 0
0.11625 	 -0.00375 	 0 	 0
0.1165 	 -0.0035 	 0 	 0
0.11675 	 -0.00325 	 0 	 0
0.117 	 -0.003 	 0 	 0
0.11725 	 -0.00275 	 0 	 3.89007e-05
0.1175 	 -0.0025 	 0 	 0.000117521
0.11775 	 -0.00225 	 0 	 0.000194918
0.118 	 -0.002 	 0 	 0.000271893
0.11825 	 -0.00175 	 0 	 0.000348421
0.1185 	 -0.0015 	 0 	 0.000424537
0.11875 	 -0.00125 	 0 	 0.000501648
0.119 	 -0.001 	 0 	 0.000575092
0.11925 	 -0.00075 	 0 	 0.000649293
0.1195 	 -0.0005 	 0 	 0.000726141
0.11975 	 -0.00025 	 0 	 0.000797844
0.12 	 0 	 1 	 0.000871879
0.12025 	 0.00025 	 1 	 0.000945203
0.1205 	 0.0005 	 1 	 0.0010171
0.12075 	 0.00075 	 1 	 0.00109029
0.121 	 0.001 	 1 	 0.00116481
0.12125 	 0.00125 	 1 	 0.0012297
0.1215 	 0.0015 	 1 	 0.00130251
0.12175 	 0.00175 	 1 	 0.00137332
0.122 	 0.002 	 1 	 0.00144008
0.12225 	 0.00225 	 1 	 0.00147777
0.1225 	 0.0025 	 1 	 0.0014636
0.12275 	 0.00275 	 1 	 0.00145642
0.123 	 0.003 	 1 	 0.00144424
0.12325 	 0.00325 	 1 	 0.00143679
0.1235 	 0.0035 	 1 	 0.00143066
0.12375 	 0.00375 	 1 	 0.0014138
0.124 	 0.004 	 1 	 0.00141059
0.12425 	 0.00425 	 1 	 0.00140032
0.1245 	 0.0045 	 1 	 0.00138646
0.12475 	 0.00475 	 1 	 0.00138376
0.125 	 0.005 	 1 	 0.00137156
0.12525 	 0.00525 	 1 	 0.00136919
0.1255 	 0.0055 	 1 	 0.00136447
0.12575 	 0.00575 	 1 	 0.00133528
0.126 	 0.006 	 1 	 0.00132584
0.12625 	 0.00625 	 1 	 0.00133993
0.1265 	 0.0065 	 1 	 0.00132053
0.12675 	 0.00675 	 1 	 0.00130513
0.127 	 0.007 	 1 	 0.00130213
0.12725 	 0.00725 	 1 	 0.00128911
0.1275 	 0.0075 	 1 	 0.00128851
0.12775 	 0.00775 	 1 	 0.00127186
0.128 	 0.008 	 1 	 0.00126639
0.12825 	 0.00825 	 1 	 0.00125537
0.1285 	 0.0085 	 1 	 0.00124761
0.12875 	 0.00875 	 1 	 0.00125349
0.129 	 0.009 	 1 	 0.00123128
0.12925 	 0.00925 	 1 	 0.00121904
0.1295 	 0.0095 	 1 	 0.00121348
0.12975 	 0.00975 	 1 	 0.00119944
0.13 	 0.01 	 1 	 0.0012038
0.13025 	 0.01025 	 1 	 0.00119224
0.1305 	 0.0105 	 1 	 0.00117564
0.13075 	 0.01075 	 1 	 0.00118579
0.131 	 0.011 	 1 	 0.00116508
0.13125 	 0.01125 	 1 	 0.00114531
0.1315 	 0.0115 	 1 	 0.00114747
0.13175 	 0.01175 	 1 	 0.00114438
0.132 	 0.012 	 1 	 0.00113901
0.13225 	 0.01225 	 1 	 0.00111605
0.1325 	 0.0125 	 1 	 0.00111056
0.13275 	 0.01275 	 1 	 0.00110949
0.133 	 0.013 	 1 	 0.00109815
0.13325 	 0.01325 	 1 	 0.00109512
0.1335 	 0.0135 	 1 	 0.00108337
0.13375 	 0.01375 	 1 	 0.00106227
0.134 	 0.014 	 1 	 0.00105883
0.13425 	 0.01425 	 1 	 0.0010584
0.1345 	 0.0145 	 1 	 0.00105454
0.13475 	 0.01475 	 1 	 0.00105468
0.135 	 0.015 	 1 	 0.00103282
0.13525 	 0.01525 	 1 	 0.00101275
0.1355 	 0.0155 	 1 	 0.00100122
0.13575 	 0.01575 	 1 	 0.00100891
0.136 	 0.016 	 1 	 0.00102744
0.13625 	 0.01625 	 1 	 0.00099576
0.1365 	 0.0165 	 1 	 0.000973618
0.13675 	 0.01675 	 1 	 0.000981256
0.137 	 0.017 	 1 	 0.000964143
0.13725 	 0.01725 	 1 	 0.000964414
0.1375 	 0.0175 	 1 	 0.000952805
0.13775 	 0.01775 	 1 	 0.000949076
0.138 	 0.018 	 1 	 0.00094755
0.13825 	 0.01825 	 1 	 0.000922869
0.1385 	 0.0185 	 1 	 0.000923402
0.13875 	 0.01875 	 1 	 0.000932924
0.139 	 0.019 	 1 	 0.000905175
0.13925 	 0.01925 	 1 	 0.000893129
0.1395 	 0.0195 	 1 	 0.000908955
0.13975 	 0.01975 	 1 	 0.000878164
0.14 	 0.02 	 1 	 0.000874686
0.14025 	 0.02025 	 1 	 0.000883761
0.1405 	 0.0205 	 1 	 0.000864791
0.14075 	 0.02075 	 1 	 0.000834177
0.141 	 0.021 	 1 	 0.00083251
0.14125 	 0.02125 	 1 	 0.00085999
0.1415 	 0.0215 	 1 	 0.000839194
0.14175 	 0.02175 	 1 	 0.000831671
0.142 	 0.022 	 1 	 0.000835687
0.14225 	 0.02225 	 1 	 0.000811744
0.1425 	 0.0225 	 1 	 0.000799102
0.14275 	 0.02275 	 1 	 0.000794559
0.143 	 0.023 	 1 	 0.00079834
0.14325 	 0.02325 	 1 	 0.000792866
0.1435 	 0.0235 	 1 	 0.000766741
0.14375 	 0.02375 	 1 	 0.00075455
0.144 	 0.024 	 1 	 0.00076966
0.14425 	 0.02425 	 1 	 0.000769034
0.1445 	 0.0245 	 1 	 0.000741859
0.14475 	 0.02475 	 1 	 0.000745762
0.145 	 0.025 	 1 	 0.00073522
0.14525 	 0.02525 	 1 	 0.000731838
0.1455 	 0.0255 	 1 	 0.000741582
0.14575 	 0.02575 	 1 	 0.0007422
0.146 	 0.026 	 1 	 0.000709522
0.14625 	 0.02625 	 1 	 0.000679398
0.1465 	 0.0265 	 1 	 0.0007052
0.14675 	 0.02675 	 1 	 0.000668315
0.147 	 0.027 	 1 	 0.000665965
0.14725 	 0.02725 	 1 	 0.000677093
0.1475 	 0.0275 	 1 	 0.000685787
0.14775 	 0.02775 	 1 	 0.000685197
0.148 	 0.028 	 1 	 0.000630806
0.14825 	 0.02825 	 1 	 0.000649742
0.1485 	 0.0285 	 1 	 0.000666742
0.14875 	 0.02875 	 1 	 0.000648247
0.149 	 0.029 	 1 	 0.000636716
0.14925 	 0.02925 	 1 	 0.000616439
0.1495 	 0.0295 	 1 	 0.000614725
0.14975 	 0.02975 	 1 	 0.00062
0.15 	 0.03 	 1 	 0.000604763
0.15025 	 0.03025 	 1 	 0.000587276
0.1505 	 0.0305 	 1 	 0.000590777
0.15075 	 0.03075 	 1 	 0.000580222
0.151 	 0.031 	 1 	 0.000591602
0.15125 	 0.03125 	 1 	 0.000598973
0.1515 	 0.0315 	 1 	 0.000573391
0.15175 	 0.03175 	 1 	 0.000573555
0.152 	 0.032 	 1 	 0.000557687
0.15225 	 0.03225 	 1 	 0.000556344
0.1525 	 0.0325 	 1 	 0.000532892
0.15275 	 0.03275 	 1 	 0.000530034
0.153 	 0.033 	 1 	 0.000565542
0.15325 	 0.03325 	 1 	 0.00052269
0.1535 	 0.0335 	 1 	 0.000504311
0.15375 	 0.03375 	 1 	 0.000528044
0.154 	 0.034 	 1 	 0.00051999
0.15425 	 0.03425 	 1 	 0.000492918
0.1545 	 0.0345 	 1 	 0.00051392
0.15475 	 0.03475 	 1 	 0.000509144
0.155 	 0.035 	 1 	 0.000480114
0.15525 	 0.03525 	 1 	 0.000487675
0.1555 	 0.0355 	 1 	 0.000481311
0.15575 	 0.03575 	 1 	 0.000486424
0.156 	 0.036 	 1 	 0.00045073
0.15625 	 0.03625 	 1 	 0.000446083
0.1565 	 0.0365 	 1 	 0.000449882
0.15675 	 0.03675 	 1 	 0.000457108
0.157 	 0.037 	 1 	 0.000474928
0.15725 	 0.03725 	 1 	 0.000456573
0.1575 	 0.0375 	 1 	 0.000434626
0.15775 	 0.03775 	 1 	 0.00040338
0.158 	 0.038 	 1 	 0.000417504
0.15825 	 0.03825 	 1 	 0.000439418
0.1585 	 0.0385 	 1 	 0.000424747
0.15875 	 0.03875 	 1 	 0.000391063
0.159 	 0.039 	 1 	 0.000400546
0.15925 	 0.03925 	 1 	 0.00042073
0.1595 	 0.0395 	 1 	 0.000371059
0.15975 	 0.03975 	 1 	 0.000385988
0.16 	 0.04 	 1 	 0.000416087
0.16025 	 0.04025 	 1 	 0.000394658
0.1605 	 0.0405 	 1 	 0.000358496
0.16075 	 0.04075 	 1 	 0.000356412
0.161 	 0.041 	 1 	 0.000392506
0.16125 	 0.04125 	 1 	 0.000358881
0.1615 	 0.0415 	 1 	 0.00035806
0.16175 	 0.04175 	 1 	 0.000330289
0.162 	 0.042 	 1 	 0.000327352
0.16225 	 0.04225 	 1 	 0.00035507
0.1625 	 0.0425 	 1 	 0.000358912
0.16275 	 0.04275 	 1 	 0.000351984
0.163 	 0.043 	 1 	 0.000311749
0.16325 	 0.04325 	 1 	 0.000311896
0.1635 	 0.0435 	 1 	 0.000320416
0.16375 	 0.04375 	 1 	 0.000341548
0.164 	 0.044 	 1 	 0.000310463
0.16425 	 0.04425 	 1 	 0.000298869
0.1645 	 0.0445 	 1 	 0.000314385
0.16475 	 0.04475 	 1 	 0.000278055
0.165 	 0.045 	 1 	 0.000276324
0.16525 	 0.04525 	 1 	 0.000278097
0.1655 	 0.0455 	 1 	 0.000294375
0.16575 	 0.04575 	 1 	 0.000276256
0.166 	 0.046 	 1 	 0.00026867
0.16625 	 0.04625 	 1 	 0.000292368
0.1665 	 0.0465 	 1 	 0.000294821
0.16675 	 0.04675 	 1 	 0.00027535
0.167 	 0.047 	 1 	 0.000235525
0.16725 	 0.04725 	 1 	 0.000250065
0.1675 	 0.0475 	 1 	 0.000232804
0.16775 	 0.04775 	 1 	 0.000250455
0.168 	 0.048 	 1 	 0.000250617
0.16825 	 0.04825 	 1 	 0.000231328
0.1685 	 0.0485 	 1 	 0.000238349
0.16875 	 0.04875 	 1 	 0.000205615
0.169 	 0.049 	 1 	 0.00023165
0.16925 	 0.04925 	 1 	 0.0002343
0.1695 	 0.0495 	 1 	 0.000222062
0.16975 	 0.04975 	 1 	 0.000226987
0.17 	 0.05 	 1 	 0.000225546
0.17025 	 0.05025 	 1 	 0.000211932
0.1705 	 0.0505 	 1 	 0.000208146
0.17075 	 0.05075 	 1 	 0.000216225
0.171 	 0.051 	 1 	 0.000184233
0.17125 	 0.05125 	 1 	 0.000160896
0.1715 	 0.0515 	 1 	 0.000160854
0.17175 	 0.05175 	 1 	 0.000219514
0.172 	 0.052 	 1 	 0.000204275
0.17225 	 0.05225 	 1 	 0.00014408
0.1725 	 0.0525 	 1 	 0.000181175
0.17275 	 0.05275 	 1 	 0.000168571
0.173 	 0.053 	 1 	 0.000176463
0.17325 	 0.05325 	 1 	 0.000179975
0.1735 	 0.0535 	 1 	 0.000169869
0.17375 	 0.05375 	 1 	 0.00016179
0.174 	 0.054 	 1 	 0.000142744
0.17425 	 0.05425 	 1 	 0.000151101
0.1745 	 0.0545 	 1 	 0.000134514
0.17475 	 0.05475 	 1 	 0.000141083
0.175 	 0.055 	 1 	 0.000128456
0.17525 	 0.05525 	 1 	 0.000130991
0.1755 	 0.0555 	 1 	 0.000137334
0.17575 	 0.05575 	 1 	 0.000131897
0.176 	 0.056 	 1 	 0.000137604
0.17625 	 0.05625 	 1 	 0.000126738
0.1765 	 0.0565 	 1 	 0.000120958
0.17675 	 0.05675 	 1 	 0.000113069
0.177 	 0.057 	 1 	 0.000118864
0.17725 	 0.05725 	 1 	 0.000132207
0.1775 	 0.0575 	 1 	 0.000106846
0.17775 	 0.05775 	 1 	 9.8317e-05
0.178 	 0.058 	 1 	 0.000111837
0.17825 	 0.05825 	 1 	 0.000102435
0.1785 	 0.0585 	 1 	 7.58446e-05
0.17875 	 0.05875 	 1 	 8.96693e-05
0.179 	 0.059 	 1 	 0.00010314
0.17925 	 0.05925 	 1 	 9.51321e-05
0.1795 	 0.0595 	 1 	 9.53386e-05
0.17975 	 0.05975 	 1 	 8.13285e-05
0.18 	 0.06 	 1 	 6.81178e-05
0.18025 	 0.06025 	 1 	 7.73986e-05
0.1805 	 0.0605 	 1 	 8.48119e-05
0.18075 	 0.06075 	 1 	 7.33277e-05
0.181 	 0.061 	 1 	 7.83421e-05
0.18125 	 0.06125 	 1 	 7.00854e-05
0.1815 	 0.0615 	 1 	 6.24977e-05
0.18175 	 0.06175 	 1 	 5.40139e-05
0.182 	 0.062 	 1 	 5.26478e-05
0.18225 	 0.06225 	 1 	 5.67252e-05
0.1825 	 0.0625 	 1 	 5.38489e-05
0.18275 	 0.06275 	 1 	 4.39086e-05
0.183 	 0.063 	 1 	 3.04856e-05
0.18325 	 0.06325 	 1 	 4.8622e-05
0.1835 	 0.0635 	 1 	 6.4518e-05
0.18375 	 0.06375 	 1 	 3.89309e-05
0.184 	 0.064 	 1 	 2.84164e-05
0.18425 	 0.06425 	 1 	 4.26626e-05
0.1845 	 0.0645 	 1 	 4.60997e-05
0.18475 	 0.06475 	 1 	 3.16847e-05
0.185 	 0.065 	 1 	 4.01482e-05
0.18525 	 0.06525 	 1 	 3.15234e-05
0.1855 	 0.0655 	 1 	 -4.84658e-06
0.18575 	 0.06575 	 1 	 7.00452e-06
0.186 	 0.066 	 1 	 1.60782e-05
0.18625 	 0.06625 	 1 	 2.08303e-05
0.1865 	 0.0665 	 1 	 1.97524e-05
0.18675 	 0.06675 	 1 	 1.25354e-05
0.187 	 0.067 	 1 	 1.72473e-05
0.18725 	 0.06725 	 1 	 1.54511e-05
0.1875 	 0.0675 	 1 	 9.83871e-06
0.18775 	 0.06775 	 1 	 3.02231e-05
0.188 	 0.068 	 1 	 6.5233e-06
0.18825 	 0.06825 	 1 	 -2.9881e-05
0.1885 	 0.0685 	 1 	 -1.18155e-06
0.18875 	 0.06875 	 1 	 1.16616e-05
0.189 	 0.069 	 1 	 -7.77018e-06
0.18925 	 0.06925 	 1 	 -2.14429e-05
0.1895 	 0.0695 	 1 	 -3.18538e-05
0.18975 	 0.06975 	 1 	 -2.27987e-05
0.19 	 0.07 	 1 	 -3.92798e-06
0.19025 	 0.07025 	 1 	 -6.34213e-06
0.1905 	 0.0705 	 1 	 6.08203e-06
0.19075 	 0.07075 	 1 	 -1.36029e-05
0.191 	 0.071 	 1 	 -4.41199e-05
0.19125 	 0.07125 	 1 	 -7.24919e-06
0.1915 	 0.0715 	 1 	 -1.08769e-05
0.19175 	 0.07175 	 1 	 -3.17613e-05
0.192 	 0.072 	 1 	 -3.30681e-05
0.19225 	 0.07225 	 1 	 -5.38433e-05
0.1925 	 0.0725 	 1 	 -3.48682e-05
0.19275 	 0.07275 	 1 	 -3.81243e-05
0.193 	 0.073 	 1 	 -2.81502e-05
0.19325 	 0.07325 	 1 	 -2.67444e-05
0.1935 	 0.0735 	 1 	 -6.41533e-05
0.19375 	 0.07375 	 1 	 -4.70283e-05
0.194 	 0.074 	 1 	 -3.43101e-05
0.19425 	 0.07425 	 1 	 -2.21864e-05
0.1945 	 0.0745 	 1 	 -3.14202e-05
0.19475 	 0.07475 	 1 	 -5.6951e-05
0.195 	 0.075 	 1 	 -4.79642e-05
0.19525 	 0.07525 	 1 	 -5.13733e-05
0.1955 	 0.0755 	 1 	 -5.69942e-05
0.19575 	 0.07575 	 1 	 -5.46188e-05
0.196 	 0.076 	 1 	 -5.19714e-05
0.19625 	 0.07625 	 1 	 -6.38835e-05
0.1965 	 0.0765 	 1 	 -7.41344e-05
0.19675 	 0.07675 	 1 	 -6.10458e-05
0.197 	 0.077 	 1 	 -5.10299e-05
0.19725 	 0.07725 	 1 	 -5.15737e-05
0.1975 	 0.0775 	 1 	 -7.03901e-05
0.19775 	 0.07775 	 1 	 -6.12891e-05
0.198 	 0.078 	 1 	 -6.92427e-05
0.19825 	 0.07825 	 1 	 -6.33305e-05
0.1985 	 0.0785 	 1 	 -5.91058e-05
0.19875 	 0.07875 	 1 	 -8.64048e-05
0.199 	 0.079 	 1 	 -7.11641e-05
0.19925 	 0.07925 	 1 	 -8.03423e-05
0.1995 	 0.0795 	 1 	 -7.44443e-05
0.19975 	 0.07975 	 1 	 -6.48725e-05
0.2 	 0.08 	 1 	 -8.58421e-05
0.20025 	 0.08025 	 1 	 -8.79441e-05
0.2005 	 0.0805 	 1 	 -8.3664e-05
0.20075 	 0.08075 	 1 	 -8.58381e-05
0.201 	 0.081 	 1 	 -7.17411e-05
0.20125 	 0.08125 	 1 	 -7.49614e-05
0.2015 	 0.0815 	 1 	 -8.81682e-05
0.20175 	 0.08175 	 1 	 -7.90703e-05
0.202 	 0.082 	 1 	 -9.34641e-05
0.20225 	 0.08225 	 1 	 -9.16873e-05
0.2025 	 0.0825 	 1 	 -8.1336e-05
0.20275 	 0.08275 	 1 	 -0.000101715
0.203 	 0.083 	 1 	 -9.08505e-05
0.20325 	 0.08325 	 1 	 -9.72234e-05
0.2035 	 0.0835 	 1 	 -9.57861e-05
0.20375 	 0.08375 	 1 	 -8.03321e-05
0.204 	 0.084 	 1 	 -0.00010207
0.20425 	 0.08425 	 1 	 -0.000109819
0.2045 	 0.0845 	 1 	 -0.000103233
0.20475 	 0.08475 	 1 	 -8.48674e-05
0.205 	 0.085 	 1 	 -9.66311e-05
0.20525 	 0.08525 	 1 	 -0.000110167
0.2055 	 0.0855 	 1 	 -9.26056e-05
0.20575 	 0.08575 	 1 	 -8.33455e-05
0.206 	 0.086 	 1 	 -0.000119507
0.20625 	 0.08625 	 1 	 -0.000118762
0.2065 	 0.0865 	 1 	 -0.00010291
0.20675 	 0.08675 	 1 	 -0.00012655
0.207 	 0.087 	 1 	 -0.000101344
0.20725 	 0.08725 	 1 	 -0.000100325
0.2075 	 0.0875 	 1 	 -0.000109332
0.20775 	 0.08775 	 1 	 -0.000120419
0.208 	 0.088 	 1 	 -0.000118997
0.20825 	 0.08825 	 1 	 -9.92243e-05
0.2085 	 0.0885 	 1 	 -9.90595e-05
0.20875 	 0.08875 	 1 	 -9.85835e-05
0.209 	 0.089 	 1 	 -0.000123447
0.20925 	 0.08925 	 1 	 -0.000116255
0.2095 	 0.0895 	 1 	 -0.000120202
0.20975 	 0.08975 	 1 	 -0.000134385
0.21 	 0.09 	 1 	 -0.000119989
0.21025 	 0.09025 	 1 	 -0.000122724
0.2105 	 0.0905 	 1 	 -0.000124852
0.21075 	 0.09075 	 1 	 -0.00013114
0.211 	 0.091 	 1 	 -0.000106244
0.21125 	 0.09125 	 1 	 -0.000109533
0.2115 	 0.0915 	 1 	 -0.000117434
0.21175 	 0.09175 	 1 	 -0.000119253
0.212 	 0.092 	 1 	 -0.000135905
0.21225 	 0.09225 	 1 	 -0.000123733
0.2125 	 0.0925 	 1 	 -0.000120103
0.21275 	 0.09275 	 1 	 -0.000107642
0.213 	 0.093 	 1 	 -0.000134649
0.21325 	 0.09325 	 1 	 -0.000146827
0.2135 	 0.0935 	 1 	 -0.000140885
0.21375 	 0.09375 	 1 	 -0.000147283
0.214 	 0.094 	 1 	 -0.000108523
0.21425 	 0.09425 	 1 	 -0.00011524
0.2145 	 0.0945 	 1 	 -0.000131255
0.21475 	 0.09475 	 1 	 -0.000131495
0.215 	 0.095 	 1 	 -0.000122715
0.21525 	 0.09525 	 1 	 -0.000118615
0.2155 	 0.0955 	 1 	 -0.000137761
0.21575 	 0.09575 	 1 	 -0.00013743
0.216 	 0.096 	 1 	 -0.000147336
0.21625 	 0.09625 	 1 	 -0.000134617
0.2165 	 0.0965 	 1 	 -0.000131488
0.21675 	 0.09675 	 1 	 -0.000130296
0.217 	 0.097 	 1 	 -0.000136696
0.21725 	 0.09725 	 1 	 -0.000183228
0.2175 	 0.0975 	 1 	 -0.000262997
0.21775 	 0.09775 	 1 	 -0.000337177
0.218 	 0.098 	 1 	 -0.00037934
0.21825 	 0.09825 	 1 	 -0.000466595
0.2185 	 0.0985 	 1 	 -0.000574378
0.21875 	 0.09875 	 1 	 -0.00063343
0.219 	 0.099 	 1 	 -0.000701719
0.21925 	 0.09925 	 1 	 -0.000787292
0.2195 	 0.0995 	 1 	 -0.000848784
0.21975 	 0.09975 	 1 	 -0.000914346
0.22 	 0.1 	 0 	 -0.000997142
0.22025 	 0.10025 	 0 	 -0.00106036
0.2205 	 0.1005 	 0 	 -0.00111941
0.22075 	 0.10075 	 0 	 -0.00118621
0.221 	 0.101 	 0 	 -0.0012697
0.22125 	 0.10125 	 0 	 -0.00134032
0.2215 	 0.1015 	 0 	 -0.00138672
0.22175 	 0.10175 	 0 	 -0.00144526
0.222 	 0.102 	 0 	 -0.00151021
0.22225 	 0.10225 	 0 	 -0.00155071
0.2225 	 0.1025 	 0 	 -0.00152423
0.22275 	 0.10275 	 0 	 -0.00151564
0.223 	 0.103 	 0 	 -0.00151463
0.22325 	 0.10325 	 0 	 -0.00147303
0.2235 	 0.1035 	 0 	 -0.00144865
0.22375 	 0.10375 	 0 	 -0.00145404
0.224 	 0.104 	 0 	 -0.00145538
0.22425 	 0.10425 	 0 	 -0.00142789
0.2245 	 0.1045 	 0 	 -0.0014002
0.22475 	 0.10475 	 0 	 -0.00140006
0.225 	 0.105 	 0 	 -0.00139158
0.22525 	 0.10525 	 0 	 -0.00136725
0.2255 	 0.1055 	 0 	 -0.00135572
0.22575 	 0.10575 	 0 	 -0.00134029
0.226 	 0.106 	 0 	 -0.00129885
0.22625 	 0.10625 	 0 	 -0.00130969
0.2265 	 0.1065 	 0 	 -0.00130968
0.22675 	 0.10675 	 0 	 -0.00129469
0.227 	 0.107 	 0 	 -0.00128725
0.22725 	 0.10725 	 0 	 -0.00124835
0.2275 	 0.1075 	 0 	 -0.00124443
0.22775 	 0.10775 	 0 	 -0.00124092
0.228 	 0.108 	 0 	 -0.00122638
0.22825 	 0.10825 	 0 	 -0.00121904
0.2285 	 0.1085 	 0 	 -0.00121008
0.22875 	 0.10875 	 0 	 -0.0011787
0.229 	 0.109 	 0 	 -0.00115813
0.22925 	 0.10925 	 0 	 -0.00115966
0.2295 	 0.1095 	 0 	 -0.00115296
0.22975 	 0.10975 	 0 	 -0.00113007
0.23 	 0.11 	 0 	 -0.00111408
0.23025 	 0.11025 	 0 	 -0.00111779
0.2305 	 0.1105 	 0 	 -0.00110337
0.23075 	 0.11075 	 0 	 -0.00109307
0.231 	 0.111 	 0 	 -0.00109547
0.23125 	 0.11125 	 0 	 -0.00107292
0.2315 	 0.1115 	 0 	 -0.00105485
0.23175 	 0.11175 	 0 	 -0.00104461
0.232 	 0.112 	 0 	 -0.00103181
0.23225 	 0.11225 	 0 	 -0.00101923
0.2325 	 0.1125 	 0 	 -0.0010116
0.23275 	 0.11275 	 0 	 -0.00100002
0.233 	 0.113 	 0 	 -0.000990087
0.23325 	 0.11325 	 0 	 -0.00097667
0.2335 	 0.1135 	 0 	 -0.000954454
0.23375 	 0.11375 	 0 	 -0.000975262
0.234 	 0.114 	 0 	 -0.000967119
0.23425 	 0.11425 	 0 	 -0.000939318
0.2345 	 0.1145 	 0 	 -0.000931676
0.23475 	 0.11475 	 0 	 -0.000918537
0.235 	 0.115 	 0 	 -0.000911095
0.23525 	 0.11525 	 0 	 -0.000894624
0.2355 	 0.1155 	 0 	 -0.000896013
0.23575 	 0.11575 	 0 	 -0.000881158
0.236 	 0.116 	 0 	 -0.000865006
0.23625 	 0.11625 	 0 	 -0.000860081
0.2365 	 0.1165 	 0 	 -0.000852303
0.23675 	 0.11675 	 0 	 -0.000845082
0.237 	 0.117 	 0 	 -0.000832578
0.23725 	 0.11725 	 0 	 -0.000836894
0.2375 	 0.1175 	 0 	 -0.000817333
0.23775 	 0.11775 	 0 	 -0.000806903
0.238 	 0.118 	 0 	 -0.0008087
0.23825 	 0.11825 	 0 	 -0.000797223
0.2385 	 0.1185 	 0 	 -0.000780771
0.23875 	 0.11875 	 0 	 -0.000763216
0.239 	 0.119 	 0 	 -0.00075896
0.23925 	 0.11925 	 0 	 -0.000760748
0.2395 	 0.1195 	 0 	 -0.00076146
0.23975 	 0.11975 	 0 	 -0.00074316
0.24 	 0.12 	 0 	 -0.000730052
0.24025 	 0.12025 	 0 	 -0.000724482
0.2405 	 0.1205 	 0 	 -0.00071584
0.24075 	 0.12075 	 0 	 -0.000715003
0.241 	 0.121 	 0 	 -0.000700346
0.24125 	 0.12125 	 0 	 -0.000691645
0.2415 	 0.1215 	 0 	 -0.000684774
0.24175 	 0.12175 	 0 	 -0.000681652
0.242 	 0.122 	 0 	 -0.000672246
0.24225 	 0.12225 	 0 	 -0.000665809
0.2425 	 0.1225 	 0 	 -0.000665201
0.24275 	 0.12275 	 0 	 -0.000641623
0.243 	 0.123 	 0 	 -0.000636006
0.24325 	 0.12325 	 0 	 -0.000634211
0.2435 	 0.1235 	 0 	 -0.000636802
0.24375 	 0.12375 	 0 	 -0.000626067
0.244 	 0.124 	 0 	 -0.000610793
0.24425 	 0.12425 	 0 	 -0.000603946
0.2445 	 0.1245 	 0 	 -0.00058817
0.24475 	 0.12475 	 0 	 -0.000599734
0.245 	 0.125 	 0 	 -0.000595632
0.24525 	 0.12525 	 0 	 -0.00058306
0.2455 	 0.1255 	 0 	 -0.000576322
0.24575 	 0.12575 	 0 	 -0.000564361
0.246 	 0.126 	 0 	 -0.000562796
0.24625 	 0.12625 	 0 	 -0.000557297
0.2465 	 0.1265 	 0 	 -0.000552872
0.24675 	 0.12675 	 0 	 -0.000540367
0.247 	 0.127 	 0 	 -0.000535742
0.24725 	 0.12725 	 0 	 -0.000530875
0.2475 	 0.1275 	 0 	 -0.000522828
0.24775 	 0.12775 	 0 	 -0.000516163
0.248 	 0.128 	 0 	 -0.000512126
0.24825 	 0.12825 	 0 	 -0.000511153
0.2485 	 0.1285 	 0 	 -0.000499862
0.24875 	 0.12875 	 0 	 -0.000497638
0.249 	 0.129 	 0 	 -0.000494153
0.24925 	 0.12925 	 0 	 -0.000488161
0.2495 	 0.1295 	 0 	 -0.000475297
0.24975 	 0.12975 	 0 	 -0.000465339
0.25 	 0.13 	 0 	 -0.000473028
0.25025 	 0.13025 	 0 	 -0.000462099
0.2505 	 0.1305 	 0 	 -0.00045381
0.25075 	 0.13075 	 0 	 -0.000451333
0.251 	 0.131 	 0 	 -0.00044819
0.25125 	 0.13125 	 0 	 -0.000440783
0.2515 	 0.1315 	 0 	 -0.000433472
0.25175 	 0.13175 	 0 	 -0.000435923
0.252 	 0.132 	 0 	 -0.000425802
0.25225 	 0.13225 	 0 	 -0.000416564
0.2525 	 0.1325 	 0 	 -0.000417046
0.25275 	 0.13275 	 0 	 -0.000421248
0.253 	 0.133 	 0 	 -0.000406692
0.25325 	 0.13325 	 0 	 -0.000400013
0.2535 	 0.1335 	 0 	 -0.000400066
0.25375 	 0.13375 	 0 	 -0.000388902
0.254 	 0.134 	 0 	 -0.00038616
0.25425 	 0.13425 	 0 	 -0.000382588
0.2545 	 0.1345 	 0 	 -0.000385876
0.25475 	 0.13475 	 0 	 -0.000375282
0.255 	 0.135 	 0 	 -0.000364444
0.25525 	 0.13525 	 0 	 -0.000367584
0.2555 	 0.1355 	 0 	 -0.000363636
0.25575 	 0.13575 	 0 	 -0.000359879
0.256 	 0.136 	 0 	 -0.000352906
0.25625 	 0.13625 	 0 	 -0.00034954
0.2565 	 0.1365 	 0 	 -0.000347574
0.25675 	 0.13675 	 0 	 -0.000343544
0.257 	 0.137 	 0 	 -0.000338094
0.25725 	 0.13725 	 0 	 -0.000332211
0.2575 	 0.1375 	 0 	 -0.000327306
0.25775 	 0.13775 	 0 	 -0.00032146
0.258 	 0.138 	 0 	 -0.000323856
0.25825 	 0.13825 	 0 	 -0.000319059
0.2585 	 0.1385 	 0 	 -0.000309928
0.25875 	 0.13875 	 0 	 -0.000309042
0.259 	 0.139 	 0 	 -0.000306142
0.25925 	 0.13925 	 0 	 -0.000307837
0.2595 	 0.1395 	 0 	 -0.000298521
0.25975 	 0.13975 	 0 	 -0.000293258
0.26 	 0.14 	 0 	 -0.000292822
0.26025 	 0.14025 	 0 	 -0.00029023
0.2605 	 0.1405 	 0 	 -0.000289154
0.26075 	 0.14075 	 0 	 -0.000282365
0.261 	 0.141 	 0 	 -0.000274691
0.26125 	 0.14125 	 0 	 -0.000272526
0.2615 	 0.1415 	 0 	 -0.000270397
0.26175 	 0.14175 	 0 	 -0.000266294
0.262 	 0.142 	 0 	 -0.000268567
0.26225 	 0.14225 	 0 	 -0.000263052
0.2625 	 0.1425 	 0 	 -0.000257721
0.26275 	 0.14275 	 0 	 -0.00025576
0.263 	 0.143 	 0 	 -0.0002518
0.26325 	 0.14325 	 0 	 -0.000251664
0.2635 	 0.1435 	 0 	 -0.000248631
0.26375 	 0.14375 	 0 	 -0.00024351
0.264 	 0.144 	 0 	 -0.000242266
0.26425 	 0.14425 	 0 	 -0.000236694
0.2645 	 0.1445 	 0 	 -0.000234327
0.26475 	 0.14475 	 0 	 -0.000232013
0.265 	 0.145 	 0 	 -0.00022799
0.26525 	 0.14525 	 0 	 -0.000224328
0.2655 	 0.1455 	 0 	 -0.00022036
0.26575 	 0.14575 	 0 	 -0.000222052
0.266 	 0.146 	 0 	 -0.000219994
0.26625 	 0.14625 	 0 	 -0.000216003
0.2665 	 0.1465 	 0 	 -0.000215027
0.26675 	 0.14675 	 0 	 -0.000208834
0.267 	 0.147 	 0 	 -0.00020419
0.26725 	 0.14725 	 0 	 -0.000205775
0.2675 	 0.1475 	 0 	 -0.000204682
0.26775 	 0.14775 	 0 	 -0.000201804
0.268 	 0.148 	 0 	 -0.000196472
0.26825 	 0.14825 	 0 	 -0.000191544
0.2685 	 0.1485 	 0 	 -0.00019191
0.26875 	 0.14875 	 0 	 -0.000190078
0.269 	 0.149 	 0 	 -0.00018787
0.26925 	 0.14925 	 0 	 -0.000184036
0.2695 	 0.1495 	 0 	 -0.000182409
0.26975 	 0.14975 	 0 	 -0.000183907
0.27 	 0.15 	 0 	 -0.000179372
0.27025 	 0.15025 	 0 	 -0.000176781
0.2705 	 0.1505 	 0 	 -0.000172406
0.27075 	 0.15075 	 0 	 -0.000170259
0.271 	 0.151 	 0 	 -0.000172167
0.27125 	 0.15125 	 0 	 -0.000168804
0.2715 	 0.1515 	 0 	 -0.000165063
0.27175 	 0.15175 	 0 	 -0.000161762
0.272 	 0.152 	 0 	 -0.000160604
0.27225 	 0.15225 	 0 	 -0.000159127
0.2725 	 0.1525 	 0 	 -0.000156889
0.27275 	 0.15275 	 0 	 -0.000155486
0.273 	 0.153 	 0 	 -0.000152002
0.27325 	 0.15325 	 0 	 -0.000151968
0.2735 	 0.1535 	 0 	 -0.000150504
0.27375 	 0.15375 	 0 	 -0.00014911
0.274 	 0.154 	 0 	 -0.000147151
0.27425 	 0.15425 	 0 	 -0.000142044
0.2745 	 0.1545 	 0 	 -0.000141015
0.27475 	 0.15475 	 0 	 -0.000139721
0.275 	 0.155 	 0 	 -0.000141376
0.27525 	 0.15525 	 0 	 -0.00014027
0.2755 	 0.1555 	 0 	 -0.000134211
0.27575 	 0.15575 	 0 	 -0.000133246
0.276 	 0.156 	 0 	 -0.00013219
0.27625 	 0.15625 	 0 	 -0.000131291
0.2765 	 0.1565 	 0 	 -0.000133001
0.27675 	 0.15675 	 0 	 -0.00013053
0.277 	 0.157 	 0 	 -0.000128608
0.27725 	 0.15725 	 0 	 -0.00012699
0.2775 	 0.1575 	 0 	 -0.000124511
0.27775 	 0.15775 	 0 	 -0.000125308
0.278 	 0.158 	 0 	 -0.000123785
0.27825 	 0.15825 	 0 	 -0.000121344
0.2785 	 0.1585 	 0 	 -0.000119809
0.27875 	 0.15875 	 0 	 -0.000116996
0.279 	 0.159 	 0 	 -0.000118138
0.27925 	 0.15925 	 0 	 -0.00011792
0.2795 	 0.1595 	 0 	 -0.000115783
0.27975 	 0.15975 	 0 	 -0.000113802
0.28 	 0.16 	 0 	 -0.000109486
0.28025 	 0.16025 	 0 	 -0.000110679
0.2805 	 0.1605 	 0 	 -0.000112145
0.28075 	 0.16075 	 0 	 -0.000109222
0.281 	 0.161 	 0 	 -0.000107092
0.28125 	 0.16125 	 0 	 -0.000104782
0.2815 	 0.1615 	 0 	 -0.000102432
0.28175 	 0.16175 	 0 	 -0.000102791
0.282 	 0.162 	 0 	 -0.00010153
0.28225 	 0.16225 	 0 	 -9.90766e-05
0.2825 	 0.1625 	 0 	 -9.80667e-05
0.28275 	 0.16275 	 0 	 -9.58111e-05
0.283 	 0.163 	 0 	 -9.52578e-05
0.28325 	 0.16325 	 0 	 -9.53162e-05
0.2835 	 0.1635 	 0 	 -9.35427e-05
0.28375 	 0.16375 	 0 	 -9.21313e-05
0.284 	 0.164 	 0 	 -8.99368e-05
0.28425 	 0.16425 	 0 	 -8.93316e-05
0.2845 	 0.1645 	 0 	 -8.91554e-05
0.28475 	 0.16475 	 0 	 -8.788e-05
0.285 	 0.165 	 0 	 -8.62941e-05
0.28525 	 0.16525 	 0 	 -8.3779e-05
0.2855 	 0.1655 	 0 	 -8.2641e-05
0.28575 	 0.16575 	 0 	 -8.23731e-05
0.286 	 0.166 	 0 	 -8.10554e-05
0.28625 	 0.16625 	 0 	 -8.05923e-05
0.2865 	 0.1665 	 0 	 -7.91159e-05
0.28675 	 0.16675 	 0 	 -7.68802e-05
0.287 	 0.167 	 0 	 -7.68613e-05
0.28725 	 0.16725 	 0 	 -7.62844e-05
0.2875 	 0.1675 	 0 	 -7.47482e-05
0.28775 	 0.16775 	 0 	 -7.40168e-05
0.288 	 0.168 	 0 	 -7.27646e-05
0.28825 	 0.16825 	 0 	 -7.21982e-05
0.2885 	 0.1685 	 0 	 -7.16555e-05
0.28875 	 0.16875 	 0 	 -7.007e-05
0.289 	 0.169 	 0 	 -6.84432e-05
0.28925 	 0.16925 	 0 	 -6.65894e-05
0.2895 	 0.1695 	 0 	 -6.68115e-05
0.28975 	 0.16975 	 0 	 -6.58907e-05
0.29 	 0.17 	 0 	 -6.49591e-05
0.29025 	 0.17025 	 0 	 -6.44992e-05
0.2905 	 0.1705 	 0 	 -6.29265e-05
0.29075 	 0.17075 	 0 	 -6.29629e-05
0.291 	 0.171 	 0 	 -6.20193e-05
0.29125 	 0.17125 	 0 	 -6.04458e-05
0.2915 	 0.1715 	 0 	 -6.00375e-05
0.29175 	 0.17175 	 0 	 -5.94429e-05
0.292 	 0.172 	 0 	 -5.86959e-05
0.29225 	 0.17225 	 0 	 -5.76545e-05
0.2925 	 0.1725 	 0 	 -5.67138e-05
0.29275 	 0.17275 	 0 	 -5.54998e-05
0.293 	 0.173 	 0 	 -5.40704e-05
0.29325 	 0.17325 	 0 	 -5.3693e-05
0.2935 	 0.1735 	 0 	 -5.30522e-05
0.29375 	 0.17375 	 0 	 -5.27111e-05
0.294 	 0.174 	 0 	 -5.25937e-05
0.29425 	 0.17425 	 0 	 -5.19408e-05
0.2945 	 0.1745 	 0 	 -5.06427e-05
0.29475 	 0.17475 	 0 	 -4.97552e-05
0.295 	 0.175 	 0 	 -4.92988e-05
0.29525 	 0.17525 	 0 	 -4.82278e-05
0.2955 	 0.1755 	 0 	 -4.80642e-05
0.29575 	 0.17575 	 0 	 -4.71774e-05
0.296 	 0.176 	 0 	 -4.63789e-05
0.29625 	 0.17625 	 0 	 -4.56117e-05
0.2965 	 0.1765 	 0 	 -4.45868e-05
0.29675 	 0.17675 	 0 	 -4.40349e-05
0.297 	 0.177 	 0 	 -4.33999e-05
0.29725 	 0.17725 	 0 	 -4.29672e-05
0.2975 	 0.1775 	 0 	 -4.25616e-05
0.29775 	 0.17775 	 0 	 -4.23638e-05
0.298 	 0.178 	 0 	 -4.19069e-05
0.29825 	 0.17825 	 0 	 -4.10329e-05
0.2985 	 0.1785 	 0 	 -4.01831e-05
0.29875 	 0.17875 	 0 	 -3.95992e-05
0.299 	 0.179 	 0 	 -3.89682e-05
0.29925 	 0.17925 	 0 	 -3.85208e-05
0.2995 	 0.1795 	 0 	 -3.80545e-05
0.29975 	 0.17975 	 0 	 -3.71522e-05
0.3 	 0.18 	 0 	 -3.63134e-05
0.30025 	 0.18025 	 0 	 -3.60322e-05
0.3005 	 0.1805 	 0 	 -3.54978e-05
0.30075 	 0.18075 	 0 	 -3.50629e-05
0.301 	 0.181 	 0 	 -3.45136e-05
0.30125 	 0.18125 	 0 	 -3.43693e-05
0.3015 	 0.1815 	 0 	 -3.42499e-05
0.30175 	 0.18175 	 0 	 -3.36e-05
0.302 	 0.182 	 0 	 -3.29864e-05
0.30225 	 0.18225 	 0 	 -3.22038e-05
0.3025 	 0.1825 	 0 	 -3.17906e-05
0.30275 	 0.18275 	 0 	 -3.14608e-05
0.303 	 0.183 	 0 	 -3.09301e-05
0.30325 	 0.18325 	 0 	 -3.01627e-05
0.3035 	 0.1835 	 0 	 -2.95818e-05
0.30375 	 0.18375 	 0 	 -2.93843e-05
0.304 	 0.184 	 0 	 -2.88227e-05
0.30425 	 0.18425 	 0 	 -2.84849e-05
0.3045 	 0.1845 	 0 	 -2.82275e-05
0.30475 	 0.18475 	 0 	 -2.79533e-05
0.305 	 0.185 	 0 	 -2.792e-05
0.30525 	 0.18525 	 0 	 -2.71045e-05
0.3055 	 0.1855 	 0 	 -2.67801e-05
0.30575 	 0.18575 	 0 	 -2.6523e-05
0.306 	 0.186 	 0 	 -2.58763e-05
0.30625 	 0.18625 	 0 	 -2.53954e-05
0.3065 	 0.1865 	 0 	 -2.49327e-05
0.30675 	 0.18675 	 0 	 -2.4364e-05
0.307 	 0.187 	 0 	 -2.40466e-05
0.30725 	 0.18725 	 0 	 -2.37974e-05
0.3075 	 0.1875 	 0 	 -2.35309e-05
0.30775 	 0.18775 	 0 	 -2.31141e-05
0.308 	 0.188 	 0 	 -2.27647e-05
0.30825 	 0.18825 	 0 	 -2.28684e-05
0.3085 	 0.1885 	 0 	 -2.24915e-05
0.30875 	 0.18875 	 0 	 -2.1957e-05
0.309 	 0.189 	 0 	 -2.15538e-05
0.30925 	 0.18925 	 0 	 -2.12155e-05
0.3095 	 0.1895 	 0 	 -2.09116e-05
0.30975 	 0.18975 	 0 	 -2.05051e-05
0.31 	 0.19 	 0 	 -2.03371e-05
0.31025 	 0.19025 	 0 	 -1.99462e-05
0.3105 	 0.1905 	 0 	 -1.95167e-05
0.31075 	 0.19075 	 0 	 -1.92617e-05
0.311 	 0.191 	 0 	 -1.89692e-05
0.31125 	 0.19125 	 0 	 -1.87982e-05
0.3115 	 0.1915 	 0 	 -1.83839e-05
0.31175 	 0.19175 	 0 	 -1.84095e-05
0.312 	 0.192 	 0 	 -1.81936e-05
0.31225 	 0.19225 	 0 	 -1.76384e-05
0.3125 	 0.1925 	 0 	 -1.73579e-05
0.31275 	 0.19275 	 0 	 -1.70626e-05
0.313 	 0.193 	 0 	 -1.68371e-05
0.31325 	 0.19325 	 0 	 -1.6561e-05
0.3135 	 0.1935 	 0 	 -1.62596e-05
0.31375 	 0.19375 	 0 	 -1.60952e-05
0.314 	 0.194 	 0 	 -1.57857e-05
0.31425 	 0.19425 	 0 	 -1.55818e-05
0.3145 	 0.1945 	 0 	 -1.53449e-05
0.31475 	 0.19475 	 0 	 -1.51228e-05
0.315 	 0.195 	 0 	 -1.48546e-05
0.31525 	 0.19525 	 0 	 -1.45542e-05
0.3155 	 0.1955 	 0 	 -1.45017e-05
0.31575 	 0.19575 	 0 	 -1.42391e-05
0.316 	 0.196 	 0 	 -1.39323e-05
0.31625 	 0.19625 	 0 	 -1.3736e-05
0.3165 	 0.1965 	 0 	 -1.3491e-05
0.31675 	 0.19675 	 0 	 -1.33166e-05
0.317 	 0.197 	 0 	 -1.30661e-05
0.31725 	 0.19725 	 0 	 -1.29145e-05
0.3175 	 0.1975 	 0 	 -1.27801e-05
0.31775 	 0.19775 	 0 	 -1.24862e-05
0.318 	 0.198 	 0 	 -1.23331e-05
0.31825 	 0.19825 	 0 	 -1.20669e-05
0.3185 	 0.1985 	 0 	 -1.19447e-05
0.31875 	 0.19875 	 0 	 -1.17171e-05
0.319 	 0.199 	 0 	 -1.15432e-05
0.31925 	 0.19925 	 0 	 -1.14126e-05
0.3195 	 0.1995 	 0 	 -1.10423e-05
0.31975 	 0.19975 	 0 	 -1.10663e-05
0.32 	 0.2 	 0 	 -1.08669e-05
0.32025 	 0.20025 	 0 	 -1.0623e-05
0.3205 	 0.2005 	 0 	 -1.05275e-05
0.32075 	 0.20075 	 0 	 -1.02032e-05
0.321 	 0.201 	 0 	 -1.01643e-05
0.32125 	 0.20125 	 0 	 -9.97552e-06
0.3215 	 0.2015 	 0 	 -9.83694e-06
0.32175 	 0.20175 	 0 	 -9.66138e-06
0.322 	 0.202 	 0 	 -9.44287e-06
0.32225 	 0.20225 	 0 	 -9.43273e-06
0.3225 	 0.2025 	 0 	 -9.2126e-06
0.32275 	 0.20275 	 0 	 -8.94683e-06
0.323 	 0.203 	 0 	 -8.87418e-06
0.32325 	 0.20325 	 0 	 -8.80311e-06
0.3235 	 0.2035 	 0 	 -8.65124e-06
0.32375 	 0.20375 	 0 	 -8.52226e-06
0.324 	 0.204 	 0 	 -8.28663e-06
0.32425 	 0.20425 	 0 	 -8.16941e-06
0.3245 	 0.2045 	 0 	 -8.10261e-06
0.32475 	 0.20475 	 0 	 -7.90241e-06
0.325 	 0.205 	 0 	 -7.78971e-06
0.32525 	 0.20525 	 0 	 -7.68662e-06
0.3255 	 0.2055 	 0 	 -7.4911e-06
0.32575 	 0.20575 	 0 	 -7.43021e-06
0.326 	 0.206 	 0 	 -7.32498e-06
0.32625 	 0.20625 	 0 	 -7.19079e-06
0.3265 	 0.2065 	 0 	 -7.05232e-06
0.32675 	 0.20675 	 0 	 -6.93456e-06
0.327 	 0.207 	 0 	 -6.84878e-06
0.32725 	 0.20725 	 0 	 -6.69038e-06
0.3275 	 0.2075 	 0 	 -6.57804e-06
0.32775 	 0.20775 	 0 	 -6.49751e-06
0.328 	 0.208 	 0 	 -6.42197e-06
0.32825 	 0.20825 	 0 	 -6.21605e-06
0.3285 	 0.2085 	 0 	 -6.13594e-06
0.32875 	 0.20875 	 0 	 -6.07913e-06
0.329 	 0.209 	 0 	 -5.96628e-06
0.32925 	 0.20925 	 0 	 -5.84303e-06
0.3295 	 0.2095 	 0 	 -5.73449e-06
0.32975 	 0.20975 	 0 	 -5.69534e-06
0.33 	 0.21 	 0 	 -5.57223e-06
0.33025 	 0.21025 	 0 	 -5.35552e-06
0.3305 	 0.2105 	 0 	 -5.05061e-06
0.33075 	 0.21075 	 0 	 -4.74659e-06
0.331 	 0.211 	 0 	 -4.41424e-06
0.33125 	 0.21125 	 0 	 -4.141e-06
0.3315 	 0.2115 	 0 	 -3.87413e-06
0.33175 	 0.21175 	 0 	 -3.55895e-06
0.332 	 0.212 	 0 	 -3.26223e-06
0.33225 	 0.21225 	 0 	 -2.95696e-06
0.3325 	 0.2125 	 0 	 -2.68397e-06
0.33275 	 0.21275 	 0 	 -2.42585e-06
0.333 	 0.213 	 0 	 -2.15904e-06
0.33325 	 0.21325 	 0 	 -1.88597e-06
0.3335 	 0.2135 	 0 	 -1.61586e-06
0.33375 	 0.21375 	 0 	 -1.36381e-06
0.334 	 0.214 	 0 	 -1.12726e-06
0.33425 	 0.21425 	 0 	 -8.70269e-07
0.3345 	 0.2145 	 0 	 -6.29933e-07
0.33475 	 0.21475 	 0 	 -3.93746e-07
0.335 	 0.215 	 0 	 -1.49585e-07
0.33525 	 0.21525 	 0 	 -2.28581e-08
0.3355 	 0.2155 	 0 	 0
0.33575 	 0.21575 	 0 	 0
0.336 	 0.216 	 0 	 0
0.33625 	 0.21625 	 0 	 0
0.3365 	 0.2165 	 0 	 0
0.33675 	 0.21675 	 0 	 0
0.337 	 0.217 	 0 	 0
0.33725 	 0.21725 	 0 	 0
0.3375 	 0.2175 	 0 	 0
0.33775 	 0.21775 	 0 	 0
0.338 	 0.218 	 0 	 0
0.33825 	 0.21825 	 0 	 0
0.3385 	 0.2185 	 0 	 0
0.33875 	 0.21875 	 0 	 0
0.339 	 0.219 	 0 	 0
0.33925 	 0.21925 	 0 	 0
0.3395 	 0.2195 	 0 	 0
0.33975 	 0.21975 	 0 	 0
0.34 	 0.22 	 0 	 0
0.34025 	 0.22025 	 0 	 0
0.3405 	 0.2205 	 0 	 0
0.34075 	 0.22075 	 0 	 0
0.341 	 0.221 	 0 	 0
0.34125 	 0.22125 	 0 	 0
0.3415 	 0.2215 	 0 	 0
0.34175 	 0.22175 	 0 	 0
0.342 	 0.222 	 0 	 0
0.34225 	 0.22225 	 0 	 0
0.3425 	 0.2225 	 0 	 0
0.34275 	 0.22275 	 0 	 0
0.343 	 0.223 	 0 	 0
0.34325 	 0.22325 	 0 	 0
0.3435 	 0.2235 	 0 	 0
0.34375 	 0.22375 	 0 	 0
0.344 	 0.224 	 0 	 0
0.34425 	 0.22425 	 0 	 0
0.3445 	 0.2245 	 0 	 0
0.34475 	 0.22475 	 0 	 0
0.345 	 0.225 	 0 	 0
0.34525 	 0.22525 	 0 	 0
0.3455 	 0.2255 	 0 	 0
0.34575 	 0.22575 	 0 	 0
0.346 	 0.226 	 0 	 0
0.34625 	 0.22625 	 0 	 0
0.3465 	 0.2265 	 0 	 0
0.34675 	 0.22675 	 0 	 0
0.347 	 0.227 	 0 	 0
0.34725 	 0.22725 	 0 	 0
0.3475 	 0.2275 	 0 	 0
0.34775 	 0.22775 	 0 	 0
0.348 	 0.228 	 0 	 0
0.34825 	 0.22825 	 0 	 0
0.3485 	 0.2285 	 0 	 0
0.34875 	 0.22875 	 0 	 0
0.349 	 0.229 	 0 	 0
0.34925 	 0.22925 	 0 	 0
0.3495 	 0.2295 	 0 	 0
0.34975 	 0.22975 	 0 	 0
0.35 	 0.23 	 0 	 0
0.35025 	 0.23025 	 0 	 0
0.3505 	 0.2305 	 0 	 0
0.35075 	 0.23075 	 0 	 0
0.351 	 0.231 	 0 	 0
0.35125 	 0.23125 	 0 	 0
0.3515 	 0.2315 	 0 	 0
0.35175 	 0.23175 	 0 	 0
0.352 	 0.232 	 0 	 0
0.35225 	 0.23225 	 0 	 0
0.3525 	 0.2325 	 0 	 0
0.35275 	 0.23275 	 0 	 0
0.353 	 0.233 	 0 	 0
0.35325 	 0.23325 	 0 	 0
0.3535 	 0.2335 	 0 	 0
0.35375 	 0.23375 	 0 	 0
0.354 	 0.234 	 0 	 0
0.35425 	 0.23425 	 0 	 0
0.3545 	 0.2345 	 0 	 0
0.35475 	 0.23475 	 0 	 0
0.355 	 0.235 	 0 	 0
0.35525 	 0.23525 	 0 	 0
0.3555 	 0.2355 	 0 	 0
0.35575 	 0.23575 	 0 	 0
0.356 	 0.236 	 0 	 0
0.35625 	 0.23625 	 0 	 0
0.3565 	 0.2365 	 0 	 0
0.35675 	 0.23675 	 0 	 0
0.357 	 0.237 	 0 	 0
0.35725 	 0.23725 	 0 	 0
0.3575 	 0.2375 	 0 	 0
0.35775 	 0.23775 	 0 	 0
0.358 	 0.238 	 0 	 0
0.35825 	 0.23825 	 0 	 0
0.3585 	 0.2385 	 0 	 0
0.35875 	 0.23875 	 0 	 0
0.359 	 0.239 	 0 	 0
0.35925 	 0.23925 	 0 	 0
0.3595 	 0.2395 	 0 	 0
0.35975 	 0.23975 	 0 	 0
0.36 	 0.24 	 0 	 0
0.36025 	 0.24025 	 0 	 0
0.3605 	 0.2405 	 0 	 0
0.36075 	 0.24075 	 0 	 0
0.361 	 0.241 	 0 	 0
0.36125 	 0.24125 	 0 	 0
0.3615 	 0.2415 	 0 	 0
0.36175 	 0.24175 	 0 	 0
0.362 	 0.242 	 0 	 0
0.36225 	 0.24225 	 0 	 0
0.3625 	 0.2425 	 0 	 0
0.36275 	 0.24275 	 0 	 0
0.363 	 0.243 	 0 	 0
0.36325 	 0.24325 	 0 	 0
0.3635 	 0.2435 	 0 	 0
0.36375 	 0.24375 	 0 	 0
0.364 	 0.244 	 0 	 0
0.36425 	 0.24425 	 0 	 0
0.3645 	 0.2445 	 0 	 0
0.36475 	 0.24475 	 0 	 0
0.365 	 0.245 	 0 	 0
0.36525 	 0.24525 	 0 	 0
0.3655 	 0.2455 	 0 	 0
0.36575 	 0.24575 	 0 	 0
0.366 	 0.246 	 0 	 0
0.36625 	 0.24625 	 0 	 0
0.3665 	 0.2465 	 0 	 0
0.36675 	 0.24675 	 0 	 0
0.367 	 0.247 	 0 	 0
0.36725 	 0.24725 	 0 	 0
0.3675 	 0.2475 	 0 	 0
0.36775 	 0.24775 	 0 	 0
