# FILE:  main_ispGauss_DGaO2016.py
# TIME:  Tue May 10 08:45:51 2016
# COMPUTATIONAL DOMAIN ----------------------------------------
# zMax   = 0.15
# rhoMax = 0.25
# Nz     = 600
# Nrho   = 5000
# Nphi   = 36
# LAYER PROPERTIES --------------------------------------------
# zIni   = 0.0
# zFin   = 0.1
# ma     = 20.0
# c0      = 1.0
# BEAM PARAMETERS ---------------------------------------------
# a    = 0.1
# MEASUREMENT PARAMETERS --------------------------------------
# zD   = -0.66
# dw   = 0.005
# OPTOACOUSTIC PARAMETERS -------------------------------------
# wD   = 132.0
# D    = 6.6
# SIMULATION RESULTS ------------------------------------------
# (t) 	 (c tau) 	 (p0(ctau)) 	 (p(rD,t))
0 	 -0.66 	 0 	 0
0.00025 	 -0.65975 	 0 	 0
0.0005 	 -0.6595 	 0 	 0
0.00075 	 -0.65925 	 0 	 0
0.001 	 -0.659 	 0 	 0
0.00125 	 -0.65875 	 0 	 0
0.0015 	 -0.6585 	 0 	 0
0.00175 	 -0.65825 	 0 	 0
0.002 	 -0.658 	 0 	 0
0.00225 	 -0.65775 	 0 	 0
0.0025 	 -0.6575 	 0 	 0
0.00275 	 -0.65725 	 0 	 0
0.003 	 -0.657 	 0 	 0
0.00325 	 -0.65675 	 0 	 0
0.0035 	 -0.6565 	 0 	 0
0.00375 	 -0.65625 	 0 	 0
0.004 	 -0.656 	 0 	 0
0.00425 	 -0.65575 	 0 	 0
0.0045 	 -0.6555 	 0 	 0
0.00475 	 -0.65525 	 0 	 0
0.005 	 -0.655 	 0 	 0
0.00525 	 -0.65475 	 0 	 0
0.0055 	 -0.6545 	 0 	 0
0.00575 	 -0.65425 	 0 	 0
0.006 	 -0.654 	 0 	 0
0.00625 	 -0.65375 	 0 	 0
0.0065 	 -0.6535 	 0 	 0
0.00675 	 -0.65325 	 0 	 0
0.007 	 -0.653 	 0 	 0
0.00725 	 -0.65275 	 0 	 0
0.0075 	 -0.6525 	 0 	 0
0.00775 	 -0.65225 	 0 	 0
0.008 	 -0.652 	 0 	 0
0.00825 	 -0.65175 	 0 	 0
0.0085 	 -0.6515 	 0 	 0
0.00875 	 -0.65125 	 0 	 0
0.009 	 -0.651 	 0 	 0
0.00925 	 -0.65075 	 0 	 0
0.0095 	 -0.6505 	 0 	 0
0.00975 	 -0.65025 	 0 	 0
0.01 	 -0.65 	 0 	 0
0.01025 	 -0.64975 	 0 	 0
0.0105 	 -0.6495 	 0 	 0
0.01075 	 -0.64925 	 0 	 0
0.011 	 -0.649 	 0 	 0
0.01125 	 -0.64875 	 0 	 0
0.0115 	 -0.6485 	 0 	 0
0.01175 	 -0.64825 	 0 	 0
0.012 	 -0.648 	 0 	 0
0.01225 	 -0.64775 	 0 	 0
0.0125 	 -0.6475 	 0 	 0
0.01275 	 -0.64725 	 0 	 0
0.013 	 -0.647 	 0 	 0
0.01325 	 -0.64675 	 0 	 0
0.0135 	 -0.6465 	 0 	 0
0.01375 	 -0.64625 	 0 	 0
0.014 	 -0.646 	 0 	 0
0.01425 	 -0.64575 	 0 	 0
0.0145 	 -0.6455 	 0 	 0
0.01475 	 -0.64525 	 0 	 0
0.015 	 -0.645 	 0 	 0
0.01525 	 -0.64475 	 0 	 0
0.0155 	 -0.6445 	 0 	 0
0.01575 	 -0.64425 	 0 	 0
0.016 	 -0.644 	 0 	 0
0.01625 	 -0.64375 	 0 	 0
0.0165 	 -0.6435 	 0 	 0
0.01675 	 -0.64325 	 0 	 0
0.017 	 -0.643 	 0 	 0
0.01725 	 -0.64275 	 0 	 0
0.0175 	 -0.6425 	 0 	 0
0.01775 	 -0.64225 	 0 	 0
0.018 	 -0.642 	 0 	 0
0.01825 	 -0.64175 	 0 	 0
0.0185 	 -0.6415 	 0 	 0
0.01875 	 -0.64125 	 0 	 0
0.019 	 -0.641 	 0 	 0
0.01925 	 -0.64075 	 0 	 0
0.0195 	 -0.6405 	 0 	 0
0.01975 	 -0.64025 	 0 	 0
0.02 	 -0.64 	 0 	 0
0.02025 	 -0.63975 	 0 	 0
0.0205 	 -0.6395 	 0 	 0
0.02075 	 -0.63925 	 0 	 0
0.021 	 -0.639 	 0 	 0
0.02125 	 -0.63875 	 0 	 0
0.0215 	 -0.6385 	 0 	 0
0.02175 	 -0.63825 	 0 	 0
0.022 	 -0.638 	 0 	 0
0.02225 	 -0.63775 	 0 	 0
0.0225 	 -0.6375 	 0 	 0
0.02275 	 -0.63725 	 0 	 0
0.023 	 -0.637 	 0 	 0
0.02325 	 -0.63675 	 0 	 0
0.0235 	 -0.6365 	 0 	 0
0.02375 	 -0.63625 	 0 	 0
0.024 	 -0.636 	 0 	 0
0.02425 	 -0.63575 	 0 	 0
0.0245 	 -0.6355 	 0 	 0
0.02475 	 -0.63525 	 0 	 0
0.025 	 -0.635 	 0 	 0
0.02525 	 -0.63475 	 0 	 0
0.0255 	 -0.6345 	 0 	 0
0.02575 	 -0.63425 	 0 	 0
0.026 	 -0.634 	 0 	 0
0.02625 	 -0.63375 	 0 	 0
0.0265 	 -0.6335 	 0 	 0
0.02675 	 -0.63325 	 0 	 0
0.027 	 -0.633 	 0 	 0
0.02725 	 -0.63275 	 0 	 0
0.0275 	 -0.6325 	 0 	 0
0.02775 	 -0.63225 	 0 	 0
0.028 	 -0.632 	 0 	 0
0.02825 	 -0.63175 	 0 	 0
0.0285 	 -0.6315 	 0 	 0
0.02875 	 -0.63125 	 0 	 0
0.029 	 -0.631 	 0 	 0
0.02925 	 -0.63075 	 0 	 0
0.0295 	 -0.6305 	 0 	 0
0.02975 	 -0.63025 	 0 	 0
0.03 	 -0.63 	 0 	 0
0.03025 	 -0.62975 	 0 	 0
0.0305 	 -0.6295 	 0 	 0
0.03075 	 -0.62925 	 0 	 0
0.031 	 -0.629 	 0 	 0
0.03125 	 -0.62875 	 0 	 0
0.0315 	 -0.6285 	 0 	 0
0.03175 	 -0.62825 	 0 	 0
0.032 	 -0.628 	 0 	 0
0.03225 	 -0.62775 	 0 	 0
0.0325 	 -0.6275 	 0 	 0
0.03275 	 -0.62725 	 0 	 0
0.033 	 -0.627 	 0 	 0
0.03325 	 -0.62675 	 0 	 0
0.0335 	 -0.6265 	 0 	 0
0.03375 	 -0.62625 	 0 	 0
0.034 	 -0.626 	 0 	 0
0.03425 	 -0.62575 	 0 	 0
0.0345 	 -0.6255 	 0 	 0
0.03475 	 -0.62525 	 0 	 0
0.035 	 -0.625 	 0 	 0
0.03525 	 -0.62475 	 0 	 0
0.0355 	 -0.6245 	 0 	 0
0.03575 	 -0.62425 	 0 	 0
0.036 	 -0.624 	 0 	 0
0.03625 	 -0.62375 	 0 	 0
0.0365 	 -0.6235 	 0 	 0
0.03675 	 -0.62325 	 0 	 0
0.037 	 -0.623 	 0 	 0
0.03725 	 -0.62275 	 0 	 0
0.0375 	 -0.6225 	 0 	 0
0.03775 	 -0.62225 	 0 	 0
0.038 	 -0.622 	 0 	 0
0.03825 	 -0.62175 	 0 	 0
0.0385 	 -0.6215 	 0 	 0
0.03875 	 -0.62125 	 0 	 0
0.039 	 -0.621 	 0 	 0
0.03925 	 -0.62075 	 0 	 0
0.0395 	 -0.6205 	 0 	 0
0.03975 	 -0.62025 	 0 	 0
0.04 	 -0.62 	 0 	 0
0.04025 	 -0.61975 	 0 	 0
0.0405 	 -0.6195 	 0 	 0
0.04075 	 -0.61925 	 0 	 0
0.041 	 -0.619 	 0 	 0
0.04125 	 -0.61875 	 0 	 0
0.0415 	 -0.6185 	 0 	 0
0.04175 	 -0.61825 	 0 	 0
0.042 	 -0.618 	 0 	 0
0.04225 	 -0.61775 	 0 	 0
0.0425 	 -0.6175 	 0 	 0
0.04275 	 -0.61725 	 0 	 0
0.043 	 -0.617 	 0 	 0
0.04325 	 -0.61675 	 0 	 0
0.0435 	 -0.6165 	 0 	 0
0.04375 	 -0.61625 	 0 	 0
0.044 	 -0.616 	 0 	 0
0.04425 	 -0.61575 	 0 	 0
0.0445 	 -0.6155 	 0 	 0
0.04475 	 -0.61525 	 0 	 0
0.045 	 -0.615 	 0 	 0
0.04525 	 -0.61475 	 0 	 0
0.0455 	 -0.6145 	 0 	 0
0.04575 	 -0.61425 	 0 	 0
0.046 	 -0.614 	 0 	 0
0.04625 	 -0.61375 	 0 	 0
0.0465 	 -0.6135 	 0 	 0
0.04675 	 -0.61325 	 0 	 0
0.047 	 -0.613 	 0 	 0
0.04725 	 -0.61275 	 0 	 0
0.0475 	 -0.6125 	 0 	 0
0.04775 	 -0.61225 	 0 	 0
0.048 	 -0.612 	 0 	 0
0.04825 	 -0.61175 	 0 	 0
0.0485 	 -0.6115 	 0 	 0
0.04875 	 -0.61125 	 0 	 0
0.049 	 -0.611 	 0 	 0
0.04925 	 -0.61075 	 0 	 0
0.0495 	 -0.6105 	 0 	 0
0.04975 	 -0.61025 	 0 	 0
0.05 	 -0.61 	 0 	 0
0.05025 	 -0.60975 	 0 	 0
0.0505 	 -0.6095 	 0 	 0
0.05075 	 -0.60925 	 0 	 0
0.051 	 -0.609 	 0 	 0
0.05125 	 -0.60875 	 0 	 0
0.0515 	 -0.6085 	 0 	 0
0.05175 	 -0.60825 	 0 	 0
0.052 	 -0.608 	 0 	 0
0.05225 	 -0.60775 	 0 	 0
0.0525 	 -0.6075 	 0 	 0
0.05275 	 -0.60725 	 0 	 0
0.053 	 -0.607 	 0 	 0
0.05325 	 -0.60675 	 0 	 0
0.0535 	 -0.6065 	 0 	 0
0.05375 	 -0.60625 	 0 	 0
0.054 	 -0.606 	 0 	 0
0.05425 	 -0.60575 	 0 	 0
0.0545 	 -0.6055 	 0 	 0
0.05475 	 -0.60525 	 0 	 0
0.055 	 -0.605 	 0 	 0
0.05525 	 -0.60475 	 0 	 0
0.0555 	 -0.6045 	 0 	 0
0.05575 	 -0.60425 	 0 	 0
0.056 	 -0.604 	 0 	 0
0.05625 	 -0.60375 	 0 	 0
0.0565 	 -0.6035 	 0 	 0
0.05675 	 -0.60325 	 0 	 0
0.057 	 -0.603 	 0 	 0
0.05725 	 -0.60275 	 0 	 0
0.0575 	 -0.6025 	 0 	 0
0.05775 	 -0.60225 	 0 	 0
0.058 	 -0.602 	 0 	 0
0.05825 	 -0.60175 	 0 	 0
0.0585 	 -0.6015 	 0 	 0
0.05875 	 -0.60125 	 0 	 0
0.059 	 -0.601 	 0 	 0
0.05925 	 -0.60075 	 0 	 0
0.0595 	 -0.6005 	 0 	 0
0.05975 	 -0.60025 	 0 	 0
0.06 	 -0.6 	 0 	 0
0.06025 	 -0.59975 	 0 	 0
0.0605 	 -0.5995 	 0 	 0
0.06075 	 -0.59925 	 0 	 0
0.061 	 -0.599 	 0 	 0
0.06125 	 -0.59875 	 0 	 0
0.0615 	 -0.5985 	 0 	 0
0.06175 	 -0.59825 	 0 	 0
0.062 	 -0.598 	 0 	 0
0.06225 	 -0.59775 	 0 	 0
0.0625 	 -0.5975 	 0 	 0
0.06275 	 -0.59725 	 0 	 0
0.063 	 -0.597 	 0 	 0
0.06325 	 -0.59675 	 0 	 0
0.0635 	 -0.5965 	 0 	 0
0.06375 	 -0.59625 	 0 	 0
0.064 	 -0.596 	 0 	 0
0.06425 	 -0.59575 	 0 	 0
0.0645 	 -0.5955 	 0 	 0
0.06475 	 -0.59525 	 0 	 0
0.065 	 -0.595 	 0 	 0
0.06525 	 -0.59475 	 0 	 0
0.0655 	 -0.5945 	 0 	 0
0.06575 	 -0.59425 	 0 	 0
0.066 	 -0.594 	 0 	 0
0.06625 	 -0.59375 	 0 	 0
0.0665 	 -0.5935 	 0 	 0
0.06675 	 -0.59325 	 0 	 0
0.067 	 -0.593 	 0 	 0
0.06725 	 -0.59275 	 0 	 0
0.0675 	 -0.5925 	 0 	 0
0.06775 	 -0.59225 	 0 	 0
0.068 	 -0.592 	 0 	 0
0.06825 	 -0.59175 	 0 	 0
0.0685 	 -0.5915 	 0 	 0
0.06875 	 -0.59125 	 0 	 0
0.069 	 -0.591 	 0 	 0
0.06925 	 -0.59075 	 0 	 0
0.0695 	 -0.5905 	 0 	 0
0.06975 	 -0.59025 	 0 	 0
0.07 	 -0.59 	 0 	 0
0.07025 	 -0.58975 	 0 	 0
0.0705 	 -0.5895 	 0 	 0
0.07075 	 -0.58925 	 0 	 0
0.071 	 -0.589 	 0 	 0
0.07125 	 -0.58875 	 0 	 0
0.0715 	 -0.5885 	 0 	 0
0.07175 	 -0.58825 	 0 	 0
0.072 	 -0.588 	 0 	 0
0.07225 	 -0.58775 	 0 	 0
0.0725 	 -0.5875 	 0 	 0
0.07275 	 -0.58725 	 0 	 0
0.073 	 -0.587 	 0 	 0
0.07325 	 -0.58675 	 0 	 0
0.0735 	 -0.5865 	 0 	 0
0.07375 	 -0.58625 	 0 	 0
0.074 	 -0.586 	 0 	 0
0.07425 	 -0.58575 	 0 	 0
0.0745 	 -0.5855 	 0 	 0
0.07475 	 -0.58525 	 0 	 0
0.075 	 -0.585 	 0 	 0
0.07525 	 -0.58475 	 0 	 0
0.0755 	 -0.5845 	 0 	 0
0.07575 	 -0.58425 	 0 	 0
0.076 	 -0.584 	 0 	 0
0.07625 	 -0.58375 	 0 	 0
0.0765 	 -0.5835 	 0 	 0
0.07675 	 -0.58325 	 0 	 0
0.077 	 -0.583 	 0 	 0
0.07725 	 -0.58275 	 0 	 0
0.0775 	 -0.5825 	 0 	 0
0.07775 	 -0.58225 	 0 	 0
0.078 	 -0.582 	 0 	 0
0.07825 	 -0.58175 	 0 	 0
0.0785 	 -0.5815 	 0 	 0
0.07875 	 -0.58125 	 0 	 0
0.079 	 -0.581 	 0 	 0
0.07925 	 -0.58075 	 0 	 0
0.0795 	 -0.5805 	 0 	 0
0.07975 	 -0.58025 	 0 	 0
0.08 	 -0.58 	 0 	 0
0.08025 	 -0.57975 	 0 	 0
0.0805 	 -0.5795 	 0 	 0
0.08075 	 -0.57925 	 0 	 0
0.081 	 -0.579 	 0 	 0
0.08125 	 -0.57875 	 0 	 0
0.0815 	 -0.5785 	 0 	 0
0.08175 	 -0.57825 	 0 	 0
0.082 	 -0.578 	 0 	 0
0.08225 	 -0.57775 	 0 	 0
0.0825 	 -0.5775 	 0 	 0
0.08275 	 -0.57725 	 0 	 0
0.083 	 -0.577 	 0 	 0
0.08325 	 -0.57675 	 0 	 0
0.0835 	 -0.5765 	 0 	 0
0.08375 	 -0.57625 	 0 	 0
0.084 	 -0.576 	 0 	 0
0.08425 	 -0.57575 	 0 	 0
0.0845 	 -0.5755 	 0 	 0
0.08475 	 -0.57525 	 0 	 0
0.085 	 -0.575 	 0 	 0
0.08525 	 -0.57475 	 0 	 0
0.0855 	 -0.5745 	 0 	 0
0.08575 	 -0.57425 	 0 	 0
0.086 	 -0.574 	 0 	 0
0.08625 	 -0.57375 	 0 	 0
0.0865 	 -0.5735 	 0 	 0
0.08675 	 -0.57325 	 0 	 0
0.087 	 -0.573 	 0 	 0
0.08725 	 -0.57275 	 0 	 0
0.0875 	 -0.5725 	 0 	 0
0.08775 	 -0.57225 	 0 	 0
0.088 	 -0.572 	 0 	 0
0.08825 	 -0.57175 	 0 	 0
0.0885 	 -0.5715 	 0 	 0
0.08875 	 -0.57125 	 0 	 0
0.089 	 -0.571 	 0 	 0
0.08925 	 -0.57075 	 0 	 0
0.0895 	 -0.5705 	 0 	 0
0.08975 	 -0.57025 	 0 	 0
0.09 	 -0.57 	 0 	 0
0.09025 	 -0.56975 	 0 	 0
0.0905 	 -0.5695 	 0 	 0
0.09075 	 -0.56925 	 0 	 0
0.091 	 -0.569 	 0 	 0
0.09125 	 -0.56875 	 0 	 0
0.0915 	 -0.5685 	 0 	 0
0.09175 	 -0.56825 	 0 	 0
0.092 	 -0.568 	 0 	 0
0.09225 	 -0.56775 	 0 	 0
0.0925 	 -0.5675 	 0 	 0
0.09275 	 -0.56725 	 0 	 0
0.093 	 -0.567 	 0 	 0
0.09325 	 -0.56675 	 0 	 0
0.0935 	 -0.5665 	 0 	 0
0.09375 	 -0.56625 	 0 	 0
0.094 	 -0.566 	 0 	 0
0.09425 	 -0.56575 	 0 	 0
0.0945 	 -0.5655 	 0 	 0
0.09475 	 -0.56525 	 0 	 0
0.095 	 -0.565 	 0 	 0
0.09525 	 -0.56475 	 0 	 0
0.0955 	 -0.5645 	 0 	 0
0.09575 	 -0.56425 	 0 	 0
0.096 	 -0.564 	 0 	 0
0.09625 	 -0.56375 	 0 	 0
0.0965 	 -0.5635 	 0 	 0
0.09675 	 -0.56325 	 0 	 0
0.097 	 -0.563 	 0 	 0
0.09725 	 -0.56275 	 0 	 0
0.0975 	 -0.5625 	 0 	 0
0.09775 	 -0.56225 	 0 	 0
0.098 	 -0.562 	 0 	 0
0.09825 	 -0.56175 	 0 	 0
0.0985 	 -0.5615 	 0 	 0
0.09875 	 -0.56125 	 0 	 0
0.099 	 -0.561 	 0 	 0
0.09925 	 -0.56075 	 0 	 0
0.0995 	 -0.5605 	 0 	 0
0.09975 	 -0.56025 	 0 	 0
0.1 	 -0.56 	 0 	 0
0.10025 	 -0.55975 	 0 	 0
0.1005 	 -0.5595 	 0 	 0
0.10075 	 -0.55925 	 0 	 0
0.101 	 -0.559 	 0 	 0
0.10125 	 -0.55875 	 0 	 0
0.1015 	 -0.5585 	 0 	 0
0.10175 	 -0.55825 	 0 	 0
0.102 	 -0.558 	 0 	 0
0.10225 	 -0.55775 	 0 	 0
0.1025 	 -0.5575 	 0 	 0
0.10275 	 -0.55725 	 0 	 0
0.103 	 -0.557 	 0 	 0
0.10325 	 -0.55675 	 0 	 0
0.1035 	 -0.5565 	 0 	 0
0.10375 	 -0.55625 	 0 	 0
0.104 	 -0.556 	 0 	 0
0.10425 	 -0.55575 	 0 	 0
0.1045 	 -0.5555 	 0 	 0
0.10475 	 -0.55525 	 0 	 0
0.105 	 -0.555 	 0 	 0
0.10525 	 -0.55475 	 0 	 0
0.1055 	 -0.5545 	 0 	 0
0.10575 	 -0.55425 	 0 	 0
0.106 	 -0.554 	 0 	 0
0.10625 	 -0.55375 	 0 	 0
0.1065 	 -0.5535 	 0 	 0
0.10675 	 -0.55325 	 0 	 0
0.107 	 -0.553 	 0 	 0
0.10725 	 -0.55275 	 0 	 0
0.1075 	 -0.5525 	 0 	 0
0.10775 	 -0.55225 	 0 	 0
0.108 	 -0.552 	 0 	 0
0.10825 	 -0.55175 	 0 	 0
0.1085 	 -0.5515 	 0 	 0
0.10875 	 -0.55125 	 0 	 0
0.109 	 -0.551 	 0 	 0
0.10925 	 -0.55075 	 0 	 0
0.1095 	 -0.5505 	 0 	 0
0.10975 	 -0.55025 	 0 	 0
0.11 	 -0.55 	 0 	 0
0.11025 	 -0.54975 	 0 	 0
0.1105 	 -0.5495 	 0 	 0
0.11075 	 -0.54925 	 0 	 0
0.111 	 -0.549 	 0 	 0
0.11125 	 -0.54875 	 0 	 0
0.1115 	 -0.5485 	 0 	 0
0.11175 	 -0.54825 	 0 	 0
0.112 	 -0.548 	 0 	 0
0.11225 	 -0.54775 	 0 	 0
0.1125 	 -0.5475 	 0 	 0
0.11275 	 -0.54725 	 0 	 0
0.113 	 -0.547 	 0 	 0
0.11325 	 -0.54675 	 0 	 0
0.1135 	 -0.5465 	 0 	 0
0.11375 	 -0.54625 	 0 	 0
0.114 	 -0.546 	 0 	 0
0.11425 	 -0.54575 	 0 	 0
0.1145 	 -0.5455 	 0 	 0
0.11475 	 -0.54525 	 0 	 0
0.115 	 -0.545 	 0 	 0
0.11525 	 -0.54475 	 0 	 0
0.1155 	 -0.5445 	 0 	 0
0.11575 	 -0.54425 	 0 	 0
0.116 	 -0.544 	 0 	 0
0.11625 	 -0.54375 	 0 	 0
0.1165 	 -0.5435 	 0 	 0
0.11675 	 -0.54325 	 0 	 0
0.117 	 -0.543 	 0 	 0
0.11725 	 -0.54275 	 0 	 0
0.1175 	 -0.5425 	 0 	 0
0.11775 	 -0.54225 	 0 	 0
0.118 	 -0.542 	 0 	 0
0.11825 	 -0.54175 	 0 	 0
0.1185 	 -0.5415 	 0 	 0
0.11875 	 -0.54125 	 0 	 0
0.119 	 -0.541 	 0 	 0
0.11925 	 -0.54075 	 0 	 0
0.1195 	 -0.5405 	 0 	 0
0.11975 	 -0.54025 	 0 	 0
0.12 	 -0.54 	 0 	 0
0.12025 	 -0.53975 	 0 	 0
0.1205 	 -0.5395 	 0 	 0
0.12075 	 -0.53925 	 0 	 0
0.121 	 -0.539 	 0 	 0
0.12125 	 -0.53875 	 0 	 0
0.1215 	 -0.5385 	 0 	 0
0.12175 	 -0.53825 	 0 	 0
0.122 	 -0.538 	 0 	 0
0.12225 	 -0.53775 	 0 	 0
0.1225 	 -0.5375 	 0 	 0
0.12275 	 -0.53725 	 0 	 0
0.123 	 -0.537 	 0 	 0
0.12325 	 -0.53675 	 0 	 0
0.1235 	 -0.5365 	 0 	 0
0.12375 	 -0.53625 	 0 	 0
0.124 	 -0.536 	 0 	 0
0.12425 	 -0.53575 	 0 	 0
0.1245 	 -0.5355 	 0 	 0
0.12475 	 -0.53525 	 0 	 0
0.125 	 -0.535 	 0 	 0
0.12525 	 -0.53475 	 0 	 0
0.1255 	 -0.5345 	 0 	 0
0.12575 	 -0.53425 	 0 	 0
0.126 	 -0.534 	 0 	 0
0.12625 	 -0.53375 	 0 	 0
0.1265 	 -0.5335 	 0 	 0
0.12675 	 -0.53325 	 0 	 0
0.127 	 -0.533 	 0 	 0
0.12725 	 -0.53275 	 0 	 0
0.1275 	 -0.5325 	 0 	 0
0.12775 	 -0.53225 	 0 	 0
0.128 	 -0.532 	 0 	 0
0.12825 	 -0.53175 	 0 	 0
0.1285 	 -0.5315 	 0 	 0
0.12875 	 -0.53125 	 0 	 0
0.129 	 -0.531 	 0 	 0
0.12925 	 -0.53075 	 0 	 0
0.1295 	 -0.5305 	 0 	 0
0.12975 	 -0.53025 	 0 	 0
0.13 	 -0.53 	 0 	 0
0.13025 	 -0.52975 	 0 	 0
0.1305 	 -0.5295 	 0 	 0
0.13075 	 -0.52925 	 0 	 0
0.131 	 -0.529 	 0 	 0
0.13125 	 -0.52875 	 0 	 0
0.1315 	 -0.5285 	 0 	 0
0.13175 	 -0.52825 	 0 	 0
0.132 	 -0.528 	 0 	 0
0.13225 	 -0.52775 	 0 	 0
0.1325 	 -0.5275 	 0 	 0
0.13275 	 -0.52725 	 0 	 0
0.133 	 -0.527 	 0 	 0
0.13325 	 -0.52675 	 0 	 0
0.1335 	 -0.5265 	 0 	 0
0.13375 	 -0.52625 	 0 	 0
0.134 	 -0.526 	 0 	 0
0.13425 	 -0.52575 	 0 	 0
0.1345 	 -0.5255 	 0 	 0
0.13475 	 -0.52525 	 0 	 0
0.135 	 -0.525 	 0 	 0
0.13525 	 -0.52475 	 0 	 0
0.1355 	 -0.5245 	 0 	 0
0.13575 	 -0.52425 	 0 	 0
0.136 	 -0.524 	 0 	 0
0.13625 	 -0.52375 	 0 	 0
0.1365 	 -0.5235 	 0 	 0
0.13675 	 -0.52325 	 0 	 0
0.137 	 -0.523 	 0 	 0
0.13725 	 -0.52275 	 0 	 0
0.1375 	 -0.5225 	 0 	 0
0.13775 	 -0.52225 	 0 	 0
0.138 	 -0.522 	 0 	 0
0.13825 	 -0.52175 	 0 	 0
0.1385 	 -0.5215 	 0 	 0
0.13875 	 -0.52125 	 0 	 0
0.139 	 -0.521 	 0 	 0
0.13925 	 -0.52075 	 0 	 0
0.1395 	 -0.5205 	 0 	 0
0.13975 	 -0.52025 	 0 	 0
0.14 	 -0.52 	 0 	 0
0.14025 	 -0.51975 	 0 	 0
0.1405 	 -0.5195 	 0 	 0
0.14075 	 -0.51925 	 0 	 0
0.141 	 -0.519 	 0 	 0
0.14125 	 -0.51875 	 0 	 0
0.1415 	 -0.5185 	 0 	 0
0.14175 	 -0.51825 	 0 	 0
0.142 	 -0.518 	 0 	 0
0.14225 	 -0.51775 	 0 	 0
0.1425 	 -0.5175 	 0 	 0
0.14275 	 -0.51725 	 0 	 0
0.143 	 -0.517 	 0 	 0
0.14325 	 -0.51675 	 0 	 0
0.1435 	 -0.5165 	 0 	 0
0.14375 	 -0.51625 	 0 	 0
0.144 	 -0.516 	 0 	 0
0.14425 	 -0.51575 	 0 	 0
0.1445 	 -0.5155 	 0 	 0
0.14475 	 -0.51525 	 0 	 0
0.145 	 -0.515 	 0 	 0
0.14525 	 -0.51475 	 0 	 0
0.1455 	 -0.5145 	 0 	 0
0.14575 	 -0.51425 	 0 	 0
0.146 	 -0.514 	 0 	 0
0.14625 	 -0.51375 	 0 	 0
0.1465 	 -0.5135 	 0 	 0
0.14675 	 -0.51325 	 0 	 0
0.147 	 -0.513 	 0 	 0
0.14725 	 -0.51275 	 0 	 0
0.1475 	 -0.5125 	 0 	 0
0.14775 	 -0.51225 	 0 	 0
0.148 	 -0.512 	 0 	 0
0.14825 	 -0.51175 	 0 	 0
0.1485 	 -0.5115 	 0 	 0
0.14875 	 -0.51125 	 0 	 0
0.149 	 -0.511 	 0 	 0
0.14925 	 -0.51075 	 0 	 0
0.1495 	 -0.5105 	 0 	 0
0.14975 	 -0.51025 	 0 	 0
0.15 	 -0.51 	 0 	 0
0.15025 	 -0.50975 	 0 	 0
0.1505 	 -0.5095 	 0 	 0
0.15075 	 -0.50925 	 0 	 0
0.151 	 -0.509 	 0 	 0
0.15125 	 -0.50875 	 0 	 0
0.1515 	 -0.5085 	 0 	 0
0.15175 	 -0.50825 	 0 	 0
0.152 	 -0.508 	 0 	 0
0.15225 	 -0.50775 	 0 	 0
0.1525 	 -0.5075 	 0 	 0
0.15275 	 -0.50725 	 0 	 0
0.153 	 -0.507 	 0 	 0
0.15325 	 -0.50675 	 0 	 0
0.1535 	 -0.5065 	 0 	 0
0.15375 	 -0.50625 	 0 	 0
0.154 	 -0.506 	 0 	 0
0.15425 	 -0.50575 	 0 	 0
0.1545 	 -0.5055 	 0 	 0
0.15475 	 -0.50525 	 0 	 0
0.155 	 -0.505 	 0 	 0
0.15525 	 -0.50475 	 0 	 0
0.1555 	 -0.5045 	 0 	 0
0.15575 	 -0.50425 	 0 	 0
0.156 	 -0.504 	 0 	 0
0.15625 	 -0.50375 	 0 	 0
0.1565 	 -0.5035 	 0 	 0
0.15675 	 -0.50325 	 0 	 0
0.157 	 -0.503 	 0 	 0
0.15725 	 -0.50275 	 0 	 0
0.1575 	 -0.5025 	 0 	 0
0.15775 	 -0.50225 	 0 	 0
0.158 	 -0.502 	 0 	 0
0.15825 	 -0.50175 	 0 	 0
0.1585 	 -0.5015 	 0 	 0
0.15875 	 -0.50125 	 0 	 0
0.159 	 -0.501 	 0 	 0
0.15925 	 -0.50075 	 0 	 0
0.1595 	 -0.5005 	 0 	 0
0.15975 	 -0.50025 	 0 	 0
0.16 	 -0.5 	 0 	 0
0.16025 	 -0.49975 	 0 	 0
0.1605 	 -0.4995 	 0 	 0
0.16075 	 -0.49925 	 0 	 0
0.161 	 -0.499 	 0 	 0
0.16125 	 -0.49875 	 0 	 0
0.1615 	 -0.4985 	 0 	 0
0.16175 	 -0.49825 	 0 	 0
0.162 	 -0.498 	 0 	 0
0.16225 	 -0.49775 	 0 	 0
0.1625 	 -0.4975 	 0 	 0
0.16275 	 -0.49725 	 0 	 0
0.163 	 -0.497 	 0 	 0
0.16325 	 -0.49675 	 0 	 0
0.1635 	 -0.4965 	 0 	 0
0.16375 	 -0.49625 	 0 	 0
0.164 	 -0.496 	 0 	 0
0.16425 	 -0.49575 	 0 	 0
0.1645 	 -0.4955 	 0 	 0
0.16475 	 -0.49525 	 0 	 0
0.165 	 -0.495 	 0 	 0
0.16525 	 -0.49475 	 0 	 0
0.1655 	 -0.4945 	 0 	 0
0.16575 	 -0.49425 	 0 	 0
0.166 	 -0.494 	 0 	 0
0.16625 	 -0.49375 	 0 	 0
0.1665 	 -0.4935 	 0 	 0
0.16675 	 -0.49325 	 0 	 0
0.167 	 -0.493 	 0 	 0
0.16725 	 -0.49275 	 0 	 0
0.1675 	 -0.4925 	 0 	 0
0.16775 	 -0.49225 	 0 	 0
0.168 	 -0.492 	 0 	 0
0.16825 	 -0.49175 	 0 	 0
0.1685 	 -0.4915 	 0 	 0
0.16875 	 -0.49125 	 0 	 0
0.169 	 -0.491 	 0 	 0
0.16925 	 -0.49075 	 0 	 0
0.1695 	 -0.4905 	 0 	 0
0.16975 	 -0.49025 	 0 	 0
0.17 	 -0.49 	 0 	 0
0.17025 	 -0.48975 	 0 	 0
0.1705 	 -0.4895 	 0 	 0
0.17075 	 -0.48925 	 0 	 0
0.171 	 -0.489 	 0 	 0
0.17125 	 -0.48875 	 0 	 0
0.1715 	 -0.4885 	 0 	 0
0.17175 	 -0.48825 	 0 	 0
0.172 	 -0.488 	 0 	 0
0.17225 	 -0.48775 	 0 	 0
0.1725 	 -0.4875 	 0 	 0
0.17275 	 -0.48725 	 0 	 0
0.173 	 -0.487 	 0 	 0
0.17325 	 -0.48675 	 0 	 0
0.1735 	 -0.4865 	 0 	 0
0.17375 	 -0.48625 	 0 	 0
0.174 	 -0.486 	 0 	 0
0.17425 	 -0.48575 	 0 	 0
0.1745 	 -0.4855 	 0 	 0
0.17475 	 -0.48525 	 0 	 0
0.175 	 -0.485 	 0 	 0
0.17525 	 -0.48475 	 0 	 0
0.1755 	 -0.4845 	 0 	 0
0.17575 	 -0.48425 	 0 	 0
0.176 	 -0.484 	 0 	 0
0.17625 	 -0.48375 	 0 	 0
0.1765 	 -0.4835 	 0 	 0
0.17675 	 -0.48325 	 0 	 0
0.177 	 -0.483 	 0 	 0
0.17725 	 -0.48275 	 0 	 0
0.1775 	 -0.4825 	 0 	 0
0.17775 	 -0.48225 	 0 	 0
0.178 	 -0.482 	 0 	 0
0.17825 	 -0.48175 	 0 	 0
0.1785 	 -0.4815 	 0 	 0
0.17875 	 -0.48125 	 0 	 0
0.179 	 -0.481 	 0 	 0
0.17925 	 -0.48075 	 0 	 0
0.1795 	 -0.4805 	 0 	 0
0.17975 	 -0.48025 	 0 	 0
0.18 	 -0.48 	 0 	 0
0.18025 	 -0.47975 	 0 	 0
0.1805 	 -0.4795 	 0 	 0
0.18075 	 -0.47925 	 0 	 0
0.181 	 -0.479 	 0 	 0
0.18125 	 -0.47875 	 0 	 0
0.1815 	 -0.4785 	 0 	 0
0.18175 	 -0.47825 	 0 	 0
0.182 	 -0.478 	 0 	 0
0.18225 	 -0.47775 	 0 	 0
0.1825 	 -0.4775 	 0 	 0
0.18275 	 -0.47725 	 0 	 0
0.183 	 -0.477 	 0 	 0
0.18325 	 -0.47675 	 0 	 0
0.1835 	 -0.4765 	 0 	 0
0.18375 	 -0.47625 	 0 	 0
0.184 	 -0.476 	 0 	 0
0.18425 	 -0.47575 	 0 	 0
0.1845 	 -0.4755 	 0 	 0
0.18475 	 -0.47525 	 0 	 0
0.185 	 -0.475 	 0 	 0
0.18525 	 -0.47475 	 0 	 0
0.1855 	 -0.4745 	 0 	 0
0.18575 	 -0.47425 	 0 	 0
0.186 	 -0.474 	 0 	 0
0.18625 	 -0.47375 	 0 	 0
0.1865 	 -0.4735 	 0 	 0
0.18675 	 -0.47325 	 0 	 0
0.187 	 -0.473 	 0 	 0
0.18725 	 -0.47275 	 0 	 0
0.1875 	 -0.4725 	 0 	 0
0.18775 	 -0.47225 	 0 	 0
0.188 	 -0.472 	 0 	 0
0.18825 	 -0.47175 	 0 	 0
0.1885 	 -0.4715 	 0 	 0
0.18875 	 -0.47125 	 0 	 0
0.189 	 -0.471 	 0 	 0
0.18925 	 -0.47075 	 0 	 0
0.1895 	 -0.4705 	 0 	 0
0.18975 	 -0.47025 	 0 	 0
0.19 	 -0.47 	 0 	 0
0.19025 	 -0.46975 	 0 	 0
0.1905 	 -0.4695 	 0 	 0
0.19075 	 -0.46925 	 0 	 0
0.191 	 -0.469 	 0 	 0
0.19125 	 -0.46875 	 0 	 0
0.1915 	 -0.4685 	 0 	 0
0.19175 	 -0.46825 	 0 	 0
0.192 	 -0.468 	 0 	 0
0.19225 	 -0.46775 	 0 	 0
0.1925 	 -0.4675 	 0 	 0
0.19275 	 -0.46725 	 0 	 0
0.193 	 -0.467 	 0 	 0
0.19325 	 -0.46675 	 0 	 0
0.1935 	 -0.4665 	 0 	 0
0.19375 	 -0.46625 	 0 	 0
0.194 	 -0.466 	 0 	 0
0.19425 	 -0.46575 	 0 	 0
0.1945 	 -0.4655 	 0 	 0
0.19475 	 -0.46525 	 0 	 0
0.195 	 -0.465 	 0 	 0
0.19525 	 -0.46475 	 0 	 0
0.1955 	 -0.4645 	 0 	 0
0.19575 	 -0.46425 	 0 	 0
0.196 	 -0.464 	 0 	 0
0.19625 	 -0.46375 	 0 	 0
0.1965 	 -0.4635 	 0 	 0
0.19675 	 -0.46325 	 0 	 0
0.197 	 -0.463 	 0 	 0
0.19725 	 -0.46275 	 0 	 0
0.1975 	 -0.4625 	 0 	 0
0.19775 	 -0.46225 	 0 	 0
0.198 	 -0.462 	 0 	 0
0.19825 	 -0.46175 	 0 	 0
0.1985 	 -0.4615 	 0 	 0
0.19875 	 -0.46125 	 0 	 0
0.199 	 -0.461 	 0 	 0
0.19925 	 -0.46075 	 0 	 0
0.1995 	 -0.4605 	 0 	 0
0.19975 	 -0.46025 	 0 	 0
0.2 	 -0.46 	 0 	 0
0.20025 	 -0.45975 	 0 	 0
0.2005 	 -0.4595 	 0 	 0
0.20075 	 -0.45925 	 0 	 0
0.201 	 -0.459 	 0 	 0
0.20125 	 -0.45875 	 0 	 0
0.2015 	 -0.4585 	 0 	 0
0.20175 	 -0.45825 	 0 	 0
0.202 	 -0.458 	 0 	 0
0.20225 	 -0.45775 	 0 	 0
0.2025 	 -0.4575 	 0 	 0
0.20275 	 -0.45725 	 0 	 0
0.203 	 -0.457 	 0 	 0
0.20325 	 -0.45675 	 0 	 0
0.2035 	 -0.4565 	 0 	 0
0.20375 	 -0.45625 	 0 	 0
0.204 	 -0.456 	 0 	 0
0.20425 	 -0.45575 	 0 	 0
0.2045 	 -0.4555 	 0 	 0
0.20475 	 -0.45525 	 0 	 0
0.205 	 -0.455 	 0 	 0
0.20525 	 -0.45475 	 0 	 0
0.2055 	 -0.4545 	 0 	 0
0.20575 	 -0.45425 	 0 	 0
0.206 	 -0.454 	 0 	 0
0.20625 	 -0.45375 	 0 	 0
0.2065 	 -0.4535 	 0 	 0
0.20675 	 -0.45325 	 0 	 0
0.207 	 -0.453 	 0 	 0
0.20725 	 -0.45275 	 0 	 0
0.2075 	 -0.4525 	 0 	 0
0.20775 	 -0.45225 	 0 	 0
0.208 	 -0.452 	 0 	 0
0.20825 	 -0.45175 	 0 	 0
0.2085 	 -0.4515 	 0 	 0
0.20875 	 -0.45125 	 0 	 0
0.209 	 -0.451 	 0 	 0
0.20925 	 -0.45075 	 0 	 0
0.2095 	 -0.4505 	 0 	 0
0.20975 	 -0.45025 	 0 	 0
0.21 	 -0.45 	 0 	 0
0.21025 	 -0.44975 	 0 	 0
0.2105 	 -0.4495 	 0 	 0
0.21075 	 -0.44925 	 0 	 0
0.211 	 -0.449 	 0 	 0
0.21125 	 -0.44875 	 0 	 0
0.2115 	 -0.4485 	 0 	 0
0.21175 	 -0.44825 	 0 	 0
0.212 	 -0.448 	 0 	 0
0.21225 	 -0.44775 	 0 	 0
0.2125 	 -0.4475 	 0 	 0
0.21275 	 -0.44725 	 0 	 0
0.213 	 -0.447 	 0 	 0
0.21325 	 -0.44675 	 0 	 0
0.2135 	 -0.4465 	 0 	 0
0.21375 	 -0.44625 	 0 	 0
0.214 	 -0.446 	 0 	 0
0.21425 	 -0.44575 	 0 	 0
0.2145 	 -0.4455 	 0 	 0
0.21475 	 -0.44525 	 0 	 0
0.215 	 -0.445 	 0 	 0
0.21525 	 -0.44475 	 0 	 0
0.2155 	 -0.4445 	 0 	 0
0.21575 	 -0.44425 	 0 	 0
0.216 	 -0.444 	 0 	 0
0.21625 	 -0.44375 	 0 	 0
0.2165 	 -0.4435 	 0 	 0
0.21675 	 -0.44325 	 0 	 0
0.217 	 -0.443 	 0 	 0
0.21725 	 -0.44275 	 0 	 0
0.2175 	 -0.4425 	 0 	 0
0.21775 	 -0.44225 	 0 	 0
0.218 	 -0.442 	 0 	 0
0.21825 	 -0.44175 	 0 	 0
0.2185 	 -0.4415 	 0 	 0
0.21875 	 -0.44125 	 0 	 0
0.219 	 -0.441 	 0 	 0
0.21925 	 -0.44075 	 0 	 0
0.2195 	 -0.4405 	 0 	 0
0.21975 	 -0.44025 	 0 	 0
0.22 	 -0.44 	 0 	 0
0.22025 	 -0.43975 	 0 	 0
0.2205 	 -0.4395 	 0 	 0
0.22075 	 -0.43925 	 0 	 0
0.221 	 -0.439 	 0 	 0
0.22125 	 -0.43875 	 0 	 0
0.2215 	 -0.4385 	 0 	 0
0.22175 	 -0.43825 	 0 	 0
0.222 	 -0.438 	 0 	 0
0.22225 	 -0.43775 	 0 	 0
0.2225 	 -0.4375 	 0 	 0
0.22275 	 -0.43725 	 0 	 0
0.223 	 -0.437 	 0 	 0
0.22325 	 -0.43675 	 0 	 0
0.2235 	 -0.4365 	 0 	 0
0.22375 	 -0.43625 	 0 	 0
0.224 	 -0.436 	 0 	 0
0.22425 	 -0.43575 	 0 	 0
0.2245 	 -0.4355 	 0 	 0
0.22475 	 -0.43525 	 0 	 0
0.225 	 -0.435 	 0 	 0
0.22525 	 -0.43475 	 0 	 0
0.2255 	 -0.4345 	 0 	 0
0.22575 	 -0.43425 	 0 	 0
0.226 	 -0.434 	 0 	 0
0.22625 	 -0.43375 	 0 	 0
0.2265 	 -0.4335 	 0 	 0
0.22675 	 -0.43325 	 0 	 0
0.227 	 -0.433 	 0 	 0
0.22725 	 -0.43275 	 0 	 0
0.2275 	 -0.4325 	 0 	 0
0.22775 	 -0.43225 	 0 	 0
0.228 	 -0.432 	 0 	 0
0.22825 	 -0.43175 	 0 	 0
0.2285 	 -0.4315 	 0 	 0
0.22875 	 -0.43125 	 0 	 0
0.229 	 -0.431 	 0 	 0
0.22925 	 -0.43075 	 0 	 0
0.2295 	 -0.4305 	 0 	 0
0.22975 	 -0.43025 	 0 	 0
0.23 	 -0.43 	 0 	 0
0.23025 	 -0.42975 	 0 	 0
0.2305 	 -0.4295 	 0 	 0
0.23075 	 -0.42925 	 0 	 0
0.231 	 -0.429 	 0 	 0
0.23125 	 -0.42875 	 0 	 0
0.2315 	 -0.4285 	 0 	 0
0.23175 	 -0.42825 	 0 	 0
0.232 	 -0.428 	 0 	 0
0.23225 	 -0.42775 	 0 	 0
0.2325 	 -0.4275 	 0 	 0
0.23275 	 -0.42725 	 0 	 0
0.233 	 -0.427 	 0 	 0
0.23325 	 -0.42675 	 0 	 0
0.2335 	 -0.4265 	 0 	 0
0.23375 	 -0.42625 	 0 	 0
0.234 	 -0.426 	 0 	 0
0.23425 	 -0.42575 	 0 	 0
0.2345 	 -0.4255 	 0 	 0
0.23475 	 -0.42525 	 0 	 0
0.235 	 -0.425 	 0 	 0
0.23525 	 -0.42475 	 0 	 0
0.2355 	 -0.4245 	 0 	 0
0.23575 	 -0.42425 	 0 	 0
0.236 	 -0.424 	 0 	 0
0.23625 	 -0.42375 	 0 	 0
0.2365 	 -0.4235 	 0 	 0
0.23675 	 -0.42325 	 0 	 0
0.237 	 -0.423 	 0 	 0
0.23725 	 -0.42275 	 0 	 0
0.2375 	 -0.4225 	 0 	 0
0.23775 	 -0.42225 	 0 	 0
0.238 	 -0.422 	 0 	 0
0.23825 	 -0.42175 	 0 	 0
0.2385 	 -0.4215 	 0 	 0
0.23875 	 -0.42125 	 0 	 0
0.239 	 -0.421 	 0 	 0
0.23925 	 -0.42075 	 0 	 0
0.2395 	 -0.4205 	 0 	 0
0.23975 	 -0.42025 	 0 	 0
0.24 	 -0.42 	 0 	 0
0.24025 	 -0.41975 	 0 	 0
0.2405 	 -0.4195 	 0 	 0
0.24075 	 -0.41925 	 0 	 0
0.241 	 -0.419 	 0 	 0
0.24125 	 -0.41875 	 0 	 0
0.2415 	 -0.4185 	 0 	 0
0.24175 	 -0.41825 	 0 	 0
0.242 	 -0.418 	 0 	 0
0.24225 	 -0.41775 	 0 	 0
0.2425 	 -0.4175 	 0 	 0
0.24275 	 -0.41725 	 0 	 0
0.243 	 -0.417 	 0 	 0
0.24325 	 -0.41675 	 0 	 0
0.2435 	 -0.4165 	 0 	 0
0.24375 	 -0.41625 	 0 	 0
0.244 	 -0.416 	 0 	 0
0.24425 	 -0.41575 	 0 	 0
0.2445 	 -0.4155 	 0 	 0
0.24475 	 -0.41525 	 0 	 0
0.245 	 -0.415 	 0 	 0
0.24525 	 -0.41475 	 0 	 0
0.2455 	 -0.4145 	 0 	 0
0.24575 	 -0.41425 	 0 	 0
0.246 	 -0.414 	 0 	 0
0.24625 	 -0.41375 	 0 	 0
0.2465 	 -0.4135 	 0 	 0
0.24675 	 -0.41325 	 0 	 0
0.247 	 -0.413 	 0 	 0
0.24725 	 -0.41275 	 0 	 0
0.2475 	 -0.4125 	 0 	 0
0.24775 	 -0.41225 	 0 	 0
0.248 	 -0.412 	 0 	 0
0.24825 	 -0.41175 	 0 	 0
0.2485 	 -0.4115 	 0 	 0
0.24875 	 -0.41125 	 0 	 0
0.249 	 -0.411 	 0 	 0
0.24925 	 -0.41075 	 0 	 0
0.2495 	 -0.4105 	 0 	 0
0.24975 	 -0.41025 	 0 	 0
0.25 	 -0.41 	 0 	 0
0.25025 	 -0.40975 	 0 	 0
0.2505 	 -0.4095 	 0 	 0
0.25075 	 -0.40925 	 0 	 0
0.251 	 -0.409 	 0 	 0
0.25125 	 -0.40875 	 0 	 0
0.2515 	 -0.4085 	 0 	 0
0.25175 	 -0.40825 	 0 	 0
0.252 	 -0.408 	 0 	 0
0.25225 	 -0.40775 	 0 	 0
0.2525 	 -0.4075 	 0 	 0
0.25275 	 -0.40725 	 0 	 0
0.253 	 -0.407 	 0 	 0
0.25325 	 -0.40675 	 0 	 0
0.2535 	 -0.4065 	 0 	 0
0.25375 	 -0.40625 	 0 	 0
0.254 	 -0.406 	 0 	 0
0.25425 	 -0.40575 	 0 	 0
0.2545 	 -0.4055 	 0 	 0
0.25475 	 -0.40525 	 0 	 0
0.255 	 -0.405 	 0 	 0
0.25525 	 -0.40475 	 0 	 0
0.2555 	 -0.4045 	 0 	 0
0.25575 	 -0.40425 	 0 	 0
0.256 	 -0.404 	 0 	 0
0.25625 	 -0.40375 	 0 	 0
0.2565 	 -0.4035 	 0 	 0
0.25675 	 -0.40325 	 0 	 0
0.257 	 -0.403 	 0 	 0
0.25725 	 -0.40275 	 0 	 0
0.2575 	 -0.4025 	 0 	 0
0.25775 	 -0.40225 	 0 	 0
0.258 	 -0.402 	 0 	 0
0.25825 	 -0.40175 	 0 	 0
0.2585 	 -0.4015 	 0 	 0
0.25875 	 -0.40125 	 0 	 0
0.259 	 -0.401 	 0 	 0
0.25925 	 -0.40075 	 0 	 0
0.2595 	 -0.4005 	 0 	 0
0.25975 	 -0.40025 	 0 	 0
0.26 	 -0.4 	 0 	 0
0.26025 	 -0.39975 	 0 	 0
0.2605 	 -0.3995 	 0 	 0
0.26075 	 -0.39925 	 0 	 0
0.261 	 -0.399 	 0 	 0
0.26125 	 -0.39875 	 0 	 0
0.2615 	 -0.3985 	 0 	 0
0.26175 	 -0.39825 	 0 	 0
0.262 	 -0.398 	 0 	 0
0.26225 	 -0.39775 	 0 	 0
0.2625 	 -0.3975 	 0 	 0
0.26275 	 -0.39725 	 0 	 0
0.263 	 -0.397 	 0 	 0
0.26325 	 -0.39675 	 0 	 0
0.2635 	 -0.3965 	 0 	 0
0.26375 	 -0.39625 	 0 	 0
0.264 	 -0.396 	 0 	 0
0.26425 	 -0.39575 	 0 	 0
0.2645 	 -0.3955 	 0 	 0
0.26475 	 -0.39525 	 0 	 0
0.265 	 -0.395 	 0 	 0
0.26525 	 -0.39475 	 0 	 0
0.2655 	 -0.3945 	 0 	 0
0.26575 	 -0.39425 	 0 	 0
0.266 	 -0.394 	 0 	 0
0.26625 	 -0.39375 	 0 	 0
0.2665 	 -0.3935 	 0 	 0
0.26675 	 -0.39325 	 0 	 0
0.267 	 -0.393 	 0 	 0
0.26725 	 -0.39275 	 0 	 0
0.2675 	 -0.3925 	 0 	 0
0.26775 	 -0.39225 	 0 	 0
0.268 	 -0.392 	 0 	 0
0.26825 	 -0.39175 	 0 	 0
0.2685 	 -0.3915 	 0 	 0
0.26875 	 -0.39125 	 0 	 0
0.269 	 -0.391 	 0 	 0
0.26925 	 -0.39075 	 0 	 0
0.2695 	 -0.3905 	 0 	 0
0.26975 	 -0.39025 	 0 	 0
0.27 	 -0.39 	 0 	 0
0.27025 	 -0.38975 	 0 	 0
0.2705 	 -0.3895 	 0 	 0
0.27075 	 -0.38925 	 0 	 0
0.271 	 -0.389 	 0 	 0
0.27125 	 -0.38875 	 0 	 0
0.2715 	 -0.3885 	 0 	 0
0.27175 	 -0.38825 	 0 	 0
0.272 	 -0.388 	 0 	 0
0.27225 	 -0.38775 	 0 	 0
0.2725 	 -0.3875 	 0 	 0
0.27275 	 -0.38725 	 0 	 0
0.273 	 -0.387 	 0 	 0
0.27325 	 -0.38675 	 0 	 0
0.2735 	 -0.3865 	 0 	 0
0.27375 	 -0.38625 	 0 	 0
0.274 	 -0.386 	 0 	 0
0.27425 	 -0.38575 	 0 	 0
0.2745 	 -0.3855 	 0 	 0
0.27475 	 -0.38525 	 0 	 0
0.275 	 -0.385 	 0 	 0
0.27525 	 -0.38475 	 0 	 0
0.2755 	 -0.3845 	 0 	 0
0.27575 	 -0.38425 	 0 	 0
0.276 	 -0.384 	 0 	 0
0.27625 	 -0.38375 	 0 	 0
0.2765 	 -0.3835 	 0 	 0
0.27675 	 -0.38325 	 0 	 0
0.277 	 -0.383 	 0 	 0
0.27725 	 -0.38275 	 0 	 0
0.2775 	 -0.3825 	 0 	 0
0.27775 	 -0.38225 	 0 	 0
0.278 	 -0.382 	 0 	 0
0.27825 	 -0.38175 	 0 	 0
0.2785 	 -0.3815 	 0 	 0
0.27875 	 -0.38125 	 0 	 0
0.279 	 -0.381 	 0 	 0
0.27925 	 -0.38075 	 0 	 0
0.2795 	 -0.3805 	 0 	 0
0.27975 	 -0.38025 	 0 	 0
0.28 	 -0.38 	 0 	 0
0.28025 	 -0.37975 	 0 	 0
0.2805 	 -0.3795 	 0 	 0
0.28075 	 -0.37925 	 0 	 0
0.281 	 -0.379 	 0 	 0
0.28125 	 -0.37875 	 0 	 0
0.2815 	 -0.3785 	 0 	 0
0.28175 	 -0.37825 	 0 	 0
0.282 	 -0.378 	 0 	 0
0.28225 	 -0.37775 	 0 	 0
0.2825 	 -0.3775 	 0 	 0
0.28275 	 -0.37725 	 0 	 0
0.283 	 -0.377 	 0 	 0
0.28325 	 -0.37675 	 0 	 0
0.2835 	 -0.3765 	 0 	 0
0.28375 	 -0.37625 	 0 	 0
0.284 	 -0.376 	 0 	 0
0.28425 	 -0.37575 	 0 	 0
0.2845 	 -0.3755 	 0 	 0
0.28475 	 -0.37525 	 0 	 0
0.285 	 -0.375 	 0 	 0
0.28525 	 -0.37475 	 0 	 0
0.2855 	 -0.3745 	 0 	 0
0.28575 	 -0.37425 	 0 	 0
0.286 	 -0.374 	 0 	 0
0.28625 	 -0.37375 	 0 	 0
0.2865 	 -0.3735 	 0 	 0
0.28675 	 -0.37325 	 0 	 0
0.287 	 -0.373 	 0 	 0
0.28725 	 -0.37275 	 0 	 0
0.2875 	 -0.3725 	 0 	 0
0.28775 	 -0.37225 	 0 	 0
0.288 	 -0.372 	 0 	 0
0.28825 	 -0.37175 	 0 	 0
0.2885 	 -0.3715 	 0 	 0
0.28875 	 -0.37125 	 0 	 0
0.289 	 -0.371 	 0 	 0
0.28925 	 -0.37075 	 0 	 0
0.2895 	 -0.3705 	 0 	 0
0.28975 	 -0.37025 	 0 	 0
0.29 	 -0.37 	 0 	 0
0.29025 	 -0.36975 	 0 	 0
0.2905 	 -0.3695 	 0 	 0
0.29075 	 -0.36925 	 0 	 0
0.291 	 -0.369 	 0 	 0
0.29125 	 -0.36875 	 0 	 0
0.2915 	 -0.3685 	 0 	 0
0.29175 	 -0.36825 	 0 	 0
0.292 	 -0.368 	 0 	 0
0.29225 	 -0.36775 	 0 	 0
0.2925 	 -0.3675 	 0 	 0
0.29275 	 -0.36725 	 0 	 0
0.293 	 -0.367 	 0 	 0
0.29325 	 -0.36675 	 0 	 0
0.2935 	 -0.3665 	 0 	 0
0.29375 	 -0.36625 	 0 	 0
0.294 	 -0.366 	 0 	 0
0.29425 	 -0.36575 	 0 	 0
0.2945 	 -0.3655 	 0 	 0
0.29475 	 -0.36525 	 0 	 0
0.295 	 -0.365 	 0 	 0
0.29525 	 -0.36475 	 0 	 0
0.2955 	 -0.3645 	 0 	 0
0.29575 	 -0.36425 	 0 	 0
0.296 	 -0.364 	 0 	 0
0.29625 	 -0.36375 	 0 	 0
0.2965 	 -0.3635 	 0 	 0
0.29675 	 -0.36325 	 0 	 0
0.297 	 -0.363 	 0 	 0
0.29725 	 -0.36275 	 0 	 0
0.2975 	 -0.3625 	 0 	 0
0.29775 	 -0.36225 	 0 	 0
0.298 	 -0.362 	 0 	 0
0.29825 	 -0.36175 	 0 	 0
0.2985 	 -0.3615 	 0 	 0
0.29875 	 -0.36125 	 0 	 0
0.299 	 -0.361 	 0 	 0
0.29925 	 -0.36075 	 0 	 0
0.2995 	 -0.3605 	 0 	 0
0.29975 	 -0.36025 	 0 	 0
0.3 	 -0.36 	 0 	 0
0.30025 	 -0.35975 	 0 	 0
0.3005 	 -0.3595 	 0 	 0
0.30075 	 -0.35925 	 0 	 0
0.301 	 -0.359 	 0 	 0
0.30125 	 -0.35875 	 0 	 0
0.3015 	 -0.3585 	 0 	 0
0.30175 	 -0.35825 	 0 	 0
0.302 	 -0.358 	 0 	 0
0.30225 	 -0.35775 	 0 	 0
0.3025 	 -0.3575 	 0 	 0
0.30275 	 -0.35725 	 0 	 0
0.303 	 -0.357 	 0 	 0
0.30325 	 -0.35675 	 0 	 0
0.3035 	 -0.3565 	 0 	 0
0.30375 	 -0.35625 	 0 	 0
0.304 	 -0.356 	 0 	 0
0.30425 	 -0.35575 	 0 	 0
0.3045 	 -0.3555 	 0 	 0
0.30475 	 -0.35525 	 0 	 0
0.305 	 -0.355 	 0 	 0
0.30525 	 -0.35475 	 0 	 0
0.3055 	 -0.3545 	 0 	 0
0.30575 	 -0.35425 	 0 	 0
0.306 	 -0.354 	 0 	 0
0.30625 	 -0.35375 	 0 	 0
0.3065 	 -0.3535 	 0 	 0
0.30675 	 -0.35325 	 0 	 0
0.307 	 -0.353 	 0 	 0
0.30725 	 -0.35275 	 0 	 0
0.3075 	 -0.3525 	 0 	 0
0.30775 	 -0.35225 	 0 	 0
0.308 	 -0.352 	 0 	 0
0.30825 	 -0.35175 	 0 	 0
0.3085 	 -0.3515 	 0 	 0
0.30875 	 -0.35125 	 0 	 0
0.309 	 -0.351 	 0 	 0
0.30925 	 -0.35075 	 0 	 0
0.3095 	 -0.3505 	 0 	 0
0.30975 	 -0.35025 	 0 	 0
0.31 	 -0.35 	 0 	 0
0.31025 	 -0.34975 	 0 	 0
0.3105 	 -0.3495 	 0 	 0
0.31075 	 -0.34925 	 0 	 0
0.311 	 -0.349 	 0 	 0
0.31125 	 -0.34875 	 0 	 0
0.3115 	 -0.3485 	 0 	 0
0.31175 	 -0.34825 	 0 	 0
0.312 	 -0.348 	 0 	 0
0.31225 	 -0.34775 	 0 	 0
0.3125 	 -0.3475 	 0 	 0
0.31275 	 -0.34725 	 0 	 0
0.313 	 -0.347 	 0 	 0
0.31325 	 -0.34675 	 0 	 0
0.3135 	 -0.3465 	 0 	 0
0.31375 	 -0.34625 	 0 	 0
0.314 	 -0.346 	 0 	 0
0.31425 	 -0.34575 	 0 	 0
0.3145 	 -0.3455 	 0 	 0
0.31475 	 -0.34525 	 0 	 0
0.315 	 -0.345 	 0 	 0
0.31525 	 -0.34475 	 0 	 0
0.3155 	 -0.3445 	 0 	 0
0.31575 	 -0.34425 	 0 	 0
0.316 	 -0.344 	 0 	 0
0.31625 	 -0.34375 	 0 	 0
0.3165 	 -0.3435 	 0 	 0
0.31675 	 -0.34325 	 0 	 0
0.317 	 -0.343 	 0 	 0
0.31725 	 -0.34275 	 0 	 0
0.3175 	 -0.3425 	 0 	 0
0.31775 	 -0.34225 	 0 	 0
0.318 	 -0.342 	 0 	 0
0.31825 	 -0.34175 	 0 	 0
0.3185 	 -0.3415 	 0 	 0
0.31875 	 -0.34125 	 0 	 0
0.319 	 -0.341 	 0 	 0
0.31925 	 -0.34075 	 0 	 0
0.3195 	 -0.3405 	 0 	 0
0.31975 	 -0.34025 	 0 	 0
0.32 	 -0.34 	 0 	 0
0.32025 	 -0.33975 	 0 	 0
0.3205 	 -0.3395 	 0 	 0
0.32075 	 -0.33925 	 0 	 0
0.321 	 -0.339 	 0 	 0
0.32125 	 -0.33875 	 0 	 0
0.3215 	 -0.3385 	 0 	 0
0.32175 	 -0.33825 	 0 	 0
0.322 	 -0.338 	 0 	 0
0.32225 	 -0.33775 	 0 	 0
0.3225 	 -0.3375 	 0 	 0
0.32275 	 -0.33725 	 0 	 0
0.323 	 -0.337 	 0 	 0
0.32325 	 -0.33675 	 0 	 0
0.3235 	 -0.3365 	 0 	 0
0.32375 	 -0.33625 	 0 	 0
0.324 	 -0.336 	 0 	 0
0.32425 	 -0.33575 	 0 	 0
0.3245 	 -0.3355 	 0 	 0
0.32475 	 -0.33525 	 0 	 0
0.325 	 -0.335 	 0 	 0
0.32525 	 -0.33475 	 0 	 0
0.3255 	 -0.3345 	 0 	 0
0.32575 	 -0.33425 	 0 	 0
0.326 	 -0.334 	 0 	 0
0.32625 	 -0.33375 	 0 	 0
0.3265 	 -0.3335 	 0 	 0
0.32675 	 -0.33325 	 0 	 0
0.327 	 -0.333 	 0 	 0
0.32725 	 -0.33275 	 0 	 0
0.3275 	 -0.3325 	 0 	 0
0.32775 	 -0.33225 	 0 	 0
0.328 	 -0.332 	 0 	 0
0.32825 	 -0.33175 	 0 	 0
0.3285 	 -0.3315 	 0 	 0
0.32875 	 -0.33125 	 0 	 0
0.329 	 -0.331 	 0 	 0
0.32925 	 -0.33075 	 0 	 0
0.3295 	 -0.3305 	 0 	 0
0.32975 	 -0.33025 	 0 	 0
0.33 	 -0.33 	 0 	 0
0.33025 	 -0.32975 	 0 	 0
0.3305 	 -0.3295 	 0 	 0
0.33075 	 -0.32925 	 0 	 0
0.331 	 -0.329 	 0 	 0
0.33125 	 -0.32875 	 0 	 0
0.3315 	 -0.3285 	 0 	 0
0.33175 	 -0.32825 	 0 	 0
0.332 	 -0.328 	 0 	 0
0.33225 	 -0.32775 	 0 	 0
0.3325 	 -0.3275 	 0 	 0
0.33275 	 -0.32725 	 0 	 0
0.333 	 -0.327 	 0 	 0
0.33325 	 -0.32675 	 0 	 0
0.3335 	 -0.3265 	 0 	 0
0.33375 	 -0.32625 	 0 	 0
0.334 	 -0.326 	 0 	 0
0.33425 	 -0.32575 	 0 	 0
0.3345 	 -0.3255 	 0 	 0
0.33475 	 -0.32525 	 0 	 0
0.335 	 -0.325 	 0 	 0
0.33525 	 -0.32475 	 0 	 0
0.3355 	 -0.3245 	 0 	 0
0.33575 	 -0.32425 	 0 	 0
0.336 	 -0.324 	 0 	 0
0.33625 	 -0.32375 	 0 	 0
0.3365 	 -0.3235 	 0 	 0
0.33675 	 -0.32325 	 0 	 0
0.337 	 -0.323 	 0 	 0
0.33725 	 -0.32275 	 0 	 0
0.3375 	 -0.3225 	 0 	 0
0.33775 	 -0.32225 	 0 	 0
0.338 	 -0.322 	 0 	 0
0.33825 	 -0.32175 	 0 	 0
0.3385 	 -0.3215 	 0 	 0
0.33875 	 -0.32125 	 0 	 0
0.339 	 -0.321 	 0 	 0
0.33925 	 -0.32075 	 0 	 0
0.3395 	 -0.3205 	 0 	 0
0.33975 	 -0.32025 	 0 	 0
0.34 	 -0.32 	 0 	 0
0.34025 	 -0.31975 	 0 	 0
0.3405 	 -0.3195 	 0 	 0
0.34075 	 -0.31925 	 0 	 0
0.341 	 -0.319 	 0 	 0
0.34125 	 -0.31875 	 0 	 0
0.3415 	 -0.3185 	 0 	 0
0.34175 	 -0.31825 	 0 	 0
0.342 	 -0.318 	 0 	 0
0.34225 	 -0.31775 	 0 	 0
0.3425 	 -0.3175 	 0 	 0
0.34275 	 -0.31725 	 0 	 0
0.343 	 -0.317 	 0 	 0
0.34325 	 -0.31675 	 0 	 0
0.3435 	 -0.3165 	 0 	 0
0.34375 	 -0.31625 	 0 	 0
0.344 	 -0.316 	 0 	 0
0.34425 	 -0.31575 	 0 	 0
0.3445 	 -0.3155 	 0 	 0
0.34475 	 -0.31525 	 0 	 0
0.345 	 -0.315 	 0 	 0
0.34525 	 -0.31475 	 0 	 0
0.3455 	 -0.3145 	 0 	 0
0.34575 	 -0.31425 	 0 	 0
0.346 	 -0.314 	 0 	 0
0.34625 	 -0.31375 	 0 	 0
0.3465 	 -0.3135 	 0 	 0
0.34675 	 -0.31325 	 0 	 0
0.347 	 -0.313 	 0 	 0
0.34725 	 -0.31275 	 0 	 0
0.3475 	 -0.3125 	 0 	 0
0.34775 	 -0.31225 	 0 	 0
0.348 	 -0.312 	 0 	 0
0.34825 	 -0.31175 	 0 	 0
0.3485 	 -0.3115 	 0 	 0
0.34875 	 -0.31125 	 0 	 0
0.349 	 -0.311 	 0 	 0
0.34925 	 -0.31075 	 0 	 0
0.3495 	 -0.3105 	 0 	 0
0.34975 	 -0.31025 	 0 	 0
0.35 	 -0.31 	 0 	 0
0.35025 	 -0.30975 	 0 	 0
0.3505 	 -0.3095 	 0 	 0
0.35075 	 -0.30925 	 0 	 0
0.351 	 -0.309 	 0 	 0
0.35125 	 -0.30875 	 0 	 0
0.3515 	 -0.3085 	 0 	 0
0.35175 	 -0.30825 	 0 	 0
0.352 	 -0.308 	 0 	 0
0.35225 	 -0.30775 	 0 	 0
0.3525 	 -0.3075 	 0 	 0
0.35275 	 -0.30725 	 0 	 0
0.353 	 -0.307 	 0 	 0
0.35325 	 -0.30675 	 0 	 0
0.3535 	 -0.3065 	 0 	 0
0.35375 	 -0.30625 	 0 	 0
0.354 	 -0.306 	 0 	 0
0.35425 	 -0.30575 	 0 	 0
0.3545 	 -0.3055 	 0 	 0
0.35475 	 -0.30525 	 0 	 0
0.355 	 -0.305 	 0 	 0
0.35525 	 -0.30475 	 0 	 0
0.3555 	 -0.3045 	 0 	 0
0.35575 	 -0.30425 	 0 	 0
0.356 	 -0.304 	 0 	 0
0.35625 	 -0.30375 	 0 	 0
0.3565 	 -0.3035 	 0 	 0
0.35675 	 -0.30325 	 0 	 0
0.357 	 -0.303 	 0 	 0
0.35725 	 -0.30275 	 0 	 0
0.3575 	 -0.3025 	 0 	 0
0.35775 	 -0.30225 	 0 	 0
0.358 	 -0.302 	 0 	 0
0.35825 	 -0.30175 	 0 	 0
0.3585 	 -0.3015 	 0 	 0
0.35875 	 -0.30125 	 0 	 0
0.359 	 -0.301 	 0 	 0
0.35925 	 -0.30075 	 0 	 0
0.3595 	 -0.3005 	 0 	 0
0.35975 	 -0.30025 	 0 	 0
0.36 	 -0.3 	 0 	 0
0.36025 	 -0.29975 	 0 	 0
0.3605 	 -0.2995 	 0 	 0
0.36075 	 -0.29925 	 0 	 0
0.361 	 -0.299 	 0 	 0
0.36125 	 -0.29875 	 0 	 0
0.3615 	 -0.2985 	 0 	 0
0.36175 	 -0.29825 	 0 	 0
0.362 	 -0.298 	 0 	 0
0.36225 	 -0.29775 	 0 	 0
0.3625 	 -0.2975 	 0 	 0
0.36275 	 -0.29725 	 0 	 0
0.363 	 -0.297 	 0 	 0
0.36325 	 -0.29675 	 0 	 0
0.3635 	 -0.2965 	 0 	 0
0.36375 	 -0.29625 	 0 	 0
0.364 	 -0.296 	 0 	 0
0.36425 	 -0.29575 	 0 	 0
0.3645 	 -0.2955 	 0 	 0
0.36475 	 -0.29525 	 0 	 0
0.365 	 -0.295 	 0 	 0
0.36525 	 -0.29475 	 0 	 0
0.3655 	 -0.2945 	 0 	 0
0.36575 	 -0.29425 	 0 	 0
0.366 	 -0.294 	 0 	 0
0.36625 	 -0.29375 	 0 	 0
0.3665 	 -0.2935 	 0 	 0
0.36675 	 -0.29325 	 0 	 0
0.367 	 -0.293 	 0 	 0
0.36725 	 -0.29275 	 0 	 0
0.3675 	 -0.2925 	 0 	 0
0.36775 	 -0.29225 	 0 	 0
0.368 	 -0.292 	 0 	 0
0.36825 	 -0.29175 	 0 	 0
0.3685 	 -0.2915 	 0 	 0
0.36875 	 -0.29125 	 0 	 0
0.369 	 -0.291 	 0 	 0
0.36925 	 -0.29075 	 0 	 0
0.3695 	 -0.2905 	 0 	 0
0.36975 	 -0.29025 	 0 	 0
0.37 	 -0.29 	 0 	 0
0.37025 	 -0.28975 	 0 	 0
0.3705 	 -0.2895 	 0 	 0
0.37075 	 -0.28925 	 0 	 0
0.371 	 -0.289 	 0 	 0
0.37125 	 -0.28875 	 0 	 0
0.3715 	 -0.2885 	 0 	 0
0.37175 	 -0.28825 	 0 	 0
0.372 	 -0.288 	 0 	 0
0.37225 	 -0.28775 	 0 	 0
0.3725 	 -0.2875 	 0 	 0
0.37275 	 -0.28725 	 0 	 0
0.373 	 -0.287 	 0 	 0
0.37325 	 -0.28675 	 0 	 0
0.3735 	 -0.2865 	 0 	 0
0.37375 	 -0.28625 	 0 	 0
0.374 	 -0.286 	 0 	 0
0.37425 	 -0.28575 	 0 	 0
0.3745 	 -0.2855 	 0 	 0
0.37475 	 -0.28525 	 0 	 0
0.375 	 -0.285 	 0 	 0
0.37525 	 -0.28475 	 0 	 0
0.3755 	 -0.2845 	 0 	 0
0.37575 	 -0.28425 	 0 	 0
0.376 	 -0.284 	 0 	 0
0.37625 	 -0.28375 	 0 	 0
0.3765 	 -0.2835 	 0 	 0
0.37675 	 -0.28325 	 0 	 0
0.377 	 -0.283 	 0 	 0
0.37725 	 -0.28275 	 0 	 0
0.3775 	 -0.2825 	 0 	 0
0.37775 	 -0.28225 	 0 	 0
0.378 	 -0.282 	 0 	 0
0.37825 	 -0.28175 	 0 	 0
0.3785 	 -0.2815 	 0 	 0
0.37875 	 -0.28125 	 0 	 0
0.379 	 -0.281 	 0 	 0
0.37925 	 -0.28075 	 0 	 0
0.3795 	 -0.2805 	 0 	 0
0.37975 	 -0.28025 	 0 	 0
0.38 	 -0.28 	 0 	 0
0.38025 	 -0.27975 	 0 	 0
0.3805 	 -0.2795 	 0 	 0
0.38075 	 -0.27925 	 0 	 0
0.381 	 -0.279 	 0 	 0
0.38125 	 -0.27875 	 0 	 0
0.3815 	 -0.2785 	 0 	 0
0.38175 	 -0.27825 	 0 	 0
0.382 	 -0.278 	 0 	 0
0.38225 	 -0.27775 	 0 	 0
0.3825 	 -0.2775 	 0 	 0
0.38275 	 -0.27725 	 0 	 0
0.383 	 -0.277 	 0 	 0
0.38325 	 -0.27675 	 0 	 0
0.3835 	 -0.2765 	 0 	 0
0.38375 	 -0.27625 	 0 	 0
0.384 	 -0.276 	 0 	 0
0.38425 	 -0.27575 	 0 	 0
0.3845 	 -0.2755 	 0 	 0
0.38475 	 -0.27525 	 0 	 0
0.385 	 -0.275 	 0 	 0
0.38525 	 -0.27475 	 0 	 0
0.3855 	 -0.2745 	 0 	 0
0.38575 	 -0.27425 	 0 	 0
0.386 	 -0.274 	 0 	 0
0.38625 	 -0.27375 	 0 	 0
0.3865 	 -0.2735 	 0 	 0
0.38675 	 -0.27325 	 0 	 0
0.387 	 -0.273 	 0 	 0
0.38725 	 -0.27275 	 0 	 0
0.3875 	 -0.2725 	 0 	 0
0.38775 	 -0.27225 	 0 	 0
0.388 	 -0.272 	 0 	 0
0.38825 	 -0.27175 	 0 	 0
0.3885 	 -0.2715 	 0 	 0
0.38875 	 -0.27125 	 0 	 0
0.389 	 -0.271 	 0 	 0
0.38925 	 -0.27075 	 0 	 0
0.3895 	 -0.2705 	 0 	 0
0.38975 	 -0.27025 	 0 	 0
0.39 	 -0.27 	 0 	 0
0.39025 	 -0.26975 	 0 	 0
0.3905 	 -0.2695 	 0 	 0
0.39075 	 -0.26925 	 0 	 0
0.391 	 -0.269 	 0 	 0
0.39125 	 -0.26875 	 0 	 0
0.3915 	 -0.2685 	 0 	 0
0.39175 	 -0.26825 	 0 	 0
0.392 	 -0.268 	 0 	 0
0.39225 	 -0.26775 	 0 	 0
0.3925 	 -0.2675 	 0 	 0
0.39275 	 -0.26725 	 0 	 0
0.393 	 -0.267 	 0 	 0
0.39325 	 -0.26675 	 0 	 0
0.3935 	 -0.2665 	 0 	 0
0.39375 	 -0.26625 	 0 	 0
0.394 	 -0.266 	 0 	 0
0.39425 	 -0.26575 	 0 	 0
0.3945 	 -0.2655 	 0 	 0
0.39475 	 -0.26525 	 0 	 0
0.395 	 -0.265 	 0 	 0
0.39525 	 -0.26475 	 0 	 0
0.3955 	 -0.2645 	 0 	 0
0.39575 	 -0.26425 	 0 	 0
0.396 	 -0.264 	 0 	 0
0.39625 	 -0.26375 	 0 	 0
0.3965 	 -0.2635 	 0 	 0
0.39675 	 -0.26325 	 0 	 0
0.397 	 -0.263 	 0 	 0
0.39725 	 -0.26275 	 0 	 0
0.3975 	 -0.2625 	 0 	 0
0.39775 	 -0.26225 	 0 	 0
0.398 	 -0.262 	 0 	 0
0.39825 	 -0.26175 	 0 	 0
0.3985 	 -0.2615 	 0 	 0
0.39875 	 -0.26125 	 0 	 0
0.399 	 -0.261 	 0 	 0
0.39925 	 -0.26075 	 0 	 0
0.3995 	 -0.2605 	 0 	 0
0.39975 	 -0.26025 	 0 	 0
0.4 	 -0.26 	 0 	 0
0.40025 	 -0.25975 	 0 	 0
0.4005 	 -0.2595 	 0 	 0
0.40075 	 -0.25925 	 0 	 0
0.401 	 -0.259 	 0 	 0
0.40125 	 -0.25875 	 0 	 0
0.4015 	 -0.2585 	 0 	 0
0.40175 	 -0.25825 	 0 	 0
0.402 	 -0.258 	 0 	 0
0.40225 	 -0.25775 	 0 	 0
0.4025 	 -0.2575 	 0 	 0
0.40275 	 -0.25725 	 0 	 0
0.403 	 -0.257 	 0 	 0
0.40325 	 -0.25675 	 0 	 0
0.4035 	 -0.2565 	 0 	 0
0.40375 	 -0.25625 	 0 	 0
0.404 	 -0.256 	 0 	 0
0.40425 	 -0.25575 	 0 	 0
0.4045 	 -0.2555 	 0 	 0
0.40475 	 -0.25525 	 0 	 0
0.405 	 -0.255 	 0 	 0
0.40525 	 -0.25475 	 0 	 0
0.4055 	 -0.2545 	 0 	 0
0.40575 	 -0.25425 	 0 	 0
0.406 	 -0.254 	 0 	 0
0.40625 	 -0.25375 	 0 	 0
0.4065 	 -0.2535 	 0 	 0
0.40675 	 -0.25325 	 0 	 0
0.407 	 -0.253 	 0 	 0
0.40725 	 -0.25275 	 0 	 0
0.4075 	 -0.2525 	 0 	 0
0.40775 	 -0.25225 	 0 	 0
0.408 	 -0.252 	 0 	 0
0.40825 	 -0.25175 	 0 	 0
0.4085 	 -0.2515 	 0 	 0
0.40875 	 -0.25125 	 0 	 0
0.409 	 -0.251 	 0 	 0
0.40925 	 -0.25075 	 0 	 0
0.4095 	 -0.2505 	 0 	 0
0.40975 	 -0.25025 	 0 	 0
0.41 	 -0.25 	 0 	 0
0.41025 	 -0.24975 	 0 	 0
0.4105 	 -0.2495 	 0 	 0
0.41075 	 -0.24925 	 0 	 0
0.411 	 -0.249 	 0 	 0
0.41125 	 -0.24875 	 0 	 0
0.4115 	 -0.2485 	 0 	 0
0.41175 	 -0.24825 	 0 	 0
0.412 	 -0.248 	 0 	 0
0.41225 	 -0.24775 	 0 	 0
0.4125 	 -0.2475 	 0 	 0
0.41275 	 -0.24725 	 0 	 0
0.413 	 -0.247 	 0 	 0
0.41325 	 -0.24675 	 0 	 0
0.4135 	 -0.2465 	 0 	 0
0.41375 	 -0.24625 	 0 	 0
0.414 	 -0.246 	 0 	 0
0.41425 	 -0.24575 	 0 	 0
0.4145 	 -0.2455 	 0 	 0
0.41475 	 -0.24525 	 0 	 0
0.415 	 -0.245 	 0 	 0
0.41525 	 -0.24475 	 0 	 0
0.4155 	 -0.2445 	 0 	 0
0.41575 	 -0.24425 	 0 	 0
0.416 	 -0.244 	 0 	 0
0.41625 	 -0.24375 	 0 	 0
0.4165 	 -0.2435 	 0 	 0
0.41675 	 -0.24325 	 0 	 0
0.417 	 -0.243 	 0 	 0
0.41725 	 -0.24275 	 0 	 0
0.4175 	 -0.2425 	 0 	 0
0.41775 	 -0.24225 	 0 	 0
0.418 	 -0.242 	 0 	 0
0.41825 	 -0.24175 	 0 	 0
0.4185 	 -0.2415 	 0 	 0
0.41875 	 -0.24125 	 0 	 0
0.419 	 -0.241 	 0 	 0
0.41925 	 -0.24075 	 0 	 0
0.4195 	 -0.2405 	 0 	 0
0.41975 	 -0.24025 	 0 	 0
0.42 	 -0.24 	 0 	 0
0.42025 	 -0.23975 	 0 	 0
0.4205 	 -0.2395 	 0 	 0
0.42075 	 -0.23925 	 0 	 0
0.421 	 -0.239 	 0 	 0
0.42125 	 -0.23875 	 0 	 0
0.4215 	 -0.2385 	 0 	 0
0.42175 	 -0.23825 	 0 	 0
0.422 	 -0.238 	 0 	 0
0.42225 	 -0.23775 	 0 	 0
0.4225 	 -0.2375 	 0 	 0
0.42275 	 -0.23725 	 0 	 0
0.423 	 -0.237 	 0 	 0
0.42325 	 -0.23675 	 0 	 0
0.4235 	 -0.2365 	 0 	 0
0.42375 	 -0.23625 	 0 	 0
0.424 	 -0.236 	 0 	 0
0.42425 	 -0.23575 	 0 	 0
0.4245 	 -0.2355 	 0 	 0
0.42475 	 -0.23525 	 0 	 0
0.425 	 -0.235 	 0 	 0
0.42525 	 -0.23475 	 0 	 0
0.4255 	 -0.2345 	 0 	 0
0.42575 	 -0.23425 	 0 	 0
0.426 	 -0.234 	 0 	 0
0.42625 	 -0.23375 	 0 	 0
0.4265 	 -0.2335 	 0 	 0
0.42675 	 -0.23325 	 0 	 0
0.427 	 -0.233 	 0 	 0
0.42725 	 -0.23275 	 0 	 0
0.4275 	 -0.2325 	 0 	 0
0.42775 	 -0.23225 	 0 	 0
0.428 	 -0.232 	 0 	 0
0.42825 	 -0.23175 	 0 	 0
0.4285 	 -0.2315 	 0 	 0
0.42875 	 -0.23125 	 0 	 0
0.429 	 -0.231 	 0 	 0
0.42925 	 -0.23075 	 0 	 0
0.4295 	 -0.2305 	 0 	 0
0.42975 	 -0.23025 	 0 	 0
0.43 	 -0.23 	 0 	 0
0.43025 	 -0.22975 	 0 	 0
0.4305 	 -0.2295 	 0 	 0
0.43075 	 -0.22925 	 0 	 0
0.431 	 -0.229 	 0 	 0
0.43125 	 -0.22875 	 0 	 0
0.4315 	 -0.2285 	 0 	 0
0.43175 	 -0.22825 	 0 	 0
0.432 	 -0.228 	 0 	 0
0.43225 	 -0.22775 	 0 	 0
0.4325 	 -0.2275 	 0 	 0
0.43275 	 -0.22725 	 0 	 0
0.433 	 -0.227 	 0 	 0
0.43325 	 -0.22675 	 0 	 0
0.4335 	 -0.2265 	 0 	 0
0.43375 	 -0.22625 	 0 	 0
0.434 	 -0.226 	 0 	 0
0.43425 	 -0.22575 	 0 	 0
0.4345 	 -0.2255 	 0 	 0
0.43475 	 -0.22525 	 0 	 0
0.435 	 -0.225 	 0 	 0
0.43525 	 -0.22475 	 0 	 0
0.4355 	 -0.2245 	 0 	 0
0.43575 	 -0.22425 	 0 	 0
0.436 	 -0.224 	 0 	 0
0.43625 	 -0.22375 	 0 	 0
0.4365 	 -0.2235 	 0 	 0
0.43675 	 -0.22325 	 0 	 0
0.437 	 -0.223 	 0 	 0
0.43725 	 -0.22275 	 0 	 0
0.4375 	 -0.2225 	 0 	 0
0.43775 	 -0.22225 	 0 	 0
0.438 	 -0.222 	 0 	 0
0.43825 	 -0.22175 	 0 	 0
0.4385 	 -0.2215 	 0 	 0
0.43875 	 -0.22125 	 0 	 0
0.439 	 -0.221 	 0 	 0
0.43925 	 -0.22075 	 0 	 0
0.4395 	 -0.2205 	 0 	 0
0.43975 	 -0.22025 	 0 	 0
0.44 	 -0.22 	 0 	 0
0.44025 	 -0.21975 	 0 	 0
0.4405 	 -0.2195 	 0 	 0
0.44075 	 -0.21925 	 0 	 0
0.441 	 -0.219 	 0 	 0
0.44125 	 -0.21875 	 0 	 0
0.4415 	 -0.2185 	 0 	 0
0.44175 	 -0.21825 	 0 	 0
0.442 	 -0.218 	 0 	 0
0.44225 	 -0.21775 	 0 	 0
0.4425 	 -0.2175 	 0 	 0
0.44275 	 -0.21725 	 0 	 0
0.443 	 -0.217 	 0 	 0
0.44325 	 -0.21675 	 0 	 0
0.4435 	 -0.2165 	 0 	 0
0.44375 	 -0.21625 	 0 	 0
0.444 	 -0.216 	 0 	 0
0.44425 	 -0.21575 	 0 	 0
0.4445 	 -0.2155 	 0 	 0
0.44475 	 -0.21525 	 0 	 0
0.445 	 -0.215 	 0 	 0
0.44525 	 -0.21475 	 0 	 0
0.4455 	 -0.2145 	 0 	 0
0.44575 	 -0.21425 	 0 	 0
0.446 	 -0.214 	 0 	 0
0.44625 	 -0.21375 	 0 	 0
0.4465 	 -0.2135 	 0 	 0
0.44675 	 -0.21325 	 0 	 0
0.447 	 -0.213 	 0 	 0
0.44725 	 -0.21275 	 0 	 0
0.4475 	 -0.2125 	 0 	 0
0.44775 	 -0.21225 	 0 	 0
0.448 	 -0.212 	 0 	 0
0.44825 	 -0.21175 	 0 	 0
0.4485 	 -0.2115 	 0 	 0
0.44875 	 -0.21125 	 0 	 0
0.449 	 -0.211 	 0 	 0
0.44925 	 -0.21075 	 0 	 0
0.4495 	 -0.2105 	 0 	 0
0.44975 	 -0.21025 	 0 	 0
0.45 	 -0.21 	 0 	 0
0.45025 	 -0.20975 	 0 	 0
0.4505 	 -0.2095 	 0 	 0
0.45075 	 -0.20925 	 0 	 0
0.451 	 -0.209 	 0 	 0
0.45125 	 -0.20875 	 0 	 0
0.4515 	 -0.2085 	 0 	 0
0.45175 	 -0.20825 	 0 	 0
0.452 	 -0.208 	 0 	 0
0.45225 	 -0.20775 	 0 	 0
0.4525 	 -0.2075 	 0 	 0
0.45275 	 -0.20725 	 0 	 0
0.453 	 -0.207 	 0 	 0
0.45325 	 -0.20675 	 0 	 0
0.4535 	 -0.2065 	 0 	 0
0.45375 	 -0.20625 	 0 	 0
0.454 	 -0.206 	 0 	 0
0.45425 	 -0.20575 	 0 	 0
0.4545 	 -0.2055 	 0 	 0
0.45475 	 -0.20525 	 0 	 0
0.455 	 -0.205 	 0 	 0
0.45525 	 -0.20475 	 0 	 0
0.4555 	 -0.2045 	 0 	 0
0.45575 	 -0.20425 	 0 	 0
0.456 	 -0.204 	 0 	 0
0.45625 	 -0.20375 	 0 	 0
0.4565 	 -0.2035 	 0 	 0
0.45675 	 -0.20325 	 0 	 0
0.457 	 -0.203 	 0 	 0
0.45725 	 -0.20275 	 0 	 0
0.4575 	 -0.2025 	 0 	 0
0.45775 	 -0.20225 	 0 	 0
0.458 	 -0.202 	 0 	 0
0.45825 	 -0.20175 	 0 	 0
0.4585 	 -0.2015 	 0 	 0
0.45875 	 -0.20125 	 0 	 0
0.459 	 -0.201 	 0 	 0
0.45925 	 -0.20075 	 0 	 0
0.4595 	 -0.2005 	 0 	 0
0.45975 	 -0.20025 	 0 	 0
0.46 	 -0.2 	 0 	 0
0.46025 	 -0.19975 	 0 	 0
0.4605 	 -0.1995 	 0 	 0
0.46075 	 -0.19925 	 0 	 0
0.461 	 -0.199 	 0 	 0
0.46125 	 -0.19875 	 0 	 0
0.4615 	 -0.1985 	 0 	 0
0.46175 	 -0.19825 	 0 	 0
0.462 	 -0.198 	 0 	 0
0.46225 	 -0.19775 	 0 	 0
0.4625 	 -0.1975 	 0 	 0
0.46275 	 -0.19725 	 0 	 0
0.463 	 -0.197 	 0 	 0
0.46325 	 -0.19675 	 0 	 0
0.4635 	 -0.1965 	 0 	 0
0.46375 	 -0.19625 	 0 	 0
0.464 	 -0.196 	 0 	 0
0.46425 	 -0.19575 	 0 	 0
0.4645 	 -0.1955 	 0 	 0
0.46475 	 -0.19525 	 0 	 0
0.465 	 -0.195 	 0 	 0
0.46525 	 -0.19475 	 0 	 0
0.4655 	 -0.1945 	 0 	 0
0.46575 	 -0.19425 	 0 	 0
0.466 	 -0.194 	 0 	 0
0.46625 	 -0.19375 	 0 	 0
0.4665 	 -0.1935 	 0 	 0
0.46675 	 -0.19325 	 0 	 0
0.467 	 -0.193 	 0 	 0
0.46725 	 -0.19275 	 0 	 0
0.4675 	 -0.1925 	 0 	 0
0.46775 	 -0.19225 	 0 	 0
0.468 	 -0.192 	 0 	 0
0.46825 	 -0.19175 	 0 	 0
0.4685 	 -0.1915 	 0 	 0
0.46875 	 -0.19125 	 0 	 0
0.469 	 -0.191 	 0 	 0
0.46925 	 -0.19075 	 0 	 0
0.4695 	 -0.1905 	 0 	 0
0.46975 	 -0.19025 	 0 	 0
0.47 	 -0.19 	 0 	 0
0.47025 	 -0.18975 	 0 	 0
0.4705 	 -0.1895 	 0 	 0
0.47075 	 -0.18925 	 0 	 0
0.471 	 -0.189 	 0 	 0
0.47125 	 -0.18875 	 0 	 0
0.4715 	 -0.1885 	 0 	 0
0.47175 	 -0.18825 	 0 	 0
0.472 	 -0.188 	 0 	 0
0.47225 	 -0.18775 	 0 	 0
0.4725 	 -0.1875 	 0 	 0
0.47275 	 -0.18725 	 0 	 0
0.473 	 -0.187 	 0 	 0
0.47325 	 -0.18675 	 0 	 0
0.4735 	 -0.1865 	 0 	 0
0.47375 	 -0.18625 	 0 	 0
0.474 	 -0.186 	 0 	 0
0.47425 	 -0.18575 	 0 	 0
0.4745 	 -0.1855 	 0 	 0
0.47475 	 -0.18525 	 0 	 0
0.475 	 -0.185 	 0 	 0
0.47525 	 -0.18475 	 0 	 0
0.4755 	 -0.1845 	 0 	 0
0.47575 	 -0.18425 	 0 	 0
0.476 	 -0.184 	 0 	 0
0.47625 	 -0.18375 	 0 	 0
0.4765 	 -0.1835 	 0 	 0
0.47675 	 -0.18325 	 0 	 0
0.477 	 -0.183 	 0 	 0
0.47725 	 -0.18275 	 0 	 0
0.4775 	 -0.1825 	 0 	 0
0.47775 	 -0.18225 	 0 	 0
0.478 	 -0.182 	 0 	 0
0.47825 	 -0.18175 	 0 	 0
0.4785 	 -0.1815 	 0 	 0
0.47875 	 -0.18125 	 0 	 0
0.479 	 -0.181 	 0 	 0
0.47925 	 -0.18075 	 0 	 0
0.4795 	 -0.1805 	 0 	 0
0.47975 	 -0.18025 	 0 	 0
0.48 	 -0.18 	 0 	 0
0.48025 	 -0.17975 	 0 	 0
0.4805 	 -0.1795 	 0 	 0
0.48075 	 -0.17925 	 0 	 0
0.481 	 -0.179 	 0 	 0
0.48125 	 -0.17875 	 0 	 0
0.4815 	 -0.1785 	 0 	 0
0.48175 	 -0.17825 	 0 	 0
0.482 	 -0.178 	 0 	 0
0.48225 	 -0.17775 	 0 	 0
0.4825 	 -0.1775 	 0 	 0
0.48275 	 -0.17725 	 0 	 0
0.483 	 -0.177 	 0 	 0
0.48325 	 -0.17675 	 0 	 0
0.4835 	 -0.1765 	 0 	 0
0.48375 	 -0.17625 	 0 	 0
0.484 	 -0.176 	 0 	 0
0.48425 	 -0.17575 	 0 	 0
0.4845 	 -0.1755 	 0 	 0
0.48475 	 -0.17525 	 0 	 0
0.485 	 -0.175 	 0 	 0
0.48525 	 -0.17475 	 0 	 0
0.4855 	 -0.1745 	 0 	 0
0.48575 	 -0.17425 	 0 	 0
0.486 	 -0.174 	 0 	 0
0.48625 	 -0.17375 	 0 	 0
0.4865 	 -0.1735 	 0 	 0
0.48675 	 -0.17325 	 0 	 0
0.487 	 -0.173 	 0 	 0
0.48725 	 -0.17275 	 0 	 0
0.4875 	 -0.1725 	 0 	 0
0.48775 	 -0.17225 	 0 	 0
0.488 	 -0.172 	 0 	 0
0.48825 	 -0.17175 	 0 	 0
0.4885 	 -0.1715 	 0 	 0
0.48875 	 -0.17125 	 0 	 0
0.489 	 -0.171 	 0 	 0
0.48925 	 -0.17075 	 0 	 0
0.4895 	 -0.1705 	 0 	 0
0.48975 	 -0.17025 	 0 	 0
0.49 	 -0.17 	 0 	 0
0.49025 	 -0.16975 	 0 	 0
0.4905 	 -0.1695 	 0 	 0
0.49075 	 -0.16925 	 0 	 0
0.491 	 -0.169 	 0 	 0
0.49125 	 -0.16875 	 0 	 0
0.4915 	 -0.1685 	 0 	 0
0.49175 	 -0.16825 	 0 	 0
0.492 	 -0.168 	 0 	 0
0.49225 	 -0.16775 	 0 	 0
0.4925 	 -0.1675 	 0 	 0
0.49275 	 -0.16725 	 0 	 0
0.493 	 -0.167 	 0 	 0
0.49325 	 -0.16675 	 0 	 0
0.4935 	 -0.1665 	 0 	 0
0.49375 	 -0.16625 	 0 	 0
0.494 	 -0.166 	 0 	 0
0.49425 	 -0.16575 	 0 	 0
0.4945 	 -0.1655 	 0 	 0
0.49475 	 -0.16525 	 0 	 0
0.495 	 -0.165 	 0 	 0
0.49525 	 -0.16475 	 0 	 0
0.4955 	 -0.1645 	 0 	 0
0.49575 	 -0.16425 	 0 	 0
0.496 	 -0.164 	 0 	 0
0.49625 	 -0.16375 	 0 	 0
0.4965 	 -0.1635 	 0 	 0
0.49675 	 -0.16325 	 0 	 0
0.497 	 -0.163 	 0 	 0
0.49725 	 -0.16275 	 0 	 0
0.4975 	 -0.1625 	 0 	 0
0.49775 	 -0.16225 	 0 	 0
0.498 	 -0.162 	 0 	 0
0.49825 	 -0.16175 	 0 	 0
0.4985 	 -0.1615 	 0 	 0
0.49875 	 -0.16125 	 0 	 0
0.499 	 -0.161 	 0 	 0
0.49925 	 -0.16075 	 0 	 0
0.4995 	 -0.1605 	 0 	 0
0.49975 	 -0.16025 	 0 	 0
0.5 	 -0.16 	 0 	 0
0.50025 	 -0.15975 	 0 	 0
0.5005 	 -0.1595 	 0 	 0
0.50075 	 -0.15925 	 0 	 0
0.501 	 -0.159 	 0 	 0
0.50125 	 -0.15875 	 0 	 0
0.5015 	 -0.1585 	 0 	 0
0.50175 	 -0.15825 	 0 	 0
0.502 	 -0.158 	 0 	 0
0.50225 	 -0.15775 	 0 	 0
0.5025 	 -0.1575 	 0 	 0
0.50275 	 -0.15725 	 0 	 0
0.503 	 -0.157 	 0 	 0
0.50325 	 -0.15675 	 0 	 0
0.5035 	 -0.1565 	 0 	 0
0.50375 	 -0.15625 	 0 	 0
0.504 	 -0.156 	 0 	 0
0.50425 	 -0.15575 	 0 	 0
0.5045 	 -0.1555 	 0 	 0
0.50475 	 -0.15525 	 0 	 0
0.505 	 -0.155 	 0 	 0
0.50525 	 -0.15475 	 0 	 0
0.5055 	 -0.1545 	 0 	 0
0.50575 	 -0.15425 	 0 	 0
0.506 	 -0.154 	 0 	 0
0.50625 	 -0.15375 	 0 	 0
0.5065 	 -0.1535 	 0 	 0
0.50675 	 -0.15325 	 0 	 0
0.507 	 -0.153 	 0 	 0
0.50725 	 -0.15275 	 0 	 0
0.5075 	 -0.1525 	 0 	 0
0.50775 	 -0.15225 	 0 	 0
0.508 	 -0.152 	 0 	 0
0.50825 	 -0.15175 	 0 	 0
0.5085 	 -0.1515 	 0 	 0
0.50875 	 -0.15125 	 0 	 0
0.509 	 -0.151 	 0 	 0
0.50925 	 -0.15075 	 0 	 0
0.5095 	 -0.1505 	 0 	 0
0.50975 	 -0.15025 	 0 	 0
0.51 	 -0.15 	 0 	 0
0.51025 	 -0.14975 	 0 	 0
0.5105 	 -0.1495 	 0 	 0
0.51075 	 -0.14925 	 0 	 0
0.511 	 -0.149 	 0 	 0
0.51125 	 -0.14875 	 0 	 0
0.5115 	 -0.1485 	 0 	 0
0.51175 	 -0.14825 	 0 	 0
0.512 	 -0.148 	 0 	 0
0.51225 	 -0.14775 	 0 	 0
0.5125 	 -0.1475 	 0 	 0
0.51275 	 -0.14725 	 0 	 0
0.513 	 -0.147 	 0 	 0
0.51325 	 -0.14675 	 0 	 0
0.5135 	 -0.1465 	 0 	 0
0.51375 	 -0.14625 	 0 	 0
0.514 	 -0.146 	 0 	 0
0.51425 	 -0.14575 	 0 	 0
0.5145 	 -0.1455 	 0 	 0
0.51475 	 -0.14525 	 0 	 0
0.515 	 -0.145 	 0 	 0
0.51525 	 -0.14475 	 0 	 0
0.5155 	 -0.1445 	 0 	 0
0.51575 	 -0.14425 	 0 	 0
0.516 	 -0.144 	 0 	 0
0.51625 	 -0.14375 	 0 	 0
0.5165 	 -0.1435 	 0 	 0
0.51675 	 -0.14325 	 0 	 0
0.517 	 -0.143 	 0 	 0
0.51725 	 -0.14275 	 0 	 0
0.5175 	 -0.1425 	 0 	 0
0.51775 	 -0.14225 	 0 	 0
0.518 	 -0.142 	 0 	 0
0.51825 	 -0.14175 	 0 	 0
0.5185 	 -0.1415 	 0 	 0
0.51875 	 -0.14125 	 0 	 0
0.519 	 -0.141 	 0 	 0
0.51925 	 -0.14075 	 0 	 0
0.5195 	 -0.1405 	 0 	 0
0.51975 	 -0.14025 	 0 	 0
0.52 	 -0.14 	 0 	 0
0.52025 	 -0.13975 	 0 	 0
0.5205 	 -0.1395 	 0 	 0
0.52075 	 -0.13925 	 0 	 0
0.521 	 -0.139 	 0 	 0
0.52125 	 -0.13875 	 0 	 0
0.5215 	 -0.1385 	 0 	 0
0.52175 	 -0.13825 	 0 	 0
0.522 	 -0.138 	 0 	 0
0.52225 	 -0.13775 	 0 	 0
0.5225 	 -0.1375 	 0 	 0
0.52275 	 -0.13725 	 0 	 0
0.523 	 -0.137 	 0 	 0
0.52325 	 -0.13675 	 0 	 0
0.5235 	 -0.1365 	 0 	 0
0.52375 	 -0.13625 	 0 	 0
0.524 	 -0.136 	 0 	 0
0.52425 	 -0.13575 	 0 	 0
0.5245 	 -0.1355 	 0 	 0
0.52475 	 -0.13525 	 0 	 0
0.525 	 -0.135 	 0 	 0
0.52525 	 -0.13475 	 0 	 0
0.5255 	 -0.1345 	 0 	 0
0.52575 	 -0.13425 	 0 	 0
0.526 	 -0.134 	 0 	 0
0.52625 	 -0.13375 	 0 	 0
0.5265 	 -0.1335 	 0 	 0
0.52675 	 -0.13325 	 0 	 0
0.527 	 -0.133 	 0 	 0
0.52725 	 -0.13275 	 0 	 0
0.5275 	 -0.1325 	 0 	 0
0.52775 	 -0.13225 	 0 	 0
0.528 	 -0.132 	 0 	 0
0.52825 	 -0.13175 	 0 	 0
0.5285 	 -0.1315 	 0 	 0
0.52875 	 -0.13125 	 0 	 0
0.529 	 -0.131 	 0 	 0
0.52925 	 -0.13075 	 0 	 0
0.5295 	 -0.1305 	 0 	 0
0.52975 	 -0.13025 	 0 	 0
0.53 	 -0.13 	 0 	 0
0.53025 	 -0.12975 	 0 	 0
0.5305 	 -0.1295 	 0 	 0
0.53075 	 -0.12925 	 0 	 0
0.531 	 -0.129 	 0 	 0
0.53125 	 -0.12875 	 0 	 0
0.5315 	 -0.1285 	 0 	 0
0.53175 	 -0.12825 	 0 	 0
0.532 	 -0.128 	 0 	 0
0.53225 	 -0.12775 	 0 	 0
0.5325 	 -0.1275 	 0 	 0
0.53275 	 -0.12725 	 0 	 0
0.533 	 -0.127 	 0 	 0
0.53325 	 -0.12675 	 0 	 0
0.5335 	 -0.1265 	 0 	 0
0.53375 	 -0.12625 	 0 	 0
0.534 	 -0.126 	 0 	 0
0.53425 	 -0.12575 	 0 	 0
0.5345 	 -0.1255 	 0 	 0
0.53475 	 -0.12525 	 0 	 0
0.535 	 -0.125 	 0 	 0
0.53525 	 -0.12475 	 0 	 0
0.5355 	 -0.1245 	 0 	 0
0.53575 	 -0.12425 	 0 	 0
0.536 	 -0.124 	 0 	 0
0.53625 	 -0.12375 	 0 	 0
0.5365 	 -0.1235 	 0 	 0
0.53675 	 -0.12325 	 0 	 0
0.537 	 -0.123 	 0 	 0
0.53725 	 -0.12275 	 0 	 0
0.5375 	 -0.1225 	 0 	 0
0.53775 	 -0.12225 	 0 	 0
0.538 	 -0.122 	 0 	 0
0.53825 	 -0.12175 	 0 	 0
0.5385 	 -0.1215 	 0 	 0
0.53875 	 -0.12125 	 0 	 0
0.539 	 -0.121 	 0 	 0
0.53925 	 -0.12075 	 0 	 0
0.5395 	 -0.1205 	 0 	 0
0.53975 	 -0.12025 	 0 	 0
0.54 	 -0.12 	 0 	 0
0.54025 	 -0.11975 	 0 	 0
0.5405 	 -0.1195 	 0 	 0
0.54075 	 -0.11925 	 0 	 0
0.541 	 -0.119 	 0 	 0
0.54125 	 -0.11875 	 0 	 0
0.5415 	 -0.1185 	 0 	 0
0.54175 	 -0.11825 	 0 	 0
0.542 	 -0.118 	 0 	 0
0.54225 	 -0.11775 	 0 	 0
0.5425 	 -0.1175 	 0 	 0
0.54275 	 -0.11725 	 0 	 0
0.543 	 -0.117 	 0 	 0
0.54325 	 -0.11675 	 0 	 0
0.5435 	 -0.1165 	 0 	 0
0.54375 	 -0.11625 	 0 	 0
0.544 	 -0.116 	 0 	 0
0.54425 	 -0.11575 	 0 	 0
0.5445 	 -0.1155 	 0 	 0
0.54475 	 -0.11525 	 0 	 0
0.545 	 -0.115 	 0 	 0
0.54525 	 -0.11475 	 0 	 0
0.5455 	 -0.1145 	 0 	 0
0.54575 	 -0.11425 	 0 	 0
0.546 	 -0.114 	 0 	 0
0.54625 	 -0.11375 	 0 	 0
0.5465 	 -0.1135 	 0 	 0
0.54675 	 -0.11325 	 0 	 0
0.547 	 -0.113 	 0 	 0
0.54725 	 -0.11275 	 0 	 0
0.5475 	 -0.1125 	 0 	 0
0.54775 	 -0.11225 	 0 	 0
0.548 	 -0.112 	 0 	 0
0.54825 	 -0.11175 	 0 	 0
0.5485 	 -0.1115 	 0 	 0
0.54875 	 -0.11125 	 0 	 0
0.549 	 -0.111 	 0 	 0
0.54925 	 -0.11075 	 0 	 0
0.5495 	 -0.1105 	 0 	 0
0.54975 	 -0.11025 	 0 	 0
0.55 	 -0.11 	 0 	 0
0.55025 	 -0.10975 	 0 	 0
0.5505 	 -0.1095 	 0 	 0
0.55075 	 -0.10925 	 0 	 0
0.551 	 -0.109 	 0 	 0
0.55125 	 -0.10875 	 0 	 0
0.5515 	 -0.1085 	 0 	 0
0.55175 	 -0.10825 	 0 	 0
0.552 	 -0.108 	 0 	 0
0.55225 	 -0.10775 	 0 	 0
0.5525 	 -0.1075 	 0 	 0
0.55275 	 -0.10725 	 0 	 0
0.553 	 -0.107 	 0 	 0
0.55325 	 -0.10675 	 0 	 0
0.5535 	 -0.1065 	 0 	 0
0.55375 	 -0.10625 	 0 	 0
0.554 	 -0.106 	 0 	 0
0.55425 	 -0.10575 	 0 	 0
0.5545 	 -0.1055 	 0 	 0
0.55475 	 -0.10525 	 0 	 0
0.555 	 -0.105 	 0 	 0
0.55525 	 -0.10475 	 0 	 0
0.5555 	 -0.1045 	 0 	 0
0.55575 	 -0.10425 	 0 	 0
0.556 	 -0.104 	 0 	 0
0.55625 	 -0.10375 	 0 	 0
0.5565 	 -0.1035 	 0 	 0
0.55675 	 -0.10325 	 0 	 0
0.557 	 -0.103 	 0 	 0
0.55725 	 -0.10275 	 0 	 0
0.5575 	 -0.1025 	 0 	 0
0.55775 	 -0.10225 	 0 	 0
0.558 	 -0.102 	 0 	 0
0.55825 	 -0.10175 	 0 	 0
0.5585 	 -0.1015 	 0 	 0
0.55875 	 -0.10125 	 0 	 0
0.559 	 -0.101 	 0 	 0
0.55925 	 -0.10075 	 0 	 0
0.5595 	 -0.1005 	 0 	 0
0.55975 	 -0.10025 	 0 	 0
0.56 	 -0.1 	 0 	 0
0.56025 	 -0.09975 	 0 	 0
0.5605 	 -0.0995 	 0 	 0
0.56075 	 -0.09925 	 0 	 0
0.561 	 -0.099 	 0 	 0
0.56125 	 -0.09875 	 0 	 0
0.5615 	 -0.0985 	 0 	 0
0.56175 	 -0.09825 	 0 	 0
0.562 	 -0.098 	 0 	 0
0.56225 	 -0.09775 	 0 	 0
0.5625 	 -0.0975 	 0 	 0
0.56275 	 -0.09725 	 0 	 0
0.563 	 -0.097 	 0 	 0
0.56325 	 -0.09675 	 0 	 0
0.5635 	 -0.0965 	 0 	 0
0.56375 	 -0.09625 	 0 	 0
0.564 	 -0.096 	 0 	 0
0.56425 	 -0.09575 	 0 	 0
0.5645 	 -0.0955 	 0 	 0
0.56475 	 -0.09525 	 0 	 0
0.565 	 -0.095 	 0 	 0
0.56525 	 -0.09475 	 0 	 0
0.5655 	 -0.0945 	 0 	 0
0.56575 	 -0.09425 	 0 	 0
0.566 	 -0.094 	 0 	 0
0.56625 	 -0.09375 	 0 	 0
0.5665 	 -0.0935 	 0 	 0
0.56675 	 -0.09325 	 0 	 0
0.567 	 -0.093 	 0 	 0
0.56725 	 -0.09275 	 0 	 0
0.5675 	 -0.0925 	 0 	 0
0.56775 	 -0.09225 	 0 	 0
0.568 	 -0.092 	 0 	 0
0.56825 	 -0.09175 	 0 	 0
0.5685 	 -0.0915 	 0 	 0
0.56875 	 -0.09125 	 0 	 0
0.569 	 -0.091 	 0 	 0
0.56925 	 -0.09075 	 0 	 0
0.5695 	 -0.0905 	 0 	 0
0.56975 	 -0.09025 	 0 	 0
0.57 	 -0.09 	 0 	 0
0.57025 	 -0.08975 	 0 	 0
0.5705 	 -0.0895 	 0 	 0
0.57075 	 -0.08925 	 0 	 0
0.571 	 -0.089 	 0 	 0
0.57125 	 -0.08875 	 0 	 0
0.5715 	 -0.0885 	 0 	 0
0.57175 	 -0.08825 	 0 	 0
0.572 	 -0.088 	 0 	 0
0.57225 	 -0.08775 	 0 	 0
0.5725 	 -0.0875 	 0 	 0
0.57275 	 -0.08725 	 0 	 0
0.573 	 -0.087 	 0 	 0
0.57325 	 -0.08675 	 0 	 0
0.5735 	 -0.0865 	 0 	 0
0.57375 	 -0.08625 	 0 	 0
0.574 	 -0.086 	 0 	 0
0.57425 	 -0.08575 	 0 	 0
0.5745 	 -0.0855 	 0 	 0
0.57475 	 -0.08525 	 0 	 0
0.575 	 -0.085 	 0 	 0
0.57525 	 -0.08475 	 0 	 0
0.5755 	 -0.0845 	 0 	 0
0.57575 	 -0.08425 	 0 	 0
0.576 	 -0.084 	 0 	 0
0.57625 	 -0.08375 	 0 	 0
0.5765 	 -0.0835 	 0 	 0
0.57675 	 -0.08325 	 0 	 0
0.577 	 -0.083 	 0 	 0
0.57725 	 -0.08275 	 0 	 0
0.5775 	 -0.0825 	 0 	 0
0.57775 	 -0.08225 	 0 	 0
0.578 	 -0.082 	 0 	 0
0.57825 	 -0.08175 	 0 	 0
0.5785 	 -0.0815 	 0 	 0
0.57875 	 -0.08125 	 0 	 0
0.579 	 -0.081 	 0 	 0
0.57925 	 -0.08075 	 0 	 0
0.5795 	 -0.0805 	 0 	 0
0.57975 	 -0.08025 	 0 	 0
0.58 	 -0.08 	 0 	 0
0.58025 	 -0.07975 	 0 	 0
0.5805 	 -0.0795 	 0 	 0
0.58075 	 -0.07925 	 0 	 0
0.581 	 -0.079 	 0 	 0
0.58125 	 -0.07875 	 0 	 0
0.5815 	 -0.0785 	 0 	 0
0.58175 	 -0.07825 	 0 	 0
0.582 	 -0.078 	 0 	 0
0.58225 	 -0.07775 	 0 	 0
0.5825 	 -0.0775 	 0 	 0
0.58275 	 -0.07725 	 0 	 0
0.583 	 -0.077 	 0 	 0
0.58325 	 -0.07675 	 0 	 0
0.5835 	 -0.0765 	 0 	 0
0.58375 	 -0.07625 	 0 	 0
0.584 	 -0.076 	 0 	 0
0.58425 	 -0.07575 	 0 	 0
0.5845 	 -0.0755 	 0 	 0
0.58475 	 -0.07525 	 0 	 0
0.585 	 -0.075 	 0 	 0
0.58525 	 -0.07475 	 0 	 0
0.5855 	 -0.0745 	 0 	 0
0.58575 	 -0.07425 	 0 	 0
0.586 	 -0.074 	 0 	 0
0.58625 	 -0.07375 	 0 	 0
0.5865 	 -0.0735 	 0 	 0
0.58675 	 -0.07325 	 0 	 0
0.587 	 -0.073 	 0 	 0
0.58725 	 -0.07275 	 0 	 0
0.5875 	 -0.0725 	 0 	 0
0.58775 	 -0.07225 	 0 	 0
0.588 	 -0.072 	 0 	 0
0.58825 	 -0.07175 	 0 	 0
0.5885 	 -0.0715 	 0 	 0
0.58875 	 -0.07125 	 0 	 0
0.589 	 -0.071 	 0 	 0
0.58925 	 -0.07075 	 0 	 0
0.5895 	 -0.0705 	 0 	 0
0.58975 	 -0.07025 	 0 	 0
0.59 	 -0.07 	 0 	 0
0.59025 	 -0.06975 	 0 	 0
0.5905 	 -0.0695 	 0 	 0
0.59075 	 -0.06925 	 0 	 0
0.591 	 -0.069 	 0 	 0
0.59125 	 -0.06875 	 0 	 0
0.5915 	 -0.0685 	 0 	 0
0.59175 	 -0.06825 	 0 	 0
0.592 	 -0.068 	 0 	 0
0.59225 	 -0.06775 	 0 	 0
0.5925 	 -0.0675 	 0 	 0
0.59275 	 -0.06725 	 0 	 0
0.593 	 -0.067 	 0 	 0
0.59325 	 -0.06675 	 0 	 0
0.5935 	 -0.0665 	 0 	 0
0.59375 	 -0.06625 	 0 	 0
0.594 	 -0.066 	 0 	 0
0.59425 	 -0.06575 	 0 	 0
0.5945 	 -0.0655 	 0 	 0
0.59475 	 -0.06525 	 0 	 0
0.595 	 -0.065 	 0 	 0
0.59525 	 -0.06475 	 0 	 0
0.5955 	 -0.0645 	 0 	 0
0.59575 	 -0.06425 	 0 	 0
0.596 	 -0.064 	 0 	 0
0.59625 	 -0.06375 	 0 	 0
0.5965 	 -0.0635 	 0 	 0
0.59675 	 -0.06325 	 0 	 0
0.597 	 -0.063 	 0 	 0
0.59725 	 -0.06275 	 0 	 0
0.5975 	 -0.0625 	 0 	 0
0.59775 	 -0.06225 	 0 	 0
0.598 	 -0.062 	 0 	 0
0.59825 	 -0.06175 	 0 	 0
0.5985 	 -0.0615 	 0 	 0
0.59875 	 -0.06125 	 0 	 0
0.599 	 -0.061 	 0 	 0
0.59925 	 -0.06075 	 0 	 0
0.5995 	 -0.0605 	 0 	 0
0.59975 	 -0.06025 	 0 	 0
0.6 	 -0.06 	 0 	 0
0.60025 	 -0.05975 	 0 	 0
0.6005 	 -0.0595 	 0 	 0
0.60075 	 -0.05925 	 0 	 0
0.601 	 -0.059 	 0 	 0
0.60125 	 -0.05875 	 0 	 0
0.6015 	 -0.0585 	 0 	 0
0.60175 	 -0.05825 	 0 	 0
0.602 	 -0.058 	 0 	 0
0.60225 	 -0.05775 	 0 	 0
0.6025 	 -0.0575 	 0 	 0
0.60275 	 -0.05725 	 0 	 0
0.603 	 -0.057 	 0 	 0
0.60325 	 -0.05675 	 0 	 0
0.6035 	 -0.0565 	 0 	 0
0.60375 	 -0.05625 	 0 	 0
0.604 	 -0.056 	 0 	 0
0.60425 	 -0.05575 	 0 	 0
0.6045 	 -0.0555 	 0 	 0
0.60475 	 -0.05525 	 0 	 0
0.605 	 -0.055 	 0 	 0
0.60525 	 -0.05475 	 0 	 0
0.6055 	 -0.0545 	 0 	 0
0.60575 	 -0.05425 	 0 	 0
0.606 	 -0.054 	 0 	 0
0.60625 	 -0.05375 	 0 	 0
0.6065 	 -0.0535 	 0 	 0
0.60675 	 -0.05325 	 0 	 0
0.607 	 -0.053 	 0 	 0
0.60725 	 -0.05275 	 0 	 0
0.6075 	 -0.0525 	 0 	 0
0.60775 	 -0.05225 	 0 	 0
0.608 	 -0.052 	 0 	 0
0.60825 	 -0.05175 	 0 	 0
0.6085 	 -0.0515 	 0 	 0
0.60875 	 -0.05125 	 0 	 0
0.609 	 -0.051 	 0 	 0
0.60925 	 -0.05075 	 0 	 0
0.6095 	 -0.0505 	 0 	 0
0.60975 	 -0.05025 	 0 	 0
0.61 	 -0.05 	 0 	 0
0.61025 	 -0.04975 	 0 	 0
0.6105 	 -0.0495 	 0 	 0
0.61075 	 -0.04925 	 0 	 0
0.611 	 -0.049 	 0 	 0
0.61125 	 -0.04875 	 0 	 0
0.6115 	 -0.0485 	 0 	 0
0.61175 	 -0.04825 	 0 	 0
0.612 	 -0.048 	 0 	 0
0.61225 	 -0.04775 	 0 	 0
0.6125 	 -0.0475 	 0 	 0
0.61275 	 -0.04725 	 0 	 0
0.613 	 -0.047 	 0 	 0
0.61325 	 -0.04675 	 0 	 0
0.6135 	 -0.0465 	 0 	 0
0.61375 	 -0.04625 	 0 	 0
0.614 	 -0.046 	 0 	 0
0.61425 	 -0.04575 	 0 	 0
0.6145 	 -0.0455 	 0 	 0
0.61475 	 -0.04525 	 0 	 0
0.615 	 -0.045 	 0 	 0
0.61525 	 -0.04475 	 0 	 0
0.6155 	 -0.0445 	 0 	 0
0.61575 	 -0.04425 	 0 	 0
0.616 	 -0.044 	 0 	 0
0.61625 	 -0.04375 	 0 	 0
0.6165 	 -0.0435 	 0 	 0
0.61675 	 -0.04325 	 0 	 0
0.617 	 -0.043 	 0 	 0
0.61725 	 -0.04275 	 0 	 0
0.6175 	 -0.0425 	 0 	 0
0.61775 	 -0.04225 	 0 	 0
0.618 	 -0.042 	 0 	 0
0.61825 	 -0.04175 	 0 	 0
0.6185 	 -0.0415 	 0 	 0
0.61875 	 -0.04125 	 0 	 0
0.619 	 -0.041 	 0 	 0
0.61925 	 -0.04075 	 0 	 0
0.6195 	 -0.0405 	 0 	 0
0.61975 	 -0.04025 	 0 	 0
0.62 	 -0.04 	 0 	 0
0.62025 	 -0.03975 	 0 	 0
0.6205 	 -0.0395 	 0 	 0
0.62075 	 -0.03925 	 0 	 0
0.621 	 -0.039 	 0 	 0
0.62125 	 -0.03875 	 0 	 0
0.6215 	 -0.0385 	 0 	 0
0.62175 	 -0.03825 	 0 	 0
0.622 	 -0.038 	 0 	 0
0.62225 	 -0.03775 	 0 	 0
0.6225 	 -0.0375 	 0 	 0
0.62275 	 -0.03725 	 0 	 0
0.623 	 -0.037 	 0 	 0
0.62325 	 -0.03675 	 0 	 0
0.6235 	 -0.0365 	 0 	 0
0.62375 	 -0.03625 	 0 	 0
0.624 	 -0.036 	 0 	 0
0.62425 	 -0.03575 	 0 	 0
0.6245 	 -0.0355 	 0 	 0
0.62475 	 -0.03525 	 0 	 0
0.625 	 -0.035 	 0 	 0
0.62525 	 -0.03475 	 0 	 0
0.6255 	 -0.0345 	 0 	 0
0.62575 	 -0.03425 	 0 	 0
0.626 	 -0.034 	 0 	 0
0.62625 	 -0.03375 	 0 	 0
0.6265 	 -0.0335 	 0 	 0
0.62675 	 -0.03325 	 0 	 0
0.627 	 -0.033 	 0 	 0
0.62725 	 -0.03275 	 0 	 0
0.6275 	 -0.0325 	 0 	 0
0.62775 	 -0.03225 	 0 	 0
0.628 	 -0.032 	 0 	 0
0.62825 	 -0.03175 	 0 	 0
0.6285 	 -0.0315 	 0 	 0
0.62875 	 -0.03125 	 0 	 0
0.629 	 -0.031 	 0 	 0
0.62925 	 -0.03075 	 0 	 0
0.6295 	 -0.0305 	 0 	 0
0.62975 	 -0.03025 	 0 	 0
0.63 	 -0.03 	 0 	 0
0.63025 	 -0.02975 	 0 	 0
0.6305 	 -0.0295 	 0 	 0
0.63075 	 -0.02925 	 0 	 0
0.631 	 -0.029 	 0 	 0
0.63125 	 -0.02875 	 0 	 0
0.6315 	 -0.0285 	 0 	 0
0.63175 	 -0.02825 	 0 	 0
0.632 	 -0.028 	 0 	 0
0.63225 	 -0.02775 	 0 	 0
0.6325 	 -0.0275 	 0 	 0
0.63275 	 -0.02725 	 0 	 0
0.633 	 -0.027 	 0 	 0
0.63325 	 -0.02675 	 0 	 0
0.6335 	 -0.0265 	 0 	 0
0.63375 	 -0.02625 	 0 	 0
0.634 	 -0.026 	 0 	 0
0.63425 	 -0.02575 	 0 	 0
0.6345 	 -0.0255 	 0 	 0
0.63475 	 -0.02525 	 0 	 0
0.635 	 -0.025 	 0 	 0
0.63525 	 -0.02475 	 0 	 0
0.6355 	 -0.0245 	 0 	 0
0.63575 	 -0.02425 	 0 	 0
0.636 	 -0.024 	 0 	 0
0.63625 	 -0.02375 	 0 	 0
0.6365 	 -0.0235 	 0 	 0
0.63675 	 -0.02325 	 0 	 0
0.637 	 -0.023 	 0 	 0
0.63725 	 -0.02275 	 0 	 0
0.6375 	 -0.0225 	 0 	 0
0.63775 	 -0.02225 	 0 	 0
0.638 	 -0.022 	 0 	 0
0.63825 	 -0.02175 	 0 	 0
0.6385 	 -0.0215 	 0 	 0
0.63875 	 -0.02125 	 0 	 0
0.639 	 -0.021 	 0 	 0
0.63925 	 -0.02075 	 0 	 0
0.6395 	 -0.0205 	 0 	 0
0.63975 	 -0.02025 	 0 	 0
0.64 	 -0.02 	 0 	 0
0.64025 	 -0.01975 	 0 	 0
0.6405 	 -0.0195 	 0 	 0
0.64075 	 -0.01925 	 0 	 0
0.641 	 -0.019 	 0 	 0
0.64125 	 -0.01875 	 0 	 0
0.6415 	 -0.0185 	 0 	 0
0.64175 	 -0.01825 	 0 	 0
0.642 	 -0.018 	 0 	 0
0.64225 	 -0.01775 	 0 	 0
0.6425 	 -0.0175 	 0 	 0
0.64275 	 -0.01725 	 0 	 0
0.643 	 -0.017 	 0 	 0
0.64325 	 -0.01675 	 0 	 0
0.6435 	 -0.0165 	 0 	 0
0.64375 	 -0.01625 	 0 	 0
0.644 	 -0.016 	 0 	 0
0.64425 	 -0.01575 	 0 	 0
0.6445 	 -0.0155 	 0 	 0
0.64475 	 -0.01525 	 0 	 0
0.645 	 -0.015 	 0 	 0
0.64525 	 -0.01475 	 0 	 0
0.6455 	 -0.0145 	 0 	 0
0.64575 	 -0.01425 	 0 	 0
0.646 	 -0.014 	 0 	 0
0.64625 	 -0.01375 	 0 	 0
0.6465 	 -0.0135 	 0 	 0
0.64675 	 -0.01325 	 0 	 0
0.647 	 -0.013 	 0 	 0
0.64725 	 -0.01275 	 0 	 0
0.6475 	 -0.0125 	 0 	 0
0.64775 	 -0.01225 	 0 	 0
0.648 	 -0.012 	 0 	 0
0.64825 	 -0.01175 	 0 	 0
0.6485 	 -0.0115 	 0 	 0
0.64875 	 -0.01125 	 0 	 0
0.649 	 -0.011 	 0 	 0
0.64925 	 -0.01075 	 0 	 0
0.6495 	 -0.0105 	 0 	 0
0.64975 	 -0.01025 	 0 	 0
0.65 	 -0.01 	 0 	 0
0.65025 	 -0.00975 	 0 	 0
0.6505 	 -0.0095 	 0 	 0
0.65075 	 -0.00925 	 0 	 0
0.651 	 -0.009 	 0 	 0
0.65125 	 -0.00875 	 0 	 0
0.6515 	 -0.0085 	 0 	 0
0.65175 	 -0.00825 	 0 	 0
0.652 	 -0.008 	 0 	 0
0.65225 	 -0.00775 	 0 	 0
0.6525 	 -0.0075 	 0 	 0
0.65275 	 -0.00725 	 0 	 0
0.653 	 -0.007 	 0 	 0
0.65325 	 -0.00675 	 0 	 0
0.6535 	 -0.0065 	 0 	 0
0.65375 	 -0.00625 	 0 	 0
0.654 	 -0.006 	 0 	 0
0.65425 	 -0.00575 	 0 	 0
0.6545 	 -0.0055 	 0 	 0
0.65475 	 -0.00525 	 0 	 0
0.655 	 -0.005 	 0 	 0
0.65525 	 -0.00475 	 0 	 0
0.6555 	 -0.0045 	 0 	 0
0.65575 	 -0.00425 	 0 	 0
0.656 	 -0.004 	 0 	 0
0.65625 	 -0.00375 	 0 	 0
0.6565 	 -0.0035 	 0 	 0
0.65675 	 -0.00325 	 0 	 0
0.657 	 -0.003 	 0 	 0
0.65725 	 -0.00275 	 0 	 3.86597e-05
0.6575 	 -0.0025 	 0 	 0.000114532
0.65775 	 -0.00225 	 0 	 0.000188291
0.658 	 -0.002 	 0 	 0.000259326
0.65825 	 -0.00175 	 0 	 0.000328024
0.6585 	 -0.0015 	 0 	 0.000394672
0.65875 	 -0.00125 	 0 	 0.000458926
0.659 	 -0.001 	 0 	 0.000521903
0.65925 	 -0.00075 	 0 	 0.000581591
0.6595 	 -0.0005 	 0 	 0.00063954
0.65975 	 -0.00025 	 0 	 0.000696748
0.66 	 0 	 1 	 0.000751011
0.66025 	 0.00025 	 1 	 0.000803596
0.6605 	 0.0005 	 1 	 0.000854679
0.66075 	 0.00075 	 1 	 0.000905077
0.661 	 0.001 	 1 	 0.000952455
0.66125 	 0.00125 	 1 	 0.000997206
0.6615 	 0.0015 	 1 	 0.00104203
0.66175 	 0.00175 	 1 	 0.00108586
0.662 	 0.002 	 1 	 0.00112815
0.66225 	 0.00225 	 1 	 0.00112974
0.6625 	 0.0025 	 1 	 0.00109237
0.66275 	 0.00275 	 1 	 0.00105558
0.663 	 0.003 	 1 	 0.00102194
0.66325 	 0.00325 	 1 	 0.000989622
0.6635 	 0.0035 	 1 	 0.000956488
0.66375 	 0.00375 	 1 	 0.000925068
0.664 	 0.004 	 1 	 0.000893217
0.66425 	 0.00425 	 1 	 0.000864522
0.6645 	 0.0045 	 1 	 0.000837476
0.66475 	 0.00475 	 1 	 0.000807306
0.665 	 0.005 	 1 	 0.00078144
0.66525 	 0.00525 	 1 	 0.000755817
0.6655 	 0.0055 	 1 	 0.0007321
0.66575 	 0.00575 	 1 	 0.000707534
0.666 	 0.006 	 1 	 0.000680118
0.66625 	 0.00625 	 1 	 0.000660763
0.6665 	 0.0065 	 1 	 0.000640941
0.66675 	 0.00675 	 1 	 0.000616779
0.667 	 0.007 	 1 	 0.000595599
0.66725 	 0.00725 	 1 	 0.000577326
0.6675 	 0.0075 	 1 	 0.000557922
0.66775 	 0.00775 	 1 	 0.000539573
0.668 	 0.008 	 1 	 0.000520515
0.66825 	 0.00825 	 1 	 0.000501982
0.6685 	 0.0085 	 1 	 0.000487058
0.66875 	 0.00875 	 1 	 0.000468803
0.669 	 0.009 	 1 	 0.00045263
0.66925 	 0.00925 	 1 	 0.000440979
0.6695 	 0.0095 	 1 	 0.000424426
0.66975 	 0.00975 	 1 	 0.000408375
0.67 	 0.01 	 1 	 0.000395065
0.67025 	 0.01025 	 1 	 0.000383548
0.6705 	 0.0105 	 1 	 0.000367563
0.67075 	 0.01075 	 1 	 0.000354492
0.671 	 0.011 	 1 	 0.000347079
0.67125 	 0.01125 	 1 	 0.000331485
0.6715 	 0.0115 	 1 	 0.000319968
0.67175 	 0.01175 	 1 	 0.000311919
0.672 	 0.012 	 1 	 0.000299738
0.67225 	 0.01225 	 1 	 0.000287683
0.6725 	 0.0125 	 1 	 0.000277887
0.67275 	 0.01275 	 1 	 0.000268804
0.673 	 0.013 	 1 	 0.000261154
0.67325 	 0.01325 	 1 	 0.00025055
0.6735 	 0.0135 	 1 	 0.000239882
0.67375 	 0.01375 	 1 	 0.000233837
0.674 	 0.014 	 1 	 0.000226946
0.67425 	 0.01425 	 1 	 0.000216272
0.6745 	 0.0145 	 1 	 0.000208735
0.67475 	 0.01475 	 1 	 0.000202922
0.675 	 0.015 	 1 	 0.000195321
0.67525 	 0.01525 	 1 	 0.000189168
0.6755 	 0.0155 	 1 	 0.000180766
0.67575 	 0.01575 	 1 	 0.000172937
0.676 	 0.016 	 1 	 0.000168843
0.67625 	 0.01625 	 1 	 0.000165093
0.6765 	 0.0165 	 1 	 0.000154173
0.67675 	 0.01675 	 1 	 0.000148962
0.677 	 0.017 	 1 	 0.000146959
0.67725 	 0.01725 	 1 	 0.000140942
0.6775 	 0.0175 	 1 	 0.000134784
0.67775 	 0.01775 	 1 	 0.000127086
0.678 	 0.018 	 1 	 0.00012463
0.67825 	 0.01825 	 1 	 0.000121593
0.6785 	 0.0185 	 1 	 0.000116091
0.67875 	 0.01875 	 1 	 0.000110857
0.679 	 0.019 	 1 	 0.000107883
0.67925 	 0.01925 	 1 	 0.000102188
0.6795 	 0.0195 	 1 	 9.63441e-05
0.67975 	 0.01975 	 1 	 9.62408e-05
0.68 	 0.02 	 1 	 9.14939e-05
0.68025 	 0.02025 	 1 	 8.61952e-05
0.6805 	 0.0205 	 1 	 8.55898e-05
0.68075 	 0.02075 	 1 	 8.3205e-05
0.681 	 0.021 	 1 	 7.61407e-05
0.68125 	 0.02125 	 1 	 7.09716e-05
0.6815 	 0.0215 	 1 	 7.18606e-05
0.68175 	 0.02175 	 1 	 7.02576e-05
0.682 	 0.022 	 1 	 6.40316e-05
0.68225 	 0.02225 	 1 	 6.22615e-05
0.6825 	 0.0225 	 1 	 6.2489e-05
0.68275 	 0.02275 	 1 	 6.0526e-05
0.683 	 0.023 	 1 	 5.25417e-05
0.68325 	 0.02325 	 1 	 4.99489e-05
0.6835 	 0.0235 	 1 	 5.14023e-05
0.68375 	 0.02375 	 1 	 4.85174e-05
0.684 	 0.024 	 1 	 4.54486e-05
0.68425 	 0.02425 	 1 	 4.57664e-05
0.6845 	 0.0245 	 1 	 4.45145e-05
0.68475 	 0.02475 	 1 	 3.68698e-05
0.685 	 0.025 	 1 	 3.79169e-05
0.68525 	 0.02525 	 1 	 3.63078e-05
0.6855 	 0.0255 	 1 	 3.51413e-05
0.68575 	 0.02575 	 1 	 3.28518e-05
0.686 	 0.026 	 1 	 3.05859e-05
0.68625 	 0.02625 	 1 	 3.177e-05
0.6865 	 0.0265 	 1 	 2.8294e-05
0.68675 	 0.02675 	 1 	 2.67854e-05
0.687 	 0.027 	 1 	 2.49849e-05
0.68725 	 0.02725 	 1 	 2.28124e-05
0.6875 	 0.0275 	 1 	 2.03227e-05
0.68775 	 0.02775 	 1 	 1.97025e-05
0.688 	 0.028 	 1 	 2.16032e-05
0.68825 	 0.02825 	 1 	 2.11293e-05
0.6885 	 0.0285 	 1 	 1.58105e-05
0.68875 	 0.02875 	 1 	 1.69006e-05
0.689 	 0.029 	 1 	 1.51988e-05
0.68925 	 0.02925 	 1 	 1.06415e-05
0.6895 	 0.0295 	 1 	 1.48976e-05
0.68975 	 0.02975 	 1 	 1.59603e-05
0.69 	 0.03 	 1 	 9.35132e-06
0.69025 	 0.03025 	 1 	 8.33597e-06
0.6905 	 0.0305 	 1 	 7.64045e-06
0.69075 	 0.03075 	 1 	 5.84888e-06
0.691 	 0.031 	 1 	 1.14988e-05
0.69125 	 0.03125 	 1 	 8.46409e-06
0.6915 	 0.0315 	 1 	 3.46863e-06
0.69175 	 0.03175 	 1 	 2.38828e-06
0.692 	 0.032 	 1 	 6.30581e-06
0.69225 	 0.03225 	 1 	 3.72621e-06
0.6925 	 0.0325 	 1 	 2.20816e-06
0.69275 	 0.03275 	 1 	 4.73529e-06
0.693 	 0.033 	 1 	 1.57134e-06
0.69325 	 0.03325 	 1 	 9.67826e-07
0.6935 	 0.0335 	 1 	 8.68474e-07
0.69375 	 0.03375 	 1 	 6.43517e-07
0.694 	 0.034 	 1 	 -5.63532e-07
0.69425 	 0.03425 	 1 	 -4.54545e-07
0.6945 	 0.0345 	 1 	 -3.74826e-06
0.69475 	 0.03475 	 1 	 -4.32555e-06
0.695 	 0.035 	 1 	 -2.51086e-06
0.69525 	 0.03525 	 1 	 -2.90365e-07
0.6955 	 0.0355 	 1 	 -1.75309e-06
0.69575 	 0.03575 	 1 	 -4.14065e-06
0.696 	 0.036 	 1 	 -5.76544e-06
0.69625 	 0.03625 	 1 	 -6.92364e-06
0.6965 	 0.0365 	 1 	 -5.76329e-06
0.69675 	 0.03675 	 1 	 -2.46629e-06
0.697 	 0.037 	 1 	 -5.08763e-06
0.69725 	 0.03725 	 1 	 -7.54785e-06
0.6975 	 0.0375 	 1 	 -6.62266e-06
0.69775 	 0.03775 	 1 	 -6.79836e-06
0.698 	 0.038 	 1 	 -6.66877e-06
0.69825 	 0.03825 	 1 	 -8.92676e-06
0.6985 	 0.0385 	 1 	 -6.99917e-06
0.69875 	 0.03875 	 1 	 -9.99498e-06
0.699 	 0.039 	 1 	 -1.00672e-05
0.69925 	 0.03925 	 1 	 -8.03087e-06
0.6995 	 0.0395 	 1 	 -9.30268e-06
0.69975 	 0.03975 	 1 	 -6.8786e-06
0.7 	 0.04 	 1 	 -7.62652e-06
0.70025 	 0.04025 	 1 	 -1.29471e-05
0.7005 	 0.0405 	 1 	 -1.14478e-05
0.70075 	 0.04075 	 1 	 -5.90855e-06
0.701 	 0.041 	 1 	 -1.10752e-05
0.70125 	 0.04125 	 1 	 -1.18119e-05
0.7015 	 0.0415 	 1 	 -9.32864e-06
0.70175 	 0.04175 	 1 	 -1.1733e-05
0.702 	 0.042 	 1 	 -1.17919e-05
0.70225 	 0.04225 	 1 	 -1.05642e-05
0.7025 	 0.0425 	 1 	 -1.26469e-05
0.70275 	 0.04275 	 1 	 -1.2226e-05
0.703 	 0.043 	 1 	 -9.55267e-06
0.70325 	 0.04325 	 1 	 -1.27478e-05
0.7035 	 0.0435 	 1 	 -1.25436e-05
0.70375 	 0.04375 	 1 	 -1.30074e-05
0.704 	 0.044 	 1 	 -1.25603e-05
0.70425 	 0.04425 	 1 	 -1.00856e-05
0.7045 	 0.0445 	 1 	 -1.4728e-05
0.70475 	 0.04475 	 1 	 -1.68522e-05
0.705 	 0.045 	 1 	 -1.25198e-05
0.70525 	 0.04525 	 1 	 -1.27662e-05
0.7055 	 0.0455 	 1 	 -1.47361e-05
0.70575 	 0.04575 	 1 	 -1.67528e-05
0.706 	 0.046 	 1 	 -1.49097e-05
0.70625 	 0.04625 	 1 	 -1.29735e-05
0.7065 	 0.0465 	 1 	 -1.36262e-05
0.70675 	 0.04675 	 1 	 -1.68007e-05
0.707 	 0.047 	 1 	 -1.63637e-05
0.70725 	 0.04725 	 1 	 -1.47739e-05
0.7075 	 0.0475 	 1 	 -1.5185e-05
0.70775 	 0.04775 	 1 	 -1.704e-05
0.708 	 0.048 	 1 	 -1.89208e-05
0.70825 	 0.04825 	 1 	 -1.38804e-05
0.7085 	 0.0485 	 1 	 -1.56101e-05
0.70875 	 0.04875 	 1 	 -1.43207e-05
0.709 	 0.049 	 1 	 -1.56545e-05
0.70925 	 0.04925 	 1 	 -2.03412e-05
0.7095 	 0.0495 	 1 	 -1.41295e-05
0.70975 	 0.04975 	 1 	 -1.44102e-05
0.71 	 0.05 	 1 	 -1.77928e-05
0.71025 	 0.05025 	 1 	 -1.55623e-05
0.7105 	 0.0505 	 1 	 -1.56533e-05
0.71075 	 0.05075 	 1 	 -1.57198e-05
0.711 	 0.051 	 1 	 -1.74648e-05
0.71125 	 0.05125 	 1 	 -1.56262e-05
0.7115 	 0.0515 	 1 	 -1.45398e-05
0.71175 	 0.05175 	 1 	 -1.74466e-05
0.712 	 0.052 	 1 	 -1.84212e-05
0.71225 	 0.05225 	 1 	 -1.51685e-05
0.7125 	 0.0525 	 1 	 -1.22781e-05
0.71275 	 0.05275 	 1 	 -1.55803e-05
0.713 	 0.053 	 1 	 -1.80992e-05
0.71325 	 0.05325 	 1 	 -1.63642e-05
0.7135 	 0.0535 	 1 	 -1.60073e-05
0.71375 	 0.05375 	 1 	 -1.74135e-05
0.714 	 0.054 	 1 	 -1.3847e-05
0.71425 	 0.05425 	 1 	 -1.36441e-05
0.7145 	 0.0545 	 1 	 -1.87459e-05
0.71475 	 0.05475 	 1 	 -1.56783e-05
0.715 	 0.055 	 1 	 -1.41467e-05
0.71525 	 0.05525 	 1 	 -1.69523e-05
0.7155 	 0.0555 	 1 	 -1.55069e-05
0.71575 	 0.05575 	 1 	 -1.5592e-05
0.716 	 0.056 	 1 	 -1.52683e-05
0.71625 	 0.05625 	 1 	 -1.66138e-05
0.7165 	 0.0565 	 1 	 -1.63527e-05
0.71675 	 0.05675 	 1 	 -1.37518e-05
0.717 	 0.057 	 1 	 -1.26623e-05
0.71725 	 0.05725 	 1 	 -1.55662e-05
0.7175 	 0.0575 	 1 	 -2.10607e-05
0.71775 	 0.05775 	 1 	 -1.53632e-05
0.718 	 0.058 	 1 	 -1.21932e-05
0.71825 	 0.05825 	 1 	 -1.78826e-05
0.7185 	 0.0585 	 1 	 -1.48495e-05
0.71875 	 0.05875 	 1 	 -1.49164e-05
0.719 	 0.059 	 1 	 -1.80797e-05
0.71925 	 0.05925 	 1 	 -1.51066e-05
0.7195 	 0.0595 	 1 	 -1.30207e-05
0.71975 	 0.05975 	 1 	 -1.65618e-05
0.72 	 0.06 	 1 	 -1.78776e-05
0.72025 	 0.06025 	 1 	 -1.3511e-05
0.7205 	 0.0605 	 1 	 -1.47753e-05
0.72075 	 0.06075 	 1 	 -1.74518e-05
0.721 	 0.061 	 1 	 -1.56545e-05
0.72125 	 0.06125 	 1 	 -1.48903e-05
0.7215 	 0.0615 	 1 	 -1.44512e-05
0.72175 	 0.06175 	 1 	 -1.57975e-05
0.722 	 0.062 	 1 	 -1.78551e-05
0.72225 	 0.06225 	 1 	 -1.59053e-05
0.7225 	 0.0625 	 1 	 -1.28669e-05
0.72275 	 0.06275 	 1 	 -1.67148e-05
0.723 	 0.063 	 1 	 -1.56268e-05
0.72325 	 0.06325 	 1 	 -1.28729e-05
0.7235 	 0.0635 	 1 	 -1.63688e-05
0.72375 	 0.06375 	 1 	 -1.5645e-05
0.724 	 0.064 	 1 	 -1.3775e-05
0.72425 	 0.06425 	 1 	 -1.64834e-05
0.7245 	 0.0645 	 1 	 -1.81538e-05
0.72475 	 0.06475 	 1 	 -1.3087e-05
0.725 	 0.065 	 1 	 -1.43814e-05
0.72525 	 0.06525 	 1 	 -1.72309e-05
0.7255 	 0.0655 	 1 	 -1.57788e-05
0.72575 	 0.06575 	 1 	 -1.45584e-05
0.726 	 0.066 	 1 	 -1.40262e-05
0.72625 	 0.06625 	 1 	 -1.73878e-05
0.7265 	 0.0665 	 1 	 -1.58803e-05
0.72675 	 0.06675 	 1 	 -1.34217e-05
0.727 	 0.067 	 1 	 -1.5707e-05
0.72725 	 0.06725 	 1 	 -1.48263e-05
0.7275 	 0.0675 	 1 	 -1.33723e-05
0.72775 	 0.06775 	 1 	 -1.68599e-05
0.728 	 0.068 	 1 	 -1.52546e-05
0.72825 	 0.06825 	 1 	 -1.25356e-05
0.7285 	 0.0685 	 1 	 -1.93354e-05
0.72875 	 0.06875 	 1 	 -1.55431e-05
0.729 	 0.069 	 1 	 -1.53465e-05
0.72925 	 0.06925 	 1 	 -1.47681e-05
0.7295 	 0.0695 	 1 	 -1.15354e-05
0.72975 	 0.06975 	 1 	 -1.68051e-05
0.73 	 0.07 	 1 	 -1.57668e-05
0.73025 	 0.07025 	 1 	 -1.58251e-05
0.7305 	 0.0705 	 1 	 -1.52348e-05
0.73075 	 0.07075 	 1 	 -1.46897e-05
0.731 	 0.071 	 1 	 -1.52924e-05
0.73125 	 0.07125 	 1 	 -1.25368e-05
0.7315 	 0.0715 	 1 	 -1.57146e-05
0.73175 	 0.07175 	 1 	 -1.68292e-05
0.732 	 0.072 	 1 	 -1.52451e-05
0.73225 	 0.07225 	 1 	 -1.65941e-05
0.7325 	 0.0725 	 1 	 -1.37659e-05
0.73275 	 0.07275 	 1 	 -1.20517e-05
0.733 	 0.073 	 1 	 -1.56168e-05
0.73325 	 0.07325 	 1 	 -1.82964e-05
0.7335 	 0.0735 	 1 	 -1.30284e-05
0.73375 	 0.07375 	 1 	 -1.57024e-05
0.734 	 0.074 	 1 	 -1.47343e-05
0.73425 	 0.07425 	 1 	 -1.47309e-05
0.7345 	 0.0745 	 1 	 -1.49962e-05
0.73475 	 0.07475 	 1 	 -1.37905e-05
0.735 	 0.075 	 1 	 -1.65868e-05
0.73525 	 0.07525 	 1 	 -1.34343e-05
0.7355 	 0.0755 	 1 	 -1.31853e-05
0.73575 	 0.07575 	 1 	 -1.56187e-05
0.736 	 0.076 	 1 	 -1.63666e-05
0.73625 	 0.07625 	 1 	 -1.57097e-05
0.7365 	 0.0765 	 1 	 -1.43028e-05
0.73675 	 0.07675 	 1 	 -1.35405e-05
0.737 	 0.077 	 1 	 -1.48693e-05
0.73725 	 0.07725 	 1 	 -1.47265e-05
0.7375 	 0.0775 	 1 	 -1.55818e-05
0.73775 	 0.07775 	 1 	 -1.58221e-05
0.738 	 0.078 	 1 	 -1.53214e-05
0.73825 	 0.07825 	 1 	 -1.39249e-05
0.7385 	 0.0785 	 1 	 -1.40449e-05
0.73875 	 0.07875 	 1 	 -1.48519e-05
0.739 	 0.079 	 1 	 -1.47801e-05
0.73925 	 0.07925 	 1 	 -1.47109e-05
0.7395 	 0.0795 	 1 	 -1.59777e-05
0.73975 	 0.07975 	 1 	 -1.55056e-05
0.74 	 0.08 	 1 	 -1.2196e-05
0.74025 	 0.08025 	 1 	 -1.49696e-05
0.7405 	 0.0805 	 1 	 -1.75924e-05
0.74075 	 0.08075 	 1 	 -1.28567e-05
0.741 	 0.081 	 1 	 -1.30384e-05
0.74125 	 0.08125 	 1 	 -1.47794e-05
0.7415 	 0.0815 	 1 	 -1.49705e-05
0.74175 	 0.08175 	 1 	 -1.70681e-05
0.742 	 0.082 	 1 	 -1.45487e-05
0.74225 	 0.08225 	 1 	 -1.20152e-05
0.7425 	 0.0825 	 1 	 -1.61361e-05
0.74275 	 0.08275 	 1 	 -1.4061e-05
0.743 	 0.083 	 1 	 -1.37994e-05
0.74325 	 0.08325 	 1 	 -1.63097e-05
0.7435 	 0.0835 	 1 	 -1.34278e-05
0.74375 	 0.08375 	 1 	 -1.25749e-05
0.744 	 0.084 	 1 	 -1.43356e-05
0.74425 	 0.08425 	 1 	 -1.79856e-05
0.7445 	 0.0845 	 1 	 -1.44089e-05
0.74475 	 0.08475 	 1 	 -1.26011e-05
0.745 	 0.085 	 1 	 -1.52811e-05
0.74525 	 0.08525 	 1 	 -1.45472e-05
0.7455 	 0.0855 	 1 	 -1.48004e-05
0.74575 	 0.08575 	 1 	 -1.48531e-05
0.746 	 0.086 	 1 	 -1.35974e-05
0.74625 	 0.08625 	 1 	 -1.53562e-05
0.7465 	 0.0865 	 1 	 -1.59555e-05
0.74675 	 0.08675 	 1 	 -1.14895e-05
0.747 	 0.087 	 1 	 -1.23444e-05
0.74725 	 0.08725 	 1 	 -1.79158e-05
0.7475 	 0.0875 	 1 	 -1.39886e-05
0.74775 	 0.08775 	 1 	 -1.36508e-05
0.748 	 0.088 	 1 	 -1.5483e-05
0.74825 	 0.08825 	 1 	 -1.41458e-05
0.7485 	 0.0885 	 1 	 -1.51919e-05
0.74875 	 0.08875 	 1 	 -1.39415e-05
0.749 	 0.089 	 1 	 -1.47777e-05
0.74925 	 0.08925 	 1 	 -1.09231e-05
0.7495 	 0.0895 	 1 	 -1.57236e-05
0.74975 	 0.08975 	 1 	 -1.7792e-05
0.75 	 0.09 	 1 	 -1.30487e-05
0.75025 	 0.09025 	 1 	 -1.21752e-05
0.7505 	 0.0905 	 1 	 -1.25386e-05
0.75075 	 0.09075 	 1 	 -1.71308e-05
0.751 	 0.091 	 1 	 -1.62197e-05
0.75125 	 0.09125 	 1 	 -1.15672e-05
0.7515 	 0.0915 	 1 	 -1.17363e-05
0.75175 	 0.09175 	 1 	 -1.62144e-05
0.752 	 0.092 	 1 	 -1.54619e-05
0.75225 	 0.09225 	 1 	 -1.42437e-05
0.7525 	 0.0925 	 1 	 -1.45095e-05
0.75275 	 0.09275 	 1 	 -1.48134e-05
0.753 	 0.093 	 1 	 -1.35092e-05
0.75325 	 0.09325 	 1 	 -1.28244e-05
0.7535 	 0.0935 	 1 	 -1.42887e-05
0.75375 	 0.09375 	 1 	 -1.34887e-05
0.754 	 0.094 	 1 	 -1.39742e-05
0.75425 	 0.09425 	 1 	 -1.67225e-05
0.7545 	 0.0945 	 1 	 -1.53297e-05
0.75475 	 0.09475 	 1 	 -1.10317e-05
0.755 	 0.095 	 1 	 -1.17067e-05
0.75525 	 0.09525 	 1 	 -1.7189e-05
0.7555 	 0.0955 	 1 	 -1.67777e-05
0.75575 	 0.09575 	 1 	 -1.19274e-05
0.756 	 0.096 	 1 	 -1.17718e-05
0.75625 	 0.09625 	 1 	 -1.49757e-05
0.7565 	 0.0965 	 1 	 -1.57986e-05
0.75675 	 0.09675 	 1 	 -1.60036e-05
0.757 	 0.097 	 1 	 -1.3552e-05
0.75725 	 0.09725 	 1 	 -4.95079e-05
0.7575 	 0.0975 	 1 	 -0.000129138
0.75775 	 0.09775 	 1 	 -0.000200522
0.758 	 0.098 	 1 	 -0.000270778
0.75825 	 0.09825 	 1 	 -0.000341546
0.7585 	 0.0985 	 1 	 -0.000401369
0.75875 	 0.09875 	 1 	 -0.000465344
0.759 	 0.099 	 1 	 -0.000529061
0.75925 	 0.09925 	 1 	 -0.000581645
0.7595 	 0.0995 	 1 	 -0.00063708
0.75975 	 0.09975 	 1 	 -0.000695683
0.76 	 0.1 	 0 	 -0.000748867
0.76025 	 0.10025 	 0 	 -0.000793248
0.7605 	 0.1005 	 0 	 -0.00083955
0.76075 	 0.10075 	 0 	 -0.000888484
0.761 	 0.101 	 0 	 -0.000934291
0.76125 	 0.10125 	 0 	 -0.000977119
0.7615 	 0.1015 	 0 	 -0.00101599
0.76175 	 0.10175 	 0 	 -0.00105268
0.762 	 0.102 	 0 	 -0.00109384
0.76225 	 0.10225 	 0 	 -0.00109369
0.7625 	 0.1025 	 0 	 -0.00105074
0.76275 	 0.10275 	 0 	 -0.00101184
0.763 	 0.103 	 0 	 -0.000976238
0.76325 	 0.10325 	 0 	 -0.00093733
0.7635 	 0.1035 	 0 	 -0.000904064
0.76375 	 0.10375 	 0 	 -0.000872367
0.764 	 0.104 	 0 	 -0.000835308
0.76425 	 0.10425 	 0 	 -0.000807752
0.7645 	 0.1045 	 0 	 -0.000777434
0.76475 	 0.10475 	 0 	 -0.00074717
0.765 	 0.105 	 0 	 -0.000718989
0.76525 	 0.10525 	 0 	 -0.00069375
0.7655 	 0.1055 	 0 	 -0.000667584
0.76575 	 0.10575 	 0 	 -0.000642471
0.766 	 0.106 	 0 	 -0.000618904
0.76625 	 0.10625 	 0 	 -0.000594108
0.7665 	 0.1065 	 0 	 -0.000573808
0.76675 	 0.10675 	 0 	 -0.000553182
0.767 	 0.107 	 0 	 -0.00053154
0.76725 	 0.10725 	 0 	 -0.00051093
0.7675 	 0.1075 	 0 	 -0.000492262
0.76775 	 0.10775 	 0 	 -0.000474781
0.768 	 0.108 	 0 	 -0.000456003
0.76825 	 0.10825 	 0 	 -0.000439098
0.7685 	 0.1085 	 0 	 -0.000423668
0.76875 	 0.10875 	 0 	 -0.000406756
0.769 	 0.109 	 0 	 -0.000391996
0.76925 	 0.10925 	 0 	 -0.000377218
0.7695 	 0.1095 	 0 	 -0.000363069
0.76975 	 0.10975 	 0 	 -0.000349089
0.77 	 0.11 	 0 	 -0.000335997
0.77025 	 0.11025 	 0 	 -0.000323843
0.7705 	 0.1105 	 0 	 -0.000312627
0.77075 	 0.11075 	 0 	 -0.000299618
0.771 	 0.111 	 0 	 -0.00028876
0.77125 	 0.11125 	 0 	 -0.000278685
0.7715 	 0.1115 	 0 	 -0.000266751
0.77175 	 0.11175 	 0 	 -0.000257637
0.772 	 0.112 	 0 	 -0.00024764
0.77225 	 0.11225 	 0 	 -0.000238774
0.7725 	 0.1125 	 0 	 -0.000229656
0.77275 	 0.11275 	 0 	 -0.000221086
0.773 	 0.113 	 0 	 -0.000212097
0.77325 	 0.11325 	 0 	 -0.000203876
0.7735 	 0.1135 	 0 	 -0.000197164
0.77375 	 0.11375 	 0 	 -0.000189453
0.774 	 0.114 	 0 	 -0.000182533
0.77425 	 0.11425 	 0 	 -0.000175164
0.7745 	 0.1145 	 0 	 -0.000168462
0.77475 	 0.11475 	 0 	 -0.000162687
0.775 	 0.115 	 0 	 -0.00015699
0.77525 	 0.11525 	 0 	 -0.000150361
0.7755 	 0.1155 	 0 	 -0.000144356
0.77575 	 0.11575 	 0 	 -0.000139594
0.776 	 0.116 	 0 	 -0.00013422
0.77625 	 0.11625 	 0 	 -0.000128875
0.7765 	 0.1165 	 0 	 -0.000124144
0.77675 	 0.11675 	 0 	 -0.000119583
0.777 	 0.117 	 0 	 -0.000115117
0.77725 	 0.11725 	 0 	 -0.000110226
0.7775 	 0.1175 	 0 	 -0.000106475
0.77775 	 0.11775 	 0 	 -0.000102128
0.778 	 0.118 	 0 	 -9.8694e-05
0.77825 	 0.11825 	 0 	 -9.50526e-05
0.7785 	 0.1185 	 0 	 -9.09487e-05
0.77875 	 0.11875 	 0 	 -8.79022e-05
0.779 	 0.119 	 0 	 -8.43173e-05
0.77925 	 0.11925 	 0 	 -8.16783e-05
0.7795 	 0.1195 	 0 	 -7.80794e-05
0.77975 	 0.11975 	 0 	 -7.47884e-05
0.78 	 0.12 	 0 	 -7.23259e-05
0.78025 	 0.12025 	 0 	 -6.97065e-05
0.7805 	 0.1205 	 0 	 -6.71063e-05
0.78075 	 0.12075 	 0 	 -6.42839e-05
0.781 	 0.121 	 0 	 -6.18406e-05
0.78125 	 0.12125 	 0 	 -5.96281e-05
0.7815 	 0.1215 	 0 	 -5.74126e-05
0.78175 	 0.12175 	 0 	 -5.48086e-05
0.782 	 0.122 	 0 	 -5.30978e-05
0.78225 	 0.12225 	 0 	 -5.14425e-05
0.7825 	 0.1225 	 0 	 -4.88872e-05
0.78275 	 0.12275 	 0 	 -4.72002e-05
0.783 	 0.123 	 0 	 -4.53773e-05
0.78325 	 0.12325 	 0 	 -4.35558e-05
0.7835 	 0.1235 	 0 	 -4.20804e-05
0.78375 	 0.12375 	 0 	 -4.05151e-05
0.784 	 0.124 	 0 	 -3.89602e-05
0.78425 	 0.12425 	 0 	 -3.71512e-05
0.7845 	 0.1245 	 0 	 -3.59717e-05
0.78475 	 0.12475 	 0 	 -3.4763e-05
0.785 	 0.125 	 0 	 -3.31133e-05
0.78525 	 0.12525 	 0 	 -3.19907e-05
0.7855 	 0.1255 	 0 	 -3.08304e-05
0.78575 	 0.12575 	 0 	 -2.9555e-05
0.786 	 0.126 	 0 	 -2.84927e-05
0.78625 	 0.12625 	 0 	 -2.73686e-05
0.7865 	 0.1265 	 0 	 -2.63139e-05
0.78675 	 0.12675 	 0 	 -2.53854e-05
0.787 	 0.127 	 0 	 -2.43048e-05
0.78725 	 0.12725 	 0 	 -2.33251e-05
0.7875 	 0.1275 	 0 	 -2.26333e-05
0.78775 	 0.12775 	 0 	 -2.16773e-05
0.788 	 0.128 	 0 	 -2.07132e-05
0.78825 	 0.12825 	 0 	 -2.00945e-05
0.7885 	 0.1285 	 0 	 -1.93227e-05
0.78875 	 0.12875 	 0 	 -1.83881e-05
0.789 	 0.129 	 0 	 -1.77701e-05
0.78925 	 0.12925 	 0 	 -1.72137e-05
0.7895 	 0.1295 	 0 	 -1.64454e-05
0.78975 	 0.12975 	 0 	 -1.58249e-05
0.79 	 0.13 	 0 	 -1.52521e-05
0.79025 	 0.13025 	 0 	 -1.45763e-05
0.7905 	 0.1305 	 0 	 -1.40463e-05
0.79075 	 0.13075 	 0 	 -1.35538e-05
0.791 	 0.131 	 0 	 -1.30099e-05
0.79125 	 0.13125 	 0 	 -1.24791e-05
0.7915 	 0.1315 	 0 	 -1.20013e-05
0.79175 	 0.13175 	 0 	 -1.15954e-05
0.792 	 0.132 	 0 	 -1.11391e-05
0.79225 	 0.13225 	 0 	 -1.06053e-05
0.7925 	 0.1325 	 0 	 -1.02436e-05
0.79275 	 0.13275 	 0 	 -9.97104e-06
0.793 	 0.133 	 0 	 -9.51871e-06
0.79325 	 0.13325 	 0 	 -9.04153e-06
0.7935 	 0.1335 	 0 	 -8.75647e-06
0.79375 	 0.13375 	 0 	 -8.49152e-06
0.794 	 0.134 	 0 	 -8.13219e-06
0.79425 	 0.13425 	 0 	 -7.75972e-06
0.7945 	 0.1345 	 0 	 -7.45324e-06
0.79475 	 0.13475 	 0 	 -7.19864e-06
0.795 	 0.135 	 0 	 -6.94941e-06
0.79525 	 0.13525 	 0 	 -6.6372e-06
0.7955 	 0.1355 	 0 	 -6.36168e-06
0.79575 	 0.13575 	 0 	 -6.15741e-06
0.796 	 0.136 	 0 	 -5.91349e-06
0.79625 	 0.13625 	 0 	 -5.68533e-06
0.7965 	 0.1365 	 0 	 -5.4228e-06
0.79675 	 0.13675 	 0 	 -5.22522e-06
0.797 	 0.137 	 0 	 -5.06019e-06
0.79725 	 0.13725 	 0 	 -4.79455e-06
0.7975 	 0.1375 	 0 	 -4.46086e-06
0.79775 	 0.13775 	 0 	 -4.11e-06
0.798 	 0.138 	 0 	 -3.81206e-06
0.79825 	 0.13825 	 0 	 -3.51178e-06
0.7985 	 0.1385 	 0 	 -3.20294e-06
0.79875 	 0.13875 	 0 	 -2.93427e-06
0.799 	 0.139 	 0 	 -2.65337e-06
0.79925 	 0.13925 	 0 	 -2.39102e-06
0.7995 	 0.1395 	 0 	 -2.13983e-06
0.79975 	 0.13975 	 0 	 -1.89639e-06
0.8 	 0.14 	 0 	 -1.6729e-06
0.80025 	 0.14025 	 0 	 -1.45363e-06
0.8005 	 0.1405 	 0 	 -1.23743e-06
0.80075 	 0.14075 	 0 	 -1.028e-06
0.801 	 0.141 	 0 	 -8.36968e-07
0.80125 	 0.14125 	 0 	 -6.52622e-07
0.8015 	 0.1415 	 0 	 -4.70504e-07
0.80175 	 0.14175 	 0 	 -2.89862e-07
0.802 	 0.142 	 0 	 -1.20991e-07
0.80225 	 0.14225 	 0 	 -1.90666e-08
0.8025 	 0.1425 	 0 	 0
0.80275 	 0.14275 	 0 	 0
0.803 	 0.143 	 0 	 0
0.80325 	 0.14325 	 0 	 0
0.8035 	 0.1435 	 0 	 0
0.80375 	 0.14375 	 0 	 0
0.804 	 0.144 	 0 	 0
0.80425 	 0.14425 	 0 	 0
0.8045 	 0.1445 	 0 	 0
0.80475 	 0.14475 	 0 	 0
0.805 	 0.145 	 0 	 0
0.80525 	 0.14525 	 0 	 0
0.8055 	 0.1455 	 0 	 0
0.80575 	 0.14575 	 0 	 0
0.806 	 0.146 	 0 	 0
0.80625 	 0.14625 	 0 	 0
0.8065 	 0.1465 	 0 	 0
0.80675 	 0.14675 	 0 	 0
0.807 	 0.147 	 0 	 0
0.80725 	 0.14725 	 0 	 0
0.8075 	 0.1475 	 0 	 0
0.80775 	 0.14775 	 0 	 0
0.808 	 0.148 	 0 	 0
0.80825 	 0.14825 	 0 	 0
0.8085 	 0.1485 	 0 	 0
0.80875 	 0.14875 	 0 	 0
0.809 	 0.149 	 0 	 0
0.80925 	 0.14925 	 0 	 0
0.8095 	 0.1495 	 0 	 0
0.80975 	 0.14975 	 0 	 0
0.81 	 0.15 	 0 	 0
0.81025 	 0.15025 	 0 	 0
0.8105 	 0.1505 	 0 	 0
0.81075 	 0.15075 	 0 	 0
0.811 	 0.151 	 0 	 0
0.81125 	 0.15125 	 0 	 0
0.8115 	 0.1515 	 0 	 0
0.81175 	 0.15175 	 0 	 0
0.812 	 0.152 	 0 	 0
0.81225 	 0.15225 	 0 	 0
0.8125 	 0.1525 	 0 	 0
0.81275 	 0.15275 	 0 	 0
0.813 	 0.153 	 0 	 0
0.81325 	 0.15325 	 0 	 0
0.8135 	 0.1535 	 0 	 0
0.81375 	 0.15375 	 0 	 0
0.814 	 0.154 	 0 	 0
0.81425 	 0.15425 	 0 	 0
0.8145 	 0.1545 	 0 	 0
0.81475 	 0.15475 	 0 	 0
0.815 	 0.155 	 0 	 0
0.81525 	 0.15525 	 0 	 0
0.8155 	 0.1555 	 0 	 0
0.81575 	 0.15575 	 0 	 0
0.816 	 0.156 	 0 	 0
0.81625 	 0.15625 	 0 	 0
0.8165 	 0.1565 	 0 	 0
0.81675 	 0.15675 	 0 	 0
0.817 	 0.157 	 0 	 0
0.81725 	 0.15725 	 0 	 0
0.8175 	 0.1575 	 0 	 0
0.81775 	 0.15775 	 0 	 0
0.818 	 0.158 	 0 	 0
0.81825 	 0.15825 	 0 	 0
0.8185 	 0.1585 	 0 	 0
0.81875 	 0.15875 	 0 	 0
0.819 	 0.159 	 0 	 0
0.81925 	 0.15925 	 0 	 0
0.8195 	 0.1595 	 0 	 0
0.81975 	 0.15975 	 0 	 0
0.82 	 0.16 	 0 	 0
0.82025 	 0.16025 	 0 	 0
0.8205 	 0.1605 	 0 	 0
0.82075 	 0.16075 	 0 	 0
0.821 	 0.161 	 0 	 0
0.82125 	 0.16125 	 0 	 0
0.8215 	 0.1615 	 0 	 0
0.82175 	 0.16175 	 0 	 0
0.822 	 0.162 	 0 	 0
0.82225 	 0.16225 	 0 	 0
0.8225 	 0.1625 	 0 	 0
0.82275 	 0.16275 	 0 	 0
0.823 	 0.163 	 0 	 0
0.82325 	 0.16325 	 0 	 0
0.8235 	 0.1635 	 0 	 0
0.82375 	 0.16375 	 0 	 0
0.824 	 0.164 	 0 	 0
0.82425 	 0.16425 	 0 	 0
0.8245 	 0.1645 	 0 	 0
0.82475 	 0.16475 	 0 	 0
0.825 	 0.165 	 0 	 0
0.82525 	 0.16525 	 0 	 0
0.8255 	 0.1655 	 0 	 0
0.82575 	 0.16575 	 0 	 0
0.826 	 0.166 	 0 	 0
0.82625 	 0.16625 	 0 	 0
0.8265 	 0.1665 	 0 	 0
0.82675 	 0.16675 	 0 	 0
0.827 	 0.167 	 0 	 0
0.82725 	 0.16725 	 0 	 0
0.8275 	 0.1675 	 0 	 0
0.82775 	 0.16775 	 0 	 0
0.828 	 0.168 	 0 	 0
0.82825 	 0.16825 	 0 	 0
0.8285 	 0.1685 	 0 	 0
0.82875 	 0.16875 	 0 	 0
0.829 	 0.169 	 0 	 0
0.82925 	 0.16925 	 0 	 0
0.8295 	 0.1695 	 0 	 0
0.82975 	 0.16975 	 0 	 0
0.83 	 0.17 	 0 	 0
0.83025 	 0.17025 	 0 	 0
0.8305 	 0.1705 	 0 	 0
0.83075 	 0.17075 	 0 	 0
0.831 	 0.171 	 0 	 0
0.83125 	 0.17125 	 0 	 0
0.8315 	 0.1715 	 0 	 0
0.83175 	 0.17175 	 0 	 0
0.832 	 0.172 	 0 	 0
0.83225 	 0.17225 	 0 	 0
0.8325 	 0.1725 	 0 	 0
0.83275 	 0.17275 	 0 	 0
0.833 	 0.173 	 0 	 0
0.83325 	 0.17325 	 0 	 0
0.8335 	 0.1735 	 0 	 0
0.83375 	 0.17375 	 0 	 0
0.834 	 0.174 	 0 	 0
0.83425 	 0.17425 	 0 	 0
0.8345 	 0.1745 	 0 	 0
0.83475 	 0.17475 	 0 	 0
0.835 	 0.175 	 0 	 0
0.83525 	 0.17525 	 0 	 0
0.8355 	 0.1755 	 0 	 0
0.83575 	 0.17575 	 0 	 0
0.836 	 0.176 	 0 	 0
0.83625 	 0.17625 	 0 	 0
0.8365 	 0.1765 	 0 	 0
0.83675 	 0.17675 	 0 	 0
0.837 	 0.177 	 0 	 0
0.83725 	 0.17725 	 0 	 0
0.8375 	 0.1775 	 0 	 0
0.83775 	 0.17775 	 0 	 0
0.838 	 0.178 	 0 	 0
0.83825 	 0.17825 	 0 	 0
0.8385 	 0.1785 	 0 	 0
0.83875 	 0.17875 	 0 	 0
0.839 	 0.179 	 0 	 0
0.83925 	 0.17925 	 0 	 0
0.8395 	 0.1795 	 0 	 0
0.83975 	 0.17975 	 0 	 0
0.84 	 0.18 	 0 	 0
0.84025 	 0.18025 	 0 	 0
0.8405 	 0.1805 	 0 	 0
0.84075 	 0.18075 	 0 	 0
0.841 	 0.181 	 0 	 0
0.84125 	 0.18125 	 0 	 0
0.8415 	 0.1815 	 0 	 0
0.84175 	 0.18175 	 0 	 0
0.842 	 0.182 	 0 	 0
0.84225 	 0.18225 	 0 	 0
0.8425 	 0.1825 	 0 	 0
0.84275 	 0.18275 	 0 	 0
0.843 	 0.183 	 0 	 0
0.84325 	 0.18325 	 0 	 0
0.8435 	 0.1835 	 0 	 0
0.84375 	 0.18375 	 0 	 0
0.844 	 0.184 	 0 	 0
0.84425 	 0.18425 	 0 	 0
0.8445 	 0.1845 	 0 	 0
0.84475 	 0.18475 	 0 	 0
0.845 	 0.185 	 0 	 0
0.84525 	 0.18525 	 0 	 0
0.8455 	 0.1855 	 0 	 0
0.84575 	 0.18575 	 0 	 0
0.846 	 0.186 	 0 	 0
0.84625 	 0.18625 	 0 	 0
0.8465 	 0.1865 	 0 	 0
0.84675 	 0.18675 	 0 	 0
0.847 	 0.187 	 0 	 0
0.84725 	 0.18725 	 0 	 0
