# FILE:  main_ispGauss_DGaO2016.py
# TIME:  Tue May 10 08:36:47 2016
# COMPUTATIONAL DOMAIN ----------------------------------------
# zMax   = 0.15
# rhoMax = 0.25
# Nz     = 600
# Nrho   = 5000
# Nphi   = 36
# LAYER PROPERTIES --------------------------------------------
# zIni   = 0.0
# zFin   = 0.1
# ma     = 20.0
# c0      = 1.0
# BEAM PARAMETERS ---------------------------------------------
# a    = 0.1
# MEASUREMENT PARAMETERS --------------------------------------
# zD   = -0.46
# dw   = 0.005
# OPTOACOUSTIC PARAMETERS -------------------------------------
# wD   = 92.0
# D    = 4.6
# SIMULATION RESULTS ------------------------------------------
# (t) 	 (c tau) 	 (p0(ctau)) 	 (p(rD,t))
0 	 -0.46 	 0 	 0
0.00025 	 -0.45975 	 0 	 0
0.0005 	 -0.4595 	 0 	 0
0.00075 	 -0.45925 	 0 	 0
0.001 	 -0.459 	 0 	 0
0.00125 	 -0.45875 	 0 	 0
0.0015 	 -0.4585 	 0 	 0
0.00175 	 -0.45825 	 0 	 0
0.002 	 -0.458 	 0 	 0
0.00225 	 -0.45775 	 0 	 0
0.0025 	 -0.4575 	 0 	 0
0.00275 	 -0.45725 	 0 	 0
0.003 	 -0.457 	 0 	 0
0.00325 	 -0.45675 	 0 	 0
0.0035 	 -0.4565 	 0 	 0
0.00375 	 -0.45625 	 0 	 0
0.004 	 -0.456 	 0 	 0
0.00425 	 -0.45575 	 0 	 0
0.0045 	 -0.4555 	 0 	 0
0.00475 	 -0.45525 	 0 	 0
0.005 	 -0.455 	 0 	 0
0.00525 	 -0.45475 	 0 	 0
0.0055 	 -0.4545 	 0 	 0
0.00575 	 -0.45425 	 0 	 0
0.006 	 -0.454 	 0 	 0
0.00625 	 -0.45375 	 0 	 0
0.0065 	 -0.4535 	 0 	 0
0.00675 	 -0.45325 	 0 	 0
0.007 	 -0.453 	 0 	 0
0.00725 	 -0.45275 	 0 	 0
0.0075 	 -0.4525 	 0 	 0
0.00775 	 -0.45225 	 0 	 0
0.008 	 -0.452 	 0 	 0
0.00825 	 -0.45175 	 0 	 0
0.0085 	 -0.4515 	 0 	 0
0.00875 	 -0.45125 	 0 	 0
0.009 	 -0.451 	 0 	 0
0.00925 	 -0.45075 	 0 	 0
0.0095 	 -0.4505 	 0 	 0
0.00975 	 -0.45025 	 0 	 0
0.01 	 -0.45 	 0 	 0
0.01025 	 -0.44975 	 0 	 0
0.0105 	 -0.4495 	 0 	 0
0.01075 	 -0.44925 	 0 	 0
0.011 	 -0.449 	 0 	 0
0.01125 	 -0.44875 	 0 	 0
0.0115 	 -0.4485 	 0 	 0
0.01175 	 -0.44825 	 0 	 0
0.012 	 -0.448 	 0 	 0
0.01225 	 -0.44775 	 0 	 0
0.0125 	 -0.4475 	 0 	 0
0.01275 	 -0.44725 	 0 	 0
0.013 	 -0.447 	 0 	 0
0.01325 	 -0.44675 	 0 	 0
0.0135 	 -0.4465 	 0 	 0
0.01375 	 -0.44625 	 0 	 0
0.014 	 -0.446 	 0 	 0
0.01425 	 -0.44575 	 0 	 0
0.0145 	 -0.4455 	 0 	 0
0.01475 	 -0.44525 	 0 	 0
0.015 	 -0.445 	 0 	 0
0.01525 	 -0.44475 	 0 	 0
0.0155 	 -0.4445 	 0 	 0
0.01575 	 -0.44425 	 0 	 0
0.016 	 -0.444 	 0 	 0
0.01625 	 -0.44375 	 0 	 0
0.0165 	 -0.4435 	 0 	 0
0.01675 	 -0.44325 	 0 	 0
0.017 	 -0.443 	 0 	 0
0.01725 	 -0.44275 	 0 	 0
0.0175 	 -0.4425 	 0 	 0
0.01775 	 -0.44225 	 0 	 0
0.018 	 -0.442 	 0 	 0
0.01825 	 -0.44175 	 0 	 0
0.0185 	 -0.4415 	 0 	 0
0.01875 	 -0.44125 	 0 	 0
0.019 	 -0.441 	 0 	 0
0.01925 	 -0.44075 	 0 	 0
0.0195 	 -0.4405 	 0 	 0
0.01975 	 -0.44025 	 0 	 0
0.02 	 -0.44 	 0 	 0
0.02025 	 -0.43975 	 0 	 0
0.0205 	 -0.4395 	 0 	 0
0.02075 	 -0.43925 	 0 	 0
0.021 	 -0.439 	 0 	 0
0.02125 	 -0.43875 	 0 	 0
0.0215 	 -0.4385 	 0 	 0
0.02175 	 -0.43825 	 0 	 0
0.022 	 -0.438 	 0 	 0
0.02225 	 -0.43775 	 0 	 0
0.0225 	 -0.4375 	 0 	 0
0.02275 	 -0.43725 	 0 	 0
0.023 	 -0.437 	 0 	 0
0.02325 	 -0.43675 	 0 	 0
0.0235 	 -0.4365 	 0 	 0
0.02375 	 -0.43625 	 0 	 0
0.024 	 -0.436 	 0 	 0
0.02425 	 -0.43575 	 0 	 0
0.0245 	 -0.4355 	 0 	 0
0.02475 	 -0.43525 	 0 	 0
0.025 	 -0.435 	 0 	 0
0.02525 	 -0.43475 	 0 	 0
0.0255 	 -0.4345 	 0 	 0
0.02575 	 -0.43425 	 0 	 0
0.026 	 -0.434 	 0 	 0
0.02625 	 -0.43375 	 0 	 0
0.0265 	 -0.4335 	 0 	 0
0.02675 	 -0.43325 	 0 	 0
0.027 	 -0.433 	 0 	 0
0.02725 	 -0.43275 	 0 	 0
0.0275 	 -0.4325 	 0 	 0
0.02775 	 -0.43225 	 0 	 0
0.028 	 -0.432 	 0 	 0
0.02825 	 -0.43175 	 0 	 0
0.0285 	 -0.4315 	 0 	 0
0.02875 	 -0.43125 	 0 	 0
0.029 	 -0.431 	 0 	 0
0.02925 	 -0.43075 	 0 	 0
0.0295 	 -0.4305 	 0 	 0
0.02975 	 -0.43025 	 0 	 0
0.03 	 -0.43 	 0 	 0
0.03025 	 -0.42975 	 0 	 0
0.0305 	 -0.4295 	 0 	 0
0.03075 	 -0.42925 	 0 	 0
0.031 	 -0.429 	 0 	 0
0.03125 	 -0.42875 	 0 	 0
0.0315 	 -0.4285 	 0 	 0
0.03175 	 -0.42825 	 0 	 0
0.032 	 -0.428 	 0 	 0
0.03225 	 -0.42775 	 0 	 0
0.0325 	 -0.4275 	 0 	 0
0.03275 	 -0.42725 	 0 	 0
0.033 	 -0.427 	 0 	 0
0.03325 	 -0.42675 	 0 	 0
0.0335 	 -0.4265 	 0 	 0
0.03375 	 -0.42625 	 0 	 0
0.034 	 -0.426 	 0 	 0
0.03425 	 -0.42575 	 0 	 0
0.0345 	 -0.4255 	 0 	 0
0.03475 	 -0.42525 	 0 	 0
0.035 	 -0.425 	 0 	 0
0.03525 	 -0.42475 	 0 	 0
0.0355 	 -0.4245 	 0 	 0
0.03575 	 -0.42425 	 0 	 0
0.036 	 -0.424 	 0 	 0
0.03625 	 -0.42375 	 0 	 0
0.0365 	 -0.4235 	 0 	 0
0.03675 	 -0.42325 	 0 	 0
0.037 	 -0.423 	 0 	 0
0.03725 	 -0.42275 	 0 	 0
0.0375 	 -0.4225 	 0 	 0
0.03775 	 -0.42225 	 0 	 0
0.038 	 -0.422 	 0 	 0
0.03825 	 -0.42175 	 0 	 0
0.0385 	 -0.4215 	 0 	 0
0.03875 	 -0.42125 	 0 	 0
0.039 	 -0.421 	 0 	 0
0.03925 	 -0.42075 	 0 	 0
0.0395 	 -0.4205 	 0 	 0
0.03975 	 -0.42025 	 0 	 0
0.04 	 -0.42 	 0 	 0
0.04025 	 -0.41975 	 0 	 0
0.0405 	 -0.4195 	 0 	 0
0.04075 	 -0.41925 	 0 	 0
0.041 	 -0.419 	 0 	 0
0.04125 	 -0.41875 	 0 	 0
0.0415 	 -0.4185 	 0 	 0
0.04175 	 -0.41825 	 0 	 0
0.042 	 -0.418 	 0 	 0
0.04225 	 -0.41775 	 0 	 0
0.0425 	 -0.4175 	 0 	 0
0.04275 	 -0.41725 	 0 	 0
0.043 	 -0.417 	 0 	 0
0.04325 	 -0.41675 	 0 	 0
0.0435 	 -0.4165 	 0 	 0
0.04375 	 -0.41625 	 0 	 0
0.044 	 -0.416 	 0 	 0
0.04425 	 -0.41575 	 0 	 0
0.0445 	 -0.4155 	 0 	 0
0.04475 	 -0.41525 	 0 	 0
0.045 	 -0.415 	 0 	 0
0.04525 	 -0.41475 	 0 	 0
0.0455 	 -0.4145 	 0 	 0
0.04575 	 -0.41425 	 0 	 0
0.046 	 -0.414 	 0 	 0
0.04625 	 -0.41375 	 0 	 0
0.0465 	 -0.4135 	 0 	 0
0.04675 	 -0.41325 	 0 	 0
0.047 	 -0.413 	 0 	 0
0.04725 	 -0.41275 	 0 	 0
0.0475 	 -0.4125 	 0 	 0
0.04775 	 -0.41225 	 0 	 0
0.048 	 -0.412 	 0 	 0
0.04825 	 -0.41175 	 0 	 0
0.0485 	 -0.4115 	 0 	 0
0.04875 	 -0.41125 	 0 	 0
0.049 	 -0.411 	 0 	 0
0.04925 	 -0.41075 	 0 	 0
0.0495 	 -0.4105 	 0 	 0
0.04975 	 -0.41025 	 0 	 0
0.05 	 -0.41 	 0 	 0
0.05025 	 -0.40975 	 0 	 0
0.0505 	 -0.4095 	 0 	 0
0.05075 	 -0.40925 	 0 	 0
0.051 	 -0.409 	 0 	 0
0.05125 	 -0.40875 	 0 	 0
0.0515 	 -0.4085 	 0 	 0
0.05175 	 -0.40825 	 0 	 0
0.052 	 -0.408 	 0 	 0
0.05225 	 -0.40775 	 0 	 0
0.0525 	 -0.4075 	 0 	 0
0.05275 	 -0.40725 	 0 	 0
0.053 	 -0.407 	 0 	 0
0.05325 	 -0.40675 	 0 	 0
0.0535 	 -0.4065 	 0 	 0
0.05375 	 -0.40625 	 0 	 0
0.054 	 -0.406 	 0 	 0
0.05425 	 -0.40575 	 0 	 0
0.0545 	 -0.4055 	 0 	 0
0.05475 	 -0.40525 	 0 	 0
0.055 	 -0.405 	 0 	 0
0.05525 	 -0.40475 	 0 	 0
0.0555 	 -0.4045 	 0 	 0
0.05575 	 -0.40425 	 0 	 0
0.056 	 -0.404 	 0 	 0
0.05625 	 -0.40375 	 0 	 0
0.0565 	 -0.4035 	 0 	 0
0.05675 	 -0.40325 	 0 	 0
0.057 	 -0.403 	 0 	 0
0.05725 	 -0.40275 	 0 	 0
0.0575 	 -0.4025 	 0 	 0
0.05775 	 -0.40225 	 0 	 0
0.058 	 -0.402 	 0 	 0
0.05825 	 -0.40175 	 0 	 0
0.0585 	 -0.4015 	 0 	 0
0.05875 	 -0.40125 	 0 	 0
0.059 	 -0.401 	 0 	 0
0.05925 	 -0.40075 	 0 	 0
0.0595 	 -0.4005 	 0 	 0
0.05975 	 -0.40025 	 0 	 0
0.06 	 -0.4 	 0 	 0
0.06025 	 -0.39975 	 0 	 0
0.0605 	 -0.3995 	 0 	 0
0.06075 	 -0.39925 	 0 	 0
0.061 	 -0.399 	 0 	 0
0.06125 	 -0.39875 	 0 	 0
0.0615 	 -0.3985 	 0 	 0
0.06175 	 -0.39825 	 0 	 0
0.062 	 -0.398 	 0 	 0
0.06225 	 -0.39775 	 0 	 0
0.0625 	 -0.3975 	 0 	 0
0.06275 	 -0.39725 	 0 	 0
0.063 	 -0.397 	 0 	 0
0.06325 	 -0.39675 	 0 	 0
0.0635 	 -0.3965 	 0 	 0
0.06375 	 -0.39625 	 0 	 0
0.064 	 -0.396 	 0 	 0
0.06425 	 -0.39575 	 0 	 0
0.0645 	 -0.3955 	 0 	 0
0.06475 	 -0.39525 	 0 	 0
0.065 	 -0.395 	 0 	 0
0.06525 	 -0.39475 	 0 	 0
0.0655 	 -0.3945 	 0 	 0
0.06575 	 -0.39425 	 0 	 0
0.066 	 -0.394 	 0 	 0
0.06625 	 -0.39375 	 0 	 0
0.0665 	 -0.3935 	 0 	 0
0.06675 	 -0.39325 	 0 	 0
0.067 	 -0.393 	 0 	 0
0.06725 	 -0.39275 	 0 	 0
0.0675 	 -0.3925 	 0 	 0
0.06775 	 -0.39225 	 0 	 0
0.068 	 -0.392 	 0 	 0
0.06825 	 -0.39175 	 0 	 0
0.0685 	 -0.3915 	 0 	 0
0.06875 	 -0.39125 	 0 	 0
0.069 	 -0.391 	 0 	 0
0.06925 	 -0.39075 	 0 	 0
0.0695 	 -0.3905 	 0 	 0
0.06975 	 -0.39025 	 0 	 0
0.07 	 -0.39 	 0 	 0
0.07025 	 -0.38975 	 0 	 0
0.0705 	 -0.3895 	 0 	 0
0.07075 	 -0.38925 	 0 	 0
0.071 	 -0.389 	 0 	 0
0.07125 	 -0.38875 	 0 	 0
0.0715 	 -0.3885 	 0 	 0
0.07175 	 -0.38825 	 0 	 0
0.072 	 -0.388 	 0 	 0
0.07225 	 -0.38775 	 0 	 0
0.0725 	 -0.3875 	 0 	 0
0.07275 	 -0.38725 	 0 	 0
0.073 	 -0.387 	 0 	 0
0.07325 	 -0.38675 	 0 	 0
0.0735 	 -0.3865 	 0 	 0
0.07375 	 -0.38625 	 0 	 0
0.074 	 -0.386 	 0 	 0
0.07425 	 -0.38575 	 0 	 0
0.0745 	 -0.3855 	 0 	 0
0.07475 	 -0.38525 	 0 	 0
0.075 	 -0.385 	 0 	 0
0.07525 	 -0.38475 	 0 	 0
0.0755 	 -0.3845 	 0 	 0
0.07575 	 -0.38425 	 0 	 0
0.076 	 -0.384 	 0 	 0
0.07625 	 -0.38375 	 0 	 0
0.0765 	 -0.3835 	 0 	 0
0.07675 	 -0.38325 	 0 	 0
0.077 	 -0.383 	 0 	 0
0.07725 	 -0.38275 	 0 	 0
0.0775 	 -0.3825 	 0 	 0
0.07775 	 -0.38225 	 0 	 0
0.078 	 -0.382 	 0 	 0
0.07825 	 -0.38175 	 0 	 0
0.0785 	 -0.3815 	 0 	 0
0.07875 	 -0.38125 	 0 	 0
0.079 	 -0.381 	 0 	 0
0.07925 	 -0.38075 	 0 	 0
0.0795 	 -0.3805 	 0 	 0
0.07975 	 -0.38025 	 0 	 0
0.08 	 -0.38 	 0 	 0
0.08025 	 -0.37975 	 0 	 0
0.0805 	 -0.3795 	 0 	 0
0.08075 	 -0.37925 	 0 	 0
0.081 	 -0.379 	 0 	 0
0.08125 	 -0.37875 	 0 	 0
0.0815 	 -0.3785 	 0 	 0
0.08175 	 -0.37825 	 0 	 0
0.082 	 -0.378 	 0 	 0
0.08225 	 -0.37775 	 0 	 0
0.0825 	 -0.3775 	 0 	 0
0.08275 	 -0.37725 	 0 	 0
0.083 	 -0.377 	 0 	 0
0.08325 	 -0.37675 	 0 	 0
0.0835 	 -0.3765 	 0 	 0
0.08375 	 -0.37625 	 0 	 0
0.084 	 -0.376 	 0 	 0
0.08425 	 -0.37575 	 0 	 0
0.0845 	 -0.3755 	 0 	 0
0.08475 	 -0.37525 	 0 	 0
0.085 	 -0.375 	 0 	 0
0.08525 	 -0.37475 	 0 	 0
0.0855 	 -0.3745 	 0 	 0
0.08575 	 -0.37425 	 0 	 0
0.086 	 -0.374 	 0 	 0
0.08625 	 -0.37375 	 0 	 0
0.0865 	 -0.3735 	 0 	 0
0.08675 	 -0.37325 	 0 	 0
0.087 	 -0.373 	 0 	 0
0.08725 	 -0.37275 	 0 	 0
0.0875 	 -0.3725 	 0 	 0
0.08775 	 -0.37225 	 0 	 0
0.088 	 -0.372 	 0 	 0
0.08825 	 -0.37175 	 0 	 0
0.0885 	 -0.3715 	 0 	 0
0.08875 	 -0.37125 	 0 	 0
0.089 	 -0.371 	 0 	 0
0.08925 	 -0.37075 	 0 	 0
0.0895 	 -0.3705 	 0 	 0
0.08975 	 -0.37025 	 0 	 0
0.09 	 -0.37 	 0 	 0
0.09025 	 -0.36975 	 0 	 0
0.0905 	 -0.3695 	 0 	 0
0.09075 	 -0.36925 	 0 	 0
0.091 	 -0.369 	 0 	 0
0.09125 	 -0.36875 	 0 	 0
0.0915 	 -0.3685 	 0 	 0
0.09175 	 -0.36825 	 0 	 0
0.092 	 -0.368 	 0 	 0
0.09225 	 -0.36775 	 0 	 0
0.0925 	 -0.3675 	 0 	 0
0.09275 	 -0.36725 	 0 	 0
0.093 	 -0.367 	 0 	 0
0.09325 	 -0.36675 	 0 	 0
0.0935 	 -0.3665 	 0 	 0
0.09375 	 -0.36625 	 0 	 0
0.094 	 -0.366 	 0 	 0
0.09425 	 -0.36575 	 0 	 0
0.0945 	 -0.3655 	 0 	 0
0.09475 	 -0.36525 	 0 	 0
0.095 	 -0.365 	 0 	 0
0.09525 	 -0.36475 	 0 	 0
0.0955 	 -0.3645 	 0 	 0
0.09575 	 -0.36425 	 0 	 0
0.096 	 -0.364 	 0 	 0
0.09625 	 -0.36375 	 0 	 0
0.0965 	 -0.3635 	 0 	 0
0.09675 	 -0.36325 	 0 	 0
0.097 	 -0.363 	 0 	 0
0.09725 	 -0.36275 	 0 	 0
0.0975 	 -0.3625 	 0 	 0
0.09775 	 -0.36225 	 0 	 0
0.098 	 -0.362 	 0 	 0
0.09825 	 -0.36175 	 0 	 0
0.0985 	 -0.3615 	 0 	 0
0.09875 	 -0.36125 	 0 	 0
0.099 	 -0.361 	 0 	 0
0.09925 	 -0.36075 	 0 	 0
0.0995 	 -0.3605 	 0 	 0
0.09975 	 -0.36025 	 0 	 0
0.1 	 -0.36 	 0 	 0
0.10025 	 -0.35975 	 0 	 0
0.1005 	 -0.3595 	 0 	 0
0.10075 	 -0.35925 	 0 	 0
0.101 	 -0.359 	 0 	 0
0.10125 	 -0.35875 	 0 	 0
0.1015 	 -0.3585 	 0 	 0
0.10175 	 -0.35825 	 0 	 0
0.102 	 -0.358 	 0 	 0
0.10225 	 -0.35775 	 0 	 0
0.1025 	 -0.3575 	 0 	 0
0.10275 	 -0.35725 	 0 	 0
0.103 	 -0.357 	 0 	 0
0.10325 	 -0.35675 	 0 	 0
0.1035 	 -0.3565 	 0 	 0
0.10375 	 -0.35625 	 0 	 0
0.104 	 -0.356 	 0 	 0
0.10425 	 -0.35575 	 0 	 0
0.1045 	 -0.3555 	 0 	 0
0.10475 	 -0.35525 	 0 	 0
0.105 	 -0.355 	 0 	 0
0.10525 	 -0.35475 	 0 	 0
0.1055 	 -0.3545 	 0 	 0
0.10575 	 -0.35425 	 0 	 0
0.106 	 -0.354 	 0 	 0
0.10625 	 -0.35375 	 0 	 0
0.1065 	 -0.3535 	 0 	 0
0.10675 	 -0.35325 	 0 	 0
0.107 	 -0.353 	 0 	 0
0.10725 	 -0.35275 	 0 	 0
0.1075 	 -0.3525 	 0 	 0
0.10775 	 -0.35225 	 0 	 0
0.108 	 -0.352 	 0 	 0
0.10825 	 -0.35175 	 0 	 0
0.1085 	 -0.3515 	 0 	 0
0.10875 	 -0.35125 	 0 	 0
0.109 	 -0.351 	 0 	 0
0.10925 	 -0.35075 	 0 	 0
0.1095 	 -0.3505 	 0 	 0
0.10975 	 -0.35025 	 0 	 0
0.11 	 -0.35 	 0 	 0
0.11025 	 -0.34975 	 0 	 0
0.1105 	 -0.3495 	 0 	 0
0.11075 	 -0.34925 	 0 	 0
0.111 	 -0.349 	 0 	 0
0.11125 	 -0.34875 	 0 	 0
0.1115 	 -0.3485 	 0 	 0
0.11175 	 -0.34825 	 0 	 0
0.112 	 -0.348 	 0 	 0
0.11225 	 -0.34775 	 0 	 0
0.1125 	 -0.3475 	 0 	 0
0.11275 	 -0.34725 	 0 	 0
0.113 	 -0.347 	 0 	 0
0.11325 	 -0.34675 	 0 	 0
0.1135 	 -0.3465 	 0 	 0
0.11375 	 -0.34625 	 0 	 0
0.114 	 -0.346 	 0 	 0
0.11425 	 -0.34575 	 0 	 0
0.1145 	 -0.3455 	 0 	 0
0.11475 	 -0.34525 	 0 	 0
0.115 	 -0.345 	 0 	 0
0.11525 	 -0.34475 	 0 	 0
0.1155 	 -0.3445 	 0 	 0
0.11575 	 -0.34425 	 0 	 0
0.116 	 -0.344 	 0 	 0
0.11625 	 -0.34375 	 0 	 0
0.1165 	 -0.3435 	 0 	 0
0.11675 	 -0.34325 	 0 	 0
0.117 	 -0.343 	 0 	 0
0.11725 	 -0.34275 	 0 	 0
0.1175 	 -0.3425 	 0 	 0
0.11775 	 -0.34225 	 0 	 0
0.118 	 -0.342 	 0 	 0
0.11825 	 -0.34175 	 0 	 0
0.1185 	 -0.3415 	 0 	 0
0.11875 	 -0.34125 	 0 	 0
0.119 	 -0.341 	 0 	 0
0.11925 	 -0.34075 	 0 	 0
0.1195 	 -0.3405 	 0 	 0
0.11975 	 -0.34025 	 0 	 0
0.12 	 -0.34 	 0 	 0
0.12025 	 -0.33975 	 0 	 0
0.1205 	 -0.3395 	 0 	 0
0.12075 	 -0.33925 	 0 	 0
0.121 	 -0.339 	 0 	 0
0.12125 	 -0.33875 	 0 	 0
0.1215 	 -0.3385 	 0 	 0
0.12175 	 -0.33825 	 0 	 0
0.122 	 -0.338 	 0 	 0
0.12225 	 -0.33775 	 0 	 0
0.1225 	 -0.3375 	 0 	 0
0.12275 	 -0.33725 	 0 	 0
0.123 	 -0.337 	 0 	 0
0.12325 	 -0.33675 	 0 	 0
0.1235 	 -0.3365 	 0 	 0
0.12375 	 -0.33625 	 0 	 0
0.124 	 -0.336 	 0 	 0
0.12425 	 -0.33575 	 0 	 0
0.1245 	 -0.3355 	 0 	 0
0.12475 	 -0.33525 	 0 	 0
0.125 	 -0.335 	 0 	 0
0.12525 	 -0.33475 	 0 	 0
0.1255 	 -0.3345 	 0 	 0
0.12575 	 -0.33425 	 0 	 0
0.126 	 -0.334 	 0 	 0
0.12625 	 -0.33375 	 0 	 0
0.1265 	 -0.3335 	 0 	 0
0.12675 	 -0.33325 	 0 	 0
0.127 	 -0.333 	 0 	 0
0.12725 	 -0.33275 	 0 	 0
0.1275 	 -0.3325 	 0 	 0
0.12775 	 -0.33225 	 0 	 0
0.128 	 -0.332 	 0 	 0
0.12825 	 -0.33175 	 0 	 0
0.1285 	 -0.3315 	 0 	 0
0.12875 	 -0.33125 	 0 	 0
0.129 	 -0.331 	 0 	 0
0.12925 	 -0.33075 	 0 	 0
0.1295 	 -0.3305 	 0 	 0
0.12975 	 -0.33025 	 0 	 0
0.13 	 -0.33 	 0 	 0
0.13025 	 -0.32975 	 0 	 0
0.1305 	 -0.3295 	 0 	 0
0.13075 	 -0.32925 	 0 	 0
0.131 	 -0.329 	 0 	 0
0.13125 	 -0.32875 	 0 	 0
0.1315 	 -0.3285 	 0 	 0
0.13175 	 -0.32825 	 0 	 0
0.132 	 -0.328 	 0 	 0
0.13225 	 -0.32775 	 0 	 0
0.1325 	 -0.3275 	 0 	 0
0.13275 	 -0.32725 	 0 	 0
0.133 	 -0.327 	 0 	 0
0.13325 	 -0.32675 	 0 	 0
0.1335 	 -0.3265 	 0 	 0
0.13375 	 -0.32625 	 0 	 0
0.134 	 -0.326 	 0 	 0
0.13425 	 -0.32575 	 0 	 0
0.1345 	 -0.3255 	 0 	 0
0.13475 	 -0.32525 	 0 	 0
0.135 	 -0.325 	 0 	 0
0.13525 	 -0.32475 	 0 	 0
0.1355 	 -0.3245 	 0 	 0
0.13575 	 -0.32425 	 0 	 0
0.136 	 -0.324 	 0 	 0
0.13625 	 -0.32375 	 0 	 0
0.1365 	 -0.3235 	 0 	 0
0.13675 	 -0.32325 	 0 	 0
0.137 	 -0.323 	 0 	 0
0.13725 	 -0.32275 	 0 	 0
0.1375 	 -0.3225 	 0 	 0
0.13775 	 -0.32225 	 0 	 0
0.138 	 -0.322 	 0 	 0
0.13825 	 -0.32175 	 0 	 0
0.1385 	 -0.3215 	 0 	 0
0.13875 	 -0.32125 	 0 	 0
0.139 	 -0.321 	 0 	 0
0.13925 	 -0.32075 	 0 	 0
0.1395 	 -0.3205 	 0 	 0
0.13975 	 -0.32025 	 0 	 0
0.14 	 -0.32 	 0 	 0
0.14025 	 -0.31975 	 0 	 0
0.1405 	 -0.3195 	 0 	 0
0.14075 	 -0.31925 	 0 	 0
0.141 	 -0.319 	 0 	 0
0.14125 	 -0.31875 	 0 	 0
0.1415 	 -0.3185 	 0 	 0
0.14175 	 -0.31825 	 0 	 0
0.142 	 -0.318 	 0 	 0
0.14225 	 -0.31775 	 0 	 0
0.1425 	 -0.3175 	 0 	 0
0.14275 	 -0.31725 	 0 	 0
0.143 	 -0.317 	 0 	 0
0.14325 	 -0.31675 	 0 	 0
0.1435 	 -0.3165 	 0 	 0
0.14375 	 -0.31625 	 0 	 0
0.144 	 -0.316 	 0 	 0
0.14425 	 -0.31575 	 0 	 0
0.1445 	 -0.3155 	 0 	 0
0.14475 	 -0.31525 	 0 	 0
0.145 	 -0.315 	 0 	 0
0.14525 	 -0.31475 	 0 	 0
0.1455 	 -0.3145 	 0 	 0
0.14575 	 -0.31425 	 0 	 0
0.146 	 -0.314 	 0 	 0
0.14625 	 -0.31375 	 0 	 0
0.1465 	 -0.3135 	 0 	 0
0.14675 	 -0.31325 	 0 	 0
0.147 	 -0.313 	 0 	 0
0.14725 	 -0.31275 	 0 	 0
0.1475 	 -0.3125 	 0 	 0
0.14775 	 -0.31225 	 0 	 0
0.148 	 -0.312 	 0 	 0
0.14825 	 -0.31175 	 0 	 0
0.1485 	 -0.3115 	 0 	 0
0.14875 	 -0.31125 	 0 	 0
0.149 	 -0.311 	 0 	 0
0.14925 	 -0.31075 	 0 	 0
0.1495 	 -0.3105 	 0 	 0
0.14975 	 -0.31025 	 0 	 0
0.15 	 -0.31 	 0 	 0
0.15025 	 -0.30975 	 0 	 0
0.1505 	 -0.3095 	 0 	 0
0.15075 	 -0.30925 	 0 	 0
0.151 	 -0.309 	 0 	 0
0.15125 	 -0.30875 	 0 	 0
0.1515 	 -0.3085 	 0 	 0
0.15175 	 -0.30825 	 0 	 0
0.152 	 -0.308 	 0 	 0
0.15225 	 -0.30775 	 0 	 0
0.1525 	 -0.3075 	 0 	 0
0.15275 	 -0.30725 	 0 	 0
0.153 	 -0.307 	 0 	 0
0.15325 	 -0.30675 	 0 	 0
0.1535 	 -0.3065 	 0 	 0
0.15375 	 -0.30625 	 0 	 0
0.154 	 -0.306 	 0 	 0
0.15425 	 -0.30575 	 0 	 0
0.1545 	 -0.3055 	 0 	 0
0.15475 	 -0.30525 	 0 	 0
0.155 	 -0.305 	 0 	 0
0.15525 	 -0.30475 	 0 	 0
0.1555 	 -0.3045 	 0 	 0
0.15575 	 -0.30425 	 0 	 0
0.156 	 -0.304 	 0 	 0
0.15625 	 -0.30375 	 0 	 0
0.1565 	 -0.3035 	 0 	 0
0.15675 	 -0.30325 	 0 	 0
0.157 	 -0.303 	 0 	 0
0.15725 	 -0.30275 	 0 	 0
0.1575 	 -0.3025 	 0 	 0
0.15775 	 -0.30225 	 0 	 0
0.158 	 -0.302 	 0 	 0
0.15825 	 -0.30175 	 0 	 0
0.1585 	 -0.3015 	 0 	 0
0.15875 	 -0.30125 	 0 	 0
0.159 	 -0.301 	 0 	 0
0.15925 	 -0.30075 	 0 	 0
0.1595 	 -0.3005 	 0 	 0
0.15975 	 -0.30025 	 0 	 0
0.16 	 -0.3 	 0 	 0
0.16025 	 -0.29975 	 0 	 0
0.1605 	 -0.2995 	 0 	 0
0.16075 	 -0.29925 	 0 	 0
0.161 	 -0.299 	 0 	 0
0.16125 	 -0.29875 	 0 	 0
0.1615 	 -0.2985 	 0 	 0
0.16175 	 -0.29825 	 0 	 0
0.162 	 -0.298 	 0 	 0
0.16225 	 -0.29775 	 0 	 0
0.1625 	 -0.2975 	 0 	 0
0.16275 	 -0.29725 	 0 	 0
0.163 	 -0.297 	 0 	 0
0.16325 	 -0.29675 	 0 	 0
0.1635 	 -0.2965 	 0 	 0
0.16375 	 -0.29625 	 0 	 0
0.164 	 -0.296 	 0 	 0
0.16425 	 -0.29575 	 0 	 0
0.1645 	 -0.2955 	 0 	 0
0.16475 	 -0.29525 	 0 	 0
0.165 	 -0.295 	 0 	 0
0.16525 	 -0.29475 	 0 	 0
0.1655 	 -0.2945 	 0 	 0
0.16575 	 -0.29425 	 0 	 0
0.166 	 -0.294 	 0 	 0
0.16625 	 -0.29375 	 0 	 0
0.1665 	 -0.2935 	 0 	 0
0.16675 	 -0.29325 	 0 	 0
0.167 	 -0.293 	 0 	 0
0.16725 	 -0.29275 	 0 	 0
0.1675 	 -0.2925 	 0 	 0
0.16775 	 -0.29225 	 0 	 0
0.168 	 -0.292 	 0 	 0
0.16825 	 -0.29175 	 0 	 0
0.1685 	 -0.2915 	 0 	 0
0.16875 	 -0.29125 	 0 	 0
0.169 	 -0.291 	 0 	 0
0.16925 	 -0.29075 	 0 	 0
0.1695 	 -0.2905 	 0 	 0
0.16975 	 -0.29025 	 0 	 0
0.17 	 -0.29 	 0 	 0
0.17025 	 -0.28975 	 0 	 0
0.1705 	 -0.2895 	 0 	 0
0.17075 	 -0.28925 	 0 	 0
0.171 	 -0.289 	 0 	 0
0.17125 	 -0.28875 	 0 	 0
0.1715 	 -0.2885 	 0 	 0
0.17175 	 -0.28825 	 0 	 0
0.172 	 -0.288 	 0 	 0
0.17225 	 -0.28775 	 0 	 0
0.1725 	 -0.2875 	 0 	 0
0.17275 	 -0.28725 	 0 	 0
0.173 	 -0.287 	 0 	 0
0.17325 	 -0.28675 	 0 	 0
0.1735 	 -0.2865 	 0 	 0
0.17375 	 -0.28625 	 0 	 0
0.174 	 -0.286 	 0 	 0
0.17425 	 -0.28575 	 0 	 0
0.1745 	 -0.2855 	 0 	 0
0.17475 	 -0.28525 	 0 	 0
0.175 	 -0.285 	 0 	 0
0.17525 	 -0.28475 	 0 	 0
0.1755 	 -0.2845 	 0 	 0
0.17575 	 -0.28425 	 0 	 0
0.176 	 -0.284 	 0 	 0
0.17625 	 -0.28375 	 0 	 0
0.1765 	 -0.2835 	 0 	 0
0.17675 	 -0.28325 	 0 	 0
0.177 	 -0.283 	 0 	 0
0.17725 	 -0.28275 	 0 	 0
0.1775 	 -0.2825 	 0 	 0
0.17775 	 -0.28225 	 0 	 0
0.178 	 -0.282 	 0 	 0
0.17825 	 -0.28175 	 0 	 0
0.1785 	 -0.2815 	 0 	 0
0.17875 	 -0.28125 	 0 	 0
0.179 	 -0.281 	 0 	 0
0.17925 	 -0.28075 	 0 	 0
0.1795 	 -0.2805 	 0 	 0
0.17975 	 -0.28025 	 0 	 0
0.18 	 -0.28 	 0 	 0
0.18025 	 -0.27975 	 0 	 0
0.1805 	 -0.2795 	 0 	 0
0.18075 	 -0.27925 	 0 	 0
0.181 	 -0.279 	 0 	 0
0.18125 	 -0.27875 	 0 	 0
0.1815 	 -0.2785 	 0 	 0
0.18175 	 -0.27825 	 0 	 0
0.182 	 -0.278 	 0 	 0
0.18225 	 -0.27775 	 0 	 0
0.1825 	 -0.2775 	 0 	 0
0.18275 	 -0.27725 	 0 	 0
0.183 	 -0.277 	 0 	 0
0.18325 	 -0.27675 	 0 	 0
0.1835 	 -0.2765 	 0 	 0
0.18375 	 -0.27625 	 0 	 0
0.184 	 -0.276 	 0 	 0
0.18425 	 -0.27575 	 0 	 0
0.1845 	 -0.2755 	 0 	 0
0.18475 	 -0.27525 	 0 	 0
0.185 	 -0.275 	 0 	 0
0.18525 	 -0.27475 	 0 	 0
0.1855 	 -0.2745 	 0 	 0
0.18575 	 -0.27425 	 0 	 0
0.186 	 -0.274 	 0 	 0
0.18625 	 -0.27375 	 0 	 0
0.1865 	 -0.2735 	 0 	 0
0.18675 	 -0.27325 	 0 	 0
0.187 	 -0.273 	 0 	 0
0.18725 	 -0.27275 	 0 	 0
0.1875 	 -0.2725 	 0 	 0
0.18775 	 -0.27225 	 0 	 0
0.188 	 -0.272 	 0 	 0
0.18825 	 -0.27175 	 0 	 0
0.1885 	 -0.2715 	 0 	 0
0.18875 	 -0.27125 	 0 	 0
0.189 	 -0.271 	 0 	 0
0.18925 	 -0.27075 	 0 	 0
0.1895 	 -0.2705 	 0 	 0
0.18975 	 -0.27025 	 0 	 0
0.19 	 -0.27 	 0 	 0
0.19025 	 -0.26975 	 0 	 0
0.1905 	 -0.2695 	 0 	 0
0.19075 	 -0.26925 	 0 	 0
0.191 	 -0.269 	 0 	 0
0.19125 	 -0.26875 	 0 	 0
0.1915 	 -0.2685 	 0 	 0
0.19175 	 -0.26825 	 0 	 0
0.192 	 -0.268 	 0 	 0
0.19225 	 -0.26775 	 0 	 0
0.1925 	 -0.2675 	 0 	 0
0.19275 	 -0.26725 	 0 	 0
0.193 	 -0.267 	 0 	 0
0.19325 	 -0.26675 	 0 	 0
0.1935 	 -0.2665 	 0 	 0
0.19375 	 -0.26625 	 0 	 0
0.194 	 -0.266 	 0 	 0
0.19425 	 -0.26575 	 0 	 0
0.1945 	 -0.2655 	 0 	 0
0.19475 	 -0.26525 	 0 	 0
0.195 	 -0.265 	 0 	 0
0.19525 	 -0.26475 	 0 	 0
0.1955 	 -0.2645 	 0 	 0
0.19575 	 -0.26425 	 0 	 0
0.196 	 -0.264 	 0 	 0
0.19625 	 -0.26375 	 0 	 0
0.1965 	 -0.2635 	 0 	 0
0.19675 	 -0.26325 	 0 	 0
0.197 	 -0.263 	 0 	 0
0.19725 	 -0.26275 	 0 	 0
0.1975 	 -0.2625 	 0 	 0
0.19775 	 -0.26225 	 0 	 0
0.198 	 -0.262 	 0 	 0
0.19825 	 -0.26175 	 0 	 0
0.1985 	 -0.2615 	 0 	 0
0.19875 	 -0.26125 	 0 	 0
0.199 	 -0.261 	 0 	 0
0.19925 	 -0.26075 	 0 	 0
0.1995 	 -0.2605 	 0 	 0
0.19975 	 -0.26025 	 0 	 0
0.2 	 -0.26 	 0 	 0
0.20025 	 -0.25975 	 0 	 0
0.2005 	 -0.2595 	 0 	 0
0.20075 	 -0.25925 	 0 	 0
0.201 	 -0.259 	 0 	 0
0.20125 	 -0.25875 	 0 	 0
0.2015 	 -0.2585 	 0 	 0
0.20175 	 -0.25825 	 0 	 0
0.202 	 -0.258 	 0 	 0
0.20225 	 -0.25775 	 0 	 0
0.2025 	 -0.2575 	 0 	 0
0.20275 	 -0.25725 	 0 	 0
0.203 	 -0.257 	 0 	 0
0.20325 	 -0.25675 	 0 	 0
0.2035 	 -0.2565 	 0 	 0
0.20375 	 -0.25625 	 0 	 0
0.204 	 -0.256 	 0 	 0
0.20425 	 -0.25575 	 0 	 0
0.2045 	 -0.2555 	 0 	 0
0.20475 	 -0.25525 	 0 	 0
0.205 	 -0.255 	 0 	 0
0.20525 	 -0.25475 	 0 	 0
0.2055 	 -0.2545 	 0 	 0
0.20575 	 -0.25425 	 0 	 0
0.206 	 -0.254 	 0 	 0
0.20625 	 -0.25375 	 0 	 0
0.2065 	 -0.2535 	 0 	 0
0.20675 	 -0.25325 	 0 	 0
0.207 	 -0.253 	 0 	 0
0.20725 	 -0.25275 	 0 	 0
0.2075 	 -0.2525 	 0 	 0
0.20775 	 -0.25225 	 0 	 0
0.208 	 -0.252 	 0 	 0
0.20825 	 -0.25175 	 0 	 0
0.2085 	 -0.2515 	 0 	 0
0.20875 	 -0.25125 	 0 	 0
0.209 	 -0.251 	 0 	 0
0.20925 	 -0.25075 	 0 	 0
0.2095 	 -0.2505 	 0 	 0
0.20975 	 -0.25025 	 0 	 0
0.21 	 -0.25 	 0 	 0
0.21025 	 -0.24975 	 0 	 0
0.2105 	 -0.2495 	 0 	 0
0.21075 	 -0.24925 	 0 	 0
0.211 	 -0.249 	 0 	 0
0.21125 	 -0.24875 	 0 	 0
0.2115 	 -0.2485 	 0 	 0
0.21175 	 -0.24825 	 0 	 0
0.212 	 -0.248 	 0 	 0
0.21225 	 -0.24775 	 0 	 0
0.2125 	 -0.2475 	 0 	 0
0.21275 	 -0.24725 	 0 	 0
0.213 	 -0.247 	 0 	 0
0.21325 	 -0.24675 	 0 	 0
0.2135 	 -0.2465 	 0 	 0
0.21375 	 -0.24625 	 0 	 0
0.214 	 -0.246 	 0 	 0
0.21425 	 -0.24575 	 0 	 0
0.2145 	 -0.2455 	 0 	 0
0.21475 	 -0.24525 	 0 	 0
0.215 	 -0.245 	 0 	 0
0.21525 	 -0.24475 	 0 	 0
0.2155 	 -0.2445 	 0 	 0
0.21575 	 -0.24425 	 0 	 0
0.216 	 -0.244 	 0 	 0
0.21625 	 -0.24375 	 0 	 0
0.2165 	 -0.2435 	 0 	 0
0.21675 	 -0.24325 	 0 	 0
0.217 	 -0.243 	 0 	 0
0.21725 	 -0.24275 	 0 	 0
0.2175 	 -0.2425 	 0 	 0
0.21775 	 -0.24225 	 0 	 0
0.218 	 -0.242 	 0 	 0
0.21825 	 -0.24175 	 0 	 0
0.2185 	 -0.2415 	 0 	 0
0.21875 	 -0.24125 	 0 	 0
0.219 	 -0.241 	 0 	 0
0.21925 	 -0.24075 	 0 	 0
0.2195 	 -0.2405 	 0 	 0
0.21975 	 -0.24025 	 0 	 0
0.22 	 -0.24 	 0 	 0
0.22025 	 -0.23975 	 0 	 0
0.2205 	 -0.2395 	 0 	 0
0.22075 	 -0.23925 	 0 	 0
0.221 	 -0.239 	 0 	 0
0.22125 	 -0.23875 	 0 	 0
0.2215 	 -0.2385 	 0 	 0
0.22175 	 -0.23825 	 0 	 0
0.222 	 -0.238 	 0 	 0
0.22225 	 -0.23775 	 0 	 0
0.2225 	 -0.2375 	 0 	 0
0.22275 	 -0.23725 	 0 	 0
0.223 	 -0.237 	 0 	 0
0.22325 	 -0.23675 	 0 	 0
0.2235 	 -0.2365 	 0 	 0
0.22375 	 -0.23625 	 0 	 0
0.224 	 -0.236 	 0 	 0
0.22425 	 -0.23575 	 0 	 0
0.2245 	 -0.2355 	 0 	 0
0.22475 	 -0.23525 	 0 	 0
0.225 	 -0.235 	 0 	 0
0.22525 	 -0.23475 	 0 	 0
0.2255 	 -0.2345 	 0 	 0
0.22575 	 -0.23425 	 0 	 0
0.226 	 -0.234 	 0 	 0
0.22625 	 -0.23375 	 0 	 0
0.2265 	 -0.2335 	 0 	 0
0.22675 	 -0.23325 	 0 	 0
0.227 	 -0.233 	 0 	 0
0.22725 	 -0.23275 	 0 	 0
0.2275 	 -0.2325 	 0 	 0
0.22775 	 -0.23225 	 0 	 0
0.228 	 -0.232 	 0 	 0
0.22825 	 -0.23175 	 0 	 0
0.2285 	 -0.2315 	 0 	 0
0.22875 	 -0.23125 	 0 	 0
0.229 	 -0.231 	 0 	 0
0.22925 	 -0.23075 	 0 	 0
0.2295 	 -0.2305 	 0 	 0
0.22975 	 -0.23025 	 0 	 0
0.23 	 -0.23 	 0 	 0
0.23025 	 -0.22975 	 0 	 0
0.2305 	 -0.2295 	 0 	 0
0.23075 	 -0.22925 	 0 	 0
0.231 	 -0.229 	 0 	 0
0.23125 	 -0.22875 	 0 	 0
0.2315 	 -0.2285 	 0 	 0
0.23175 	 -0.22825 	 0 	 0
0.232 	 -0.228 	 0 	 0
0.23225 	 -0.22775 	 0 	 0
0.2325 	 -0.2275 	 0 	 0
0.23275 	 -0.22725 	 0 	 0
0.233 	 -0.227 	 0 	 0
0.23325 	 -0.22675 	 0 	 0
0.2335 	 -0.2265 	 0 	 0
0.23375 	 -0.22625 	 0 	 0
0.234 	 -0.226 	 0 	 0
0.23425 	 -0.22575 	 0 	 0
0.2345 	 -0.2255 	 0 	 0
0.23475 	 -0.22525 	 0 	 0
0.235 	 -0.225 	 0 	 0
0.23525 	 -0.22475 	 0 	 0
0.2355 	 -0.2245 	 0 	 0
0.23575 	 -0.22425 	 0 	 0
0.236 	 -0.224 	 0 	 0
0.23625 	 -0.22375 	 0 	 0
0.2365 	 -0.2235 	 0 	 0
0.23675 	 -0.22325 	 0 	 0
0.237 	 -0.223 	 0 	 0
0.23725 	 -0.22275 	 0 	 0
0.2375 	 -0.2225 	 0 	 0
0.23775 	 -0.22225 	 0 	 0
0.238 	 -0.222 	 0 	 0
0.23825 	 -0.22175 	 0 	 0
0.2385 	 -0.2215 	 0 	 0
0.23875 	 -0.22125 	 0 	 0
0.239 	 -0.221 	 0 	 0
0.23925 	 -0.22075 	 0 	 0
0.2395 	 -0.2205 	 0 	 0
0.23975 	 -0.22025 	 0 	 0
0.24 	 -0.22 	 0 	 0
0.24025 	 -0.21975 	 0 	 0
0.2405 	 -0.2195 	 0 	 0
0.24075 	 -0.21925 	 0 	 0
0.241 	 -0.219 	 0 	 0
0.24125 	 -0.21875 	 0 	 0
0.2415 	 -0.2185 	 0 	 0
0.24175 	 -0.21825 	 0 	 0
0.242 	 -0.218 	 0 	 0
0.24225 	 -0.21775 	 0 	 0
0.2425 	 -0.2175 	 0 	 0
0.24275 	 -0.21725 	 0 	 0
0.243 	 -0.217 	 0 	 0
0.24325 	 -0.21675 	 0 	 0
0.2435 	 -0.2165 	 0 	 0
0.24375 	 -0.21625 	 0 	 0
0.244 	 -0.216 	 0 	 0
0.24425 	 -0.21575 	 0 	 0
0.2445 	 -0.2155 	 0 	 0
0.24475 	 -0.21525 	 0 	 0
0.245 	 -0.215 	 0 	 0
0.24525 	 -0.21475 	 0 	 0
0.2455 	 -0.2145 	 0 	 0
0.24575 	 -0.21425 	 0 	 0
0.246 	 -0.214 	 0 	 0
0.24625 	 -0.21375 	 0 	 0
0.2465 	 -0.2135 	 0 	 0
0.24675 	 -0.21325 	 0 	 0
0.247 	 -0.213 	 0 	 0
0.24725 	 -0.21275 	 0 	 0
0.2475 	 -0.2125 	 0 	 0
0.24775 	 -0.21225 	 0 	 0
0.248 	 -0.212 	 0 	 0
0.24825 	 -0.21175 	 0 	 0
0.2485 	 -0.2115 	 0 	 0
0.24875 	 -0.21125 	 0 	 0
0.249 	 -0.211 	 0 	 0
0.24925 	 -0.21075 	 0 	 0
0.2495 	 -0.2105 	 0 	 0
0.24975 	 -0.21025 	 0 	 0
0.25 	 -0.21 	 0 	 0
0.25025 	 -0.20975 	 0 	 0
0.2505 	 -0.2095 	 0 	 0
0.25075 	 -0.20925 	 0 	 0
0.251 	 -0.209 	 0 	 0
0.25125 	 -0.20875 	 0 	 0
0.2515 	 -0.2085 	 0 	 0
0.25175 	 -0.20825 	 0 	 0
0.252 	 -0.208 	 0 	 0
0.25225 	 -0.20775 	 0 	 0
0.2525 	 -0.2075 	 0 	 0
0.25275 	 -0.20725 	 0 	 0
0.253 	 -0.207 	 0 	 0
0.25325 	 -0.20675 	 0 	 0
0.2535 	 -0.2065 	 0 	 0
0.25375 	 -0.20625 	 0 	 0
0.254 	 -0.206 	 0 	 0
0.25425 	 -0.20575 	 0 	 0
0.2545 	 -0.2055 	 0 	 0
0.25475 	 -0.20525 	 0 	 0
0.255 	 -0.205 	 0 	 0
0.25525 	 -0.20475 	 0 	 0
0.2555 	 -0.2045 	 0 	 0
0.25575 	 -0.20425 	 0 	 0
0.256 	 -0.204 	 0 	 0
0.25625 	 -0.20375 	 0 	 0
0.2565 	 -0.2035 	 0 	 0
0.25675 	 -0.20325 	 0 	 0
0.257 	 -0.203 	 0 	 0
0.25725 	 -0.20275 	 0 	 0
0.2575 	 -0.2025 	 0 	 0
0.25775 	 -0.20225 	 0 	 0
0.258 	 -0.202 	 0 	 0
0.25825 	 -0.20175 	 0 	 0
0.2585 	 -0.2015 	 0 	 0
0.25875 	 -0.20125 	 0 	 0
0.259 	 -0.201 	 0 	 0
0.25925 	 -0.20075 	 0 	 0
0.2595 	 -0.2005 	 0 	 0
0.25975 	 -0.20025 	 0 	 0
0.26 	 -0.2 	 0 	 0
0.26025 	 -0.19975 	 0 	 0
0.2605 	 -0.1995 	 0 	 0
0.26075 	 -0.19925 	 0 	 0
0.261 	 -0.199 	 0 	 0
0.26125 	 -0.19875 	 0 	 0
0.2615 	 -0.1985 	 0 	 0
0.26175 	 -0.19825 	 0 	 0
0.262 	 -0.198 	 0 	 0
0.26225 	 -0.19775 	 0 	 0
0.2625 	 -0.1975 	 0 	 0
0.26275 	 -0.19725 	 0 	 0
0.263 	 -0.197 	 0 	 0
0.26325 	 -0.19675 	 0 	 0
0.2635 	 -0.1965 	 0 	 0
0.26375 	 -0.19625 	 0 	 0
0.264 	 -0.196 	 0 	 0
0.26425 	 -0.19575 	 0 	 0
0.2645 	 -0.1955 	 0 	 0
0.26475 	 -0.19525 	 0 	 0
0.265 	 -0.195 	 0 	 0
0.26525 	 -0.19475 	 0 	 0
0.2655 	 -0.1945 	 0 	 0
0.26575 	 -0.19425 	 0 	 0
0.266 	 -0.194 	 0 	 0
0.26625 	 -0.19375 	 0 	 0
0.2665 	 -0.1935 	 0 	 0
0.26675 	 -0.19325 	 0 	 0
0.267 	 -0.193 	 0 	 0
0.26725 	 -0.19275 	 0 	 0
0.2675 	 -0.1925 	 0 	 0
0.26775 	 -0.19225 	 0 	 0
0.268 	 -0.192 	 0 	 0
0.26825 	 -0.19175 	 0 	 0
0.2685 	 -0.1915 	 0 	 0
0.26875 	 -0.19125 	 0 	 0
0.269 	 -0.191 	 0 	 0
0.26925 	 -0.19075 	 0 	 0
0.2695 	 -0.1905 	 0 	 0
0.26975 	 -0.19025 	 0 	 0
0.27 	 -0.19 	 0 	 0
0.27025 	 -0.18975 	 0 	 0
0.2705 	 -0.1895 	 0 	 0
0.27075 	 -0.18925 	 0 	 0
0.271 	 -0.189 	 0 	 0
0.27125 	 -0.18875 	 0 	 0
0.2715 	 -0.1885 	 0 	 0
0.27175 	 -0.18825 	 0 	 0
0.272 	 -0.188 	 0 	 0
0.27225 	 -0.18775 	 0 	 0
0.2725 	 -0.1875 	 0 	 0
0.27275 	 -0.18725 	 0 	 0
0.273 	 -0.187 	 0 	 0
0.27325 	 -0.18675 	 0 	 0
0.2735 	 -0.1865 	 0 	 0
0.27375 	 -0.18625 	 0 	 0
0.274 	 -0.186 	 0 	 0
0.27425 	 -0.18575 	 0 	 0
0.2745 	 -0.1855 	 0 	 0
0.27475 	 -0.18525 	 0 	 0
0.275 	 -0.185 	 0 	 0
0.27525 	 -0.18475 	 0 	 0
0.2755 	 -0.1845 	 0 	 0
0.27575 	 -0.18425 	 0 	 0
0.276 	 -0.184 	 0 	 0
0.27625 	 -0.18375 	 0 	 0
0.2765 	 -0.1835 	 0 	 0
0.27675 	 -0.18325 	 0 	 0
0.277 	 -0.183 	 0 	 0
0.27725 	 -0.18275 	 0 	 0
0.2775 	 -0.1825 	 0 	 0
0.27775 	 -0.18225 	 0 	 0
0.278 	 -0.182 	 0 	 0
0.27825 	 -0.18175 	 0 	 0
0.2785 	 -0.1815 	 0 	 0
0.27875 	 -0.18125 	 0 	 0
0.279 	 -0.181 	 0 	 0
0.27925 	 -0.18075 	 0 	 0
0.2795 	 -0.1805 	 0 	 0
0.27975 	 -0.18025 	 0 	 0
0.28 	 -0.18 	 0 	 0
0.28025 	 -0.17975 	 0 	 0
0.2805 	 -0.1795 	 0 	 0
0.28075 	 -0.17925 	 0 	 0
0.281 	 -0.179 	 0 	 0
0.28125 	 -0.17875 	 0 	 0
0.2815 	 -0.1785 	 0 	 0
0.28175 	 -0.17825 	 0 	 0
0.282 	 -0.178 	 0 	 0
0.28225 	 -0.17775 	 0 	 0
0.2825 	 -0.1775 	 0 	 0
0.28275 	 -0.17725 	 0 	 0
0.283 	 -0.177 	 0 	 0
0.28325 	 -0.17675 	 0 	 0
0.2835 	 -0.1765 	 0 	 0
0.28375 	 -0.17625 	 0 	 0
0.284 	 -0.176 	 0 	 0
0.28425 	 -0.17575 	 0 	 0
0.2845 	 -0.1755 	 0 	 0
0.28475 	 -0.17525 	 0 	 0
0.285 	 -0.175 	 0 	 0
0.28525 	 -0.17475 	 0 	 0
0.2855 	 -0.1745 	 0 	 0
0.28575 	 -0.17425 	 0 	 0
0.286 	 -0.174 	 0 	 0
0.28625 	 -0.17375 	 0 	 0
0.2865 	 -0.1735 	 0 	 0
0.28675 	 -0.17325 	 0 	 0
0.287 	 -0.173 	 0 	 0
0.28725 	 -0.17275 	 0 	 0
0.2875 	 -0.1725 	 0 	 0
0.28775 	 -0.17225 	 0 	 0
0.288 	 -0.172 	 0 	 0
0.28825 	 -0.17175 	 0 	 0
0.2885 	 -0.1715 	 0 	 0
0.28875 	 -0.17125 	 0 	 0
0.289 	 -0.171 	 0 	 0
0.28925 	 -0.17075 	 0 	 0
0.2895 	 -0.1705 	 0 	 0
0.28975 	 -0.17025 	 0 	 0
0.29 	 -0.17 	 0 	 0
0.29025 	 -0.16975 	 0 	 0
0.2905 	 -0.1695 	 0 	 0
0.29075 	 -0.16925 	 0 	 0
0.291 	 -0.169 	 0 	 0
0.29125 	 -0.16875 	 0 	 0
0.2915 	 -0.1685 	 0 	 0
0.29175 	 -0.16825 	 0 	 0
0.292 	 -0.168 	 0 	 0
0.29225 	 -0.16775 	 0 	 0
0.2925 	 -0.1675 	 0 	 0
0.29275 	 -0.16725 	 0 	 0
0.293 	 -0.167 	 0 	 0
0.29325 	 -0.16675 	 0 	 0
0.2935 	 -0.1665 	 0 	 0
0.29375 	 -0.16625 	 0 	 0
0.294 	 -0.166 	 0 	 0
0.29425 	 -0.16575 	 0 	 0
0.2945 	 -0.1655 	 0 	 0
0.29475 	 -0.16525 	 0 	 0
0.295 	 -0.165 	 0 	 0
0.29525 	 -0.16475 	 0 	 0
0.2955 	 -0.1645 	 0 	 0
0.29575 	 -0.16425 	 0 	 0
0.296 	 -0.164 	 0 	 0
0.29625 	 -0.16375 	 0 	 0
0.2965 	 -0.1635 	 0 	 0
0.29675 	 -0.16325 	 0 	 0
0.297 	 -0.163 	 0 	 0
0.29725 	 -0.16275 	 0 	 0
0.2975 	 -0.1625 	 0 	 0
0.29775 	 -0.16225 	 0 	 0
0.298 	 -0.162 	 0 	 0
0.29825 	 -0.16175 	 0 	 0
0.2985 	 -0.1615 	 0 	 0
0.29875 	 -0.16125 	 0 	 0
0.299 	 -0.161 	 0 	 0
0.29925 	 -0.16075 	 0 	 0
0.2995 	 -0.1605 	 0 	 0
0.29975 	 -0.16025 	 0 	 0
0.3 	 -0.16 	 0 	 0
0.30025 	 -0.15975 	 0 	 0
0.3005 	 -0.1595 	 0 	 0
0.30075 	 -0.15925 	 0 	 0
0.301 	 -0.159 	 0 	 0
0.30125 	 -0.15875 	 0 	 0
0.3015 	 -0.1585 	 0 	 0
0.30175 	 -0.15825 	 0 	 0
0.302 	 -0.158 	 0 	 0
0.30225 	 -0.15775 	 0 	 0
0.3025 	 -0.1575 	 0 	 0
0.30275 	 -0.15725 	 0 	 0
0.303 	 -0.157 	 0 	 0
0.30325 	 -0.15675 	 0 	 0
0.3035 	 -0.1565 	 0 	 0
0.30375 	 -0.15625 	 0 	 0
0.304 	 -0.156 	 0 	 0
0.30425 	 -0.15575 	 0 	 0
0.3045 	 -0.1555 	 0 	 0
0.30475 	 -0.15525 	 0 	 0
0.305 	 -0.155 	 0 	 0
0.30525 	 -0.15475 	 0 	 0
0.3055 	 -0.1545 	 0 	 0
0.30575 	 -0.15425 	 0 	 0
0.306 	 -0.154 	 0 	 0
0.30625 	 -0.15375 	 0 	 0
0.3065 	 -0.1535 	 0 	 0
0.30675 	 -0.15325 	 0 	 0
0.307 	 -0.153 	 0 	 0
0.30725 	 -0.15275 	 0 	 0
0.3075 	 -0.1525 	 0 	 0
0.30775 	 -0.15225 	 0 	 0
0.308 	 -0.152 	 0 	 0
0.30825 	 -0.15175 	 0 	 0
0.3085 	 -0.1515 	 0 	 0
0.30875 	 -0.15125 	 0 	 0
0.309 	 -0.151 	 0 	 0
0.30925 	 -0.15075 	 0 	 0
0.3095 	 -0.1505 	 0 	 0
0.30975 	 -0.15025 	 0 	 0
0.31 	 -0.15 	 0 	 0
0.31025 	 -0.14975 	 0 	 0
0.3105 	 -0.1495 	 0 	 0
0.31075 	 -0.14925 	 0 	 0
0.311 	 -0.149 	 0 	 0
0.31125 	 -0.14875 	 0 	 0
0.3115 	 -0.1485 	 0 	 0
0.31175 	 -0.14825 	 0 	 0
0.312 	 -0.148 	 0 	 0
0.31225 	 -0.14775 	 0 	 0
0.3125 	 -0.1475 	 0 	 0
0.31275 	 -0.14725 	 0 	 0
0.313 	 -0.147 	 0 	 0
0.31325 	 -0.14675 	 0 	 0
0.3135 	 -0.1465 	 0 	 0
0.31375 	 -0.14625 	 0 	 0
0.314 	 -0.146 	 0 	 0
0.31425 	 -0.14575 	 0 	 0
0.3145 	 -0.1455 	 0 	 0
0.31475 	 -0.14525 	 0 	 0
0.315 	 -0.145 	 0 	 0
0.31525 	 -0.14475 	 0 	 0
0.3155 	 -0.1445 	 0 	 0
0.31575 	 -0.14425 	 0 	 0
0.316 	 -0.144 	 0 	 0
0.31625 	 -0.14375 	 0 	 0
0.3165 	 -0.1435 	 0 	 0
0.31675 	 -0.14325 	 0 	 0
0.317 	 -0.143 	 0 	 0
0.31725 	 -0.14275 	 0 	 0
0.3175 	 -0.1425 	 0 	 0
0.31775 	 -0.14225 	 0 	 0
0.318 	 -0.142 	 0 	 0
0.31825 	 -0.14175 	 0 	 0
0.3185 	 -0.1415 	 0 	 0
0.31875 	 -0.14125 	 0 	 0
0.319 	 -0.141 	 0 	 0
0.31925 	 -0.14075 	 0 	 0
0.3195 	 -0.1405 	 0 	 0
0.31975 	 -0.14025 	 0 	 0
0.32 	 -0.14 	 0 	 0
0.32025 	 -0.13975 	 0 	 0
0.3205 	 -0.1395 	 0 	 0
0.32075 	 -0.13925 	 0 	 0
0.321 	 -0.139 	 0 	 0
0.32125 	 -0.13875 	 0 	 0
0.3215 	 -0.1385 	 0 	 0
0.32175 	 -0.13825 	 0 	 0
0.322 	 -0.138 	 0 	 0
0.32225 	 -0.13775 	 0 	 0
0.3225 	 -0.1375 	 0 	 0
0.32275 	 -0.13725 	 0 	 0
0.323 	 -0.137 	 0 	 0
0.32325 	 -0.13675 	 0 	 0
0.3235 	 -0.1365 	 0 	 0
0.32375 	 -0.13625 	 0 	 0
0.324 	 -0.136 	 0 	 0
0.32425 	 -0.13575 	 0 	 0
0.3245 	 -0.1355 	 0 	 0
0.32475 	 -0.13525 	 0 	 0
0.325 	 -0.135 	 0 	 0
0.32525 	 -0.13475 	 0 	 0
0.3255 	 -0.1345 	 0 	 0
0.32575 	 -0.13425 	 0 	 0
0.326 	 -0.134 	 0 	 0
0.32625 	 -0.13375 	 0 	 0
0.3265 	 -0.1335 	 0 	 0
0.32675 	 -0.13325 	 0 	 0
0.327 	 -0.133 	 0 	 0
0.32725 	 -0.13275 	 0 	 0
0.3275 	 -0.1325 	 0 	 0
0.32775 	 -0.13225 	 0 	 0
0.328 	 -0.132 	 0 	 0
0.32825 	 -0.13175 	 0 	 0
0.3285 	 -0.1315 	 0 	 0
0.32875 	 -0.13125 	 0 	 0
0.329 	 -0.131 	 0 	 0
0.32925 	 -0.13075 	 0 	 0
0.3295 	 -0.1305 	 0 	 0
0.32975 	 -0.13025 	 0 	 0
0.33 	 -0.13 	 0 	 0
0.33025 	 -0.12975 	 0 	 0
0.3305 	 -0.1295 	 0 	 0
0.33075 	 -0.12925 	 0 	 0
0.331 	 -0.129 	 0 	 0
0.33125 	 -0.12875 	 0 	 0
0.3315 	 -0.1285 	 0 	 0
0.33175 	 -0.12825 	 0 	 0
0.332 	 -0.128 	 0 	 0
0.33225 	 -0.12775 	 0 	 0
0.3325 	 -0.1275 	 0 	 0
0.33275 	 -0.12725 	 0 	 0
0.333 	 -0.127 	 0 	 0
0.33325 	 -0.12675 	 0 	 0
0.3335 	 -0.1265 	 0 	 0
0.33375 	 -0.12625 	 0 	 0
0.334 	 -0.126 	 0 	 0
0.33425 	 -0.12575 	 0 	 0
0.3345 	 -0.1255 	 0 	 0
0.33475 	 -0.12525 	 0 	 0
0.335 	 -0.125 	 0 	 0
0.33525 	 -0.12475 	 0 	 0
0.3355 	 -0.1245 	 0 	 0
0.33575 	 -0.12425 	 0 	 0
0.336 	 -0.124 	 0 	 0
0.33625 	 -0.12375 	 0 	 0
0.3365 	 -0.1235 	 0 	 0
0.33675 	 -0.12325 	 0 	 0
0.337 	 -0.123 	 0 	 0
0.33725 	 -0.12275 	 0 	 0
0.3375 	 -0.1225 	 0 	 0
0.33775 	 -0.12225 	 0 	 0
0.338 	 -0.122 	 0 	 0
0.33825 	 -0.12175 	 0 	 0
0.3385 	 -0.1215 	 0 	 0
0.33875 	 -0.12125 	 0 	 0
0.339 	 -0.121 	 0 	 0
0.33925 	 -0.12075 	 0 	 0
0.3395 	 -0.1205 	 0 	 0
0.33975 	 -0.12025 	 0 	 0
0.34 	 -0.12 	 0 	 0
0.34025 	 -0.11975 	 0 	 0
0.3405 	 -0.1195 	 0 	 0
0.34075 	 -0.11925 	 0 	 0
0.341 	 -0.119 	 0 	 0
0.34125 	 -0.11875 	 0 	 0
0.3415 	 -0.1185 	 0 	 0
0.34175 	 -0.11825 	 0 	 0
0.342 	 -0.118 	 0 	 0
0.34225 	 -0.11775 	 0 	 0
0.3425 	 -0.1175 	 0 	 0
0.34275 	 -0.11725 	 0 	 0
0.343 	 -0.117 	 0 	 0
0.34325 	 -0.11675 	 0 	 0
0.3435 	 -0.1165 	 0 	 0
0.34375 	 -0.11625 	 0 	 0
0.344 	 -0.116 	 0 	 0
0.34425 	 -0.11575 	 0 	 0
0.3445 	 -0.1155 	 0 	 0
0.34475 	 -0.11525 	 0 	 0
0.345 	 -0.115 	 0 	 0
0.34525 	 -0.11475 	 0 	 0
0.3455 	 -0.1145 	 0 	 0
0.34575 	 -0.11425 	 0 	 0
0.346 	 -0.114 	 0 	 0
0.34625 	 -0.11375 	 0 	 0
0.3465 	 -0.1135 	 0 	 0
0.34675 	 -0.11325 	 0 	 0
0.347 	 -0.113 	 0 	 0
0.34725 	 -0.11275 	 0 	 0
0.3475 	 -0.1125 	 0 	 0
0.34775 	 -0.11225 	 0 	 0
0.348 	 -0.112 	 0 	 0
0.34825 	 -0.11175 	 0 	 0
0.3485 	 -0.1115 	 0 	 0
0.34875 	 -0.11125 	 0 	 0
0.349 	 -0.111 	 0 	 0
0.34925 	 -0.11075 	 0 	 0
0.3495 	 -0.1105 	 0 	 0
0.34975 	 -0.11025 	 0 	 0
0.35 	 -0.11 	 0 	 0
0.35025 	 -0.10975 	 0 	 0
0.3505 	 -0.1095 	 0 	 0
0.35075 	 -0.10925 	 0 	 0
0.351 	 -0.109 	 0 	 0
0.35125 	 -0.10875 	 0 	 0
0.3515 	 -0.1085 	 0 	 0
0.35175 	 -0.10825 	 0 	 0
0.352 	 -0.108 	 0 	 0
0.35225 	 -0.10775 	 0 	 0
0.3525 	 -0.1075 	 0 	 0
0.35275 	 -0.10725 	 0 	 0
0.353 	 -0.107 	 0 	 0
0.35325 	 -0.10675 	 0 	 0
0.3535 	 -0.1065 	 0 	 0
0.35375 	 -0.10625 	 0 	 0
0.354 	 -0.106 	 0 	 0
0.35425 	 -0.10575 	 0 	 0
0.3545 	 -0.1055 	 0 	 0
0.35475 	 -0.10525 	 0 	 0
0.355 	 -0.105 	 0 	 0
0.35525 	 -0.10475 	 0 	 0
0.3555 	 -0.1045 	 0 	 0
0.35575 	 -0.10425 	 0 	 0
0.356 	 -0.104 	 0 	 0
0.35625 	 -0.10375 	 0 	 0
0.3565 	 -0.1035 	 0 	 0
0.35675 	 -0.10325 	 0 	 0
0.357 	 -0.103 	 0 	 0
0.35725 	 -0.10275 	 0 	 0
0.3575 	 -0.1025 	 0 	 0
0.35775 	 -0.10225 	 0 	 0
0.358 	 -0.102 	 0 	 0
0.35825 	 -0.10175 	 0 	 0
0.3585 	 -0.1015 	 0 	 0
0.35875 	 -0.10125 	 0 	 0
0.359 	 -0.101 	 0 	 0
0.35925 	 -0.10075 	 0 	 0
0.3595 	 -0.1005 	 0 	 0
0.35975 	 -0.10025 	 0 	 0
0.36 	 -0.1 	 0 	 0
0.36025 	 -0.09975 	 0 	 0
0.3605 	 -0.0995 	 0 	 0
0.36075 	 -0.09925 	 0 	 0
0.361 	 -0.099 	 0 	 0
0.36125 	 -0.09875 	 0 	 0
0.3615 	 -0.0985 	 0 	 0
0.36175 	 -0.09825 	 0 	 0
0.362 	 -0.098 	 0 	 0
0.36225 	 -0.09775 	 0 	 0
0.3625 	 -0.0975 	 0 	 0
0.36275 	 -0.09725 	 0 	 0
0.363 	 -0.097 	 0 	 0
0.36325 	 -0.09675 	 0 	 0
0.3635 	 -0.0965 	 0 	 0
0.36375 	 -0.09625 	 0 	 0
0.364 	 -0.096 	 0 	 0
0.36425 	 -0.09575 	 0 	 0
0.3645 	 -0.0955 	 0 	 0
0.36475 	 -0.09525 	 0 	 0
0.365 	 -0.095 	 0 	 0
0.36525 	 -0.09475 	 0 	 0
0.3655 	 -0.0945 	 0 	 0
0.36575 	 -0.09425 	 0 	 0
0.366 	 -0.094 	 0 	 0
0.36625 	 -0.09375 	 0 	 0
0.3665 	 -0.0935 	 0 	 0
0.36675 	 -0.09325 	 0 	 0
0.367 	 -0.093 	 0 	 0
0.36725 	 -0.09275 	 0 	 0
0.3675 	 -0.0925 	 0 	 0
0.36775 	 -0.09225 	 0 	 0
0.368 	 -0.092 	 0 	 0
0.36825 	 -0.09175 	 0 	 0
0.3685 	 -0.0915 	 0 	 0
0.36875 	 -0.09125 	 0 	 0
0.369 	 -0.091 	 0 	 0
0.36925 	 -0.09075 	 0 	 0
0.3695 	 -0.0905 	 0 	 0
0.36975 	 -0.09025 	 0 	 0
0.37 	 -0.09 	 0 	 0
0.37025 	 -0.08975 	 0 	 0
0.3705 	 -0.0895 	 0 	 0
0.37075 	 -0.08925 	 0 	 0
0.371 	 -0.089 	 0 	 0
0.37125 	 -0.08875 	 0 	 0
0.3715 	 -0.0885 	 0 	 0
0.37175 	 -0.08825 	 0 	 0
0.372 	 -0.088 	 0 	 0
0.37225 	 -0.08775 	 0 	 0
0.3725 	 -0.0875 	 0 	 0
0.37275 	 -0.08725 	 0 	 0
0.373 	 -0.087 	 0 	 0
0.37325 	 -0.08675 	 0 	 0
0.3735 	 -0.0865 	 0 	 0
0.37375 	 -0.08625 	 0 	 0
0.374 	 -0.086 	 0 	 0
0.37425 	 -0.08575 	 0 	 0
0.3745 	 -0.0855 	 0 	 0
0.37475 	 -0.08525 	 0 	 0
0.375 	 -0.085 	 0 	 0
0.37525 	 -0.08475 	 0 	 0
0.3755 	 -0.0845 	 0 	 0
0.37575 	 -0.08425 	 0 	 0
0.376 	 -0.084 	 0 	 0
0.37625 	 -0.08375 	 0 	 0
0.3765 	 -0.0835 	 0 	 0
0.37675 	 -0.08325 	 0 	 0
0.377 	 -0.083 	 0 	 0
0.37725 	 -0.08275 	 0 	 0
0.3775 	 -0.0825 	 0 	 0
0.37775 	 -0.08225 	 0 	 0
0.378 	 -0.082 	 0 	 0
0.37825 	 -0.08175 	 0 	 0
0.3785 	 -0.0815 	 0 	 0
0.37875 	 -0.08125 	 0 	 0
0.379 	 -0.081 	 0 	 0
0.37925 	 -0.08075 	 0 	 0
0.3795 	 -0.0805 	 0 	 0
0.37975 	 -0.08025 	 0 	 0
0.38 	 -0.08 	 0 	 0
0.38025 	 -0.07975 	 0 	 0
0.3805 	 -0.0795 	 0 	 0
0.38075 	 -0.07925 	 0 	 0
0.381 	 -0.079 	 0 	 0
0.38125 	 -0.07875 	 0 	 0
0.3815 	 -0.0785 	 0 	 0
0.38175 	 -0.07825 	 0 	 0
0.382 	 -0.078 	 0 	 0
0.38225 	 -0.07775 	 0 	 0
0.3825 	 -0.0775 	 0 	 0
0.38275 	 -0.07725 	 0 	 0
0.383 	 -0.077 	 0 	 0
0.38325 	 -0.07675 	 0 	 0
0.3835 	 -0.0765 	 0 	 0
0.38375 	 -0.07625 	 0 	 0
0.384 	 -0.076 	 0 	 0
0.38425 	 -0.07575 	 0 	 0
0.3845 	 -0.0755 	 0 	 0
0.38475 	 -0.07525 	 0 	 0
0.385 	 -0.075 	 0 	 0
0.38525 	 -0.07475 	 0 	 0
0.3855 	 -0.0745 	 0 	 0
0.38575 	 -0.07425 	 0 	 0
0.386 	 -0.074 	 0 	 0
0.38625 	 -0.07375 	 0 	 0
0.3865 	 -0.0735 	 0 	 0
0.38675 	 -0.07325 	 0 	 0
0.387 	 -0.073 	 0 	 0
0.38725 	 -0.07275 	 0 	 0
0.3875 	 -0.0725 	 0 	 0
0.38775 	 -0.07225 	 0 	 0
0.388 	 -0.072 	 0 	 0
0.38825 	 -0.07175 	 0 	 0
0.3885 	 -0.0715 	 0 	 0
0.38875 	 -0.07125 	 0 	 0
0.389 	 -0.071 	 0 	 0
0.38925 	 -0.07075 	 0 	 0
0.3895 	 -0.0705 	 0 	 0
0.38975 	 -0.07025 	 0 	 0
0.39 	 -0.07 	 0 	 0
0.39025 	 -0.06975 	 0 	 0
0.3905 	 -0.0695 	 0 	 0
0.39075 	 -0.06925 	 0 	 0
0.391 	 -0.069 	 0 	 0
0.39125 	 -0.06875 	 0 	 0
0.3915 	 -0.0685 	 0 	 0
0.39175 	 -0.06825 	 0 	 0
0.392 	 -0.068 	 0 	 0
0.39225 	 -0.06775 	 0 	 0
0.3925 	 -0.0675 	 0 	 0
0.39275 	 -0.06725 	 0 	 0
0.393 	 -0.067 	 0 	 0
0.39325 	 -0.06675 	 0 	 0
0.3935 	 -0.0665 	 0 	 0
0.39375 	 -0.06625 	 0 	 0
0.394 	 -0.066 	 0 	 0
0.39425 	 -0.06575 	 0 	 0
0.3945 	 -0.0655 	 0 	 0
0.39475 	 -0.06525 	 0 	 0
0.395 	 -0.065 	 0 	 0
0.39525 	 -0.06475 	 0 	 0
0.3955 	 -0.0645 	 0 	 0
0.39575 	 -0.06425 	 0 	 0
0.396 	 -0.064 	 0 	 0
0.39625 	 -0.06375 	 0 	 0
0.3965 	 -0.0635 	 0 	 0
0.39675 	 -0.06325 	 0 	 0
0.397 	 -0.063 	 0 	 0
0.39725 	 -0.06275 	 0 	 0
0.3975 	 -0.0625 	 0 	 0
0.39775 	 -0.06225 	 0 	 0
0.398 	 -0.062 	 0 	 0
0.39825 	 -0.06175 	 0 	 0
0.3985 	 -0.0615 	 0 	 0
0.39875 	 -0.06125 	 0 	 0
0.399 	 -0.061 	 0 	 0
0.39925 	 -0.06075 	 0 	 0
0.3995 	 -0.0605 	 0 	 0
0.39975 	 -0.06025 	 0 	 0
0.4 	 -0.06 	 0 	 0
0.40025 	 -0.05975 	 0 	 0
0.4005 	 -0.0595 	 0 	 0
0.40075 	 -0.05925 	 0 	 0
0.401 	 -0.059 	 0 	 0
0.40125 	 -0.05875 	 0 	 0
0.4015 	 -0.0585 	 0 	 0
0.40175 	 -0.05825 	 0 	 0
0.402 	 -0.058 	 0 	 0
0.40225 	 -0.05775 	 0 	 0
0.4025 	 -0.0575 	 0 	 0
0.40275 	 -0.05725 	 0 	 0
0.403 	 -0.057 	 0 	 0
0.40325 	 -0.05675 	 0 	 0
0.4035 	 -0.0565 	 0 	 0
0.40375 	 -0.05625 	 0 	 0
0.404 	 -0.056 	 0 	 0
0.40425 	 -0.05575 	 0 	 0
0.4045 	 -0.0555 	 0 	 0
0.40475 	 -0.05525 	 0 	 0
0.405 	 -0.055 	 0 	 0
0.40525 	 -0.05475 	 0 	 0
0.4055 	 -0.0545 	 0 	 0
0.40575 	 -0.05425 	 0 	 0
0.406 	 -0.054 	 0 	 0
0.40625 	 -0.05375 	 0 	 0
0.4065 	 -0.0535 	 0 	 0
0.40675 	 -0.05325 	 0 	 0
0.407 	 -0.053 	 0 	 0
0.40725 	 -0.05275 	 0 	 0
0.4075 	 -0.0525 	 0 	 0
0.40775 	 -0.05225 	 0 	 0
0.408 	 -0.052 	 0 	 0
0.40825 	 -0.05175 	 0 	 0
0.4085 	 -0.0515 	 0 	 0
0.40875 	 -0.05125 	 0 	 0
0.409 	 -0.051 	 0 	 0
0.40925 	 -0.05075 	 0 	 0
0.4095 	 -0.0505 	 0 	 0
0.40975 	 -0.05025 	 0 	 0
0.41 	 -0.05 	 0 	 0
0.41025 	 -0.04975 	 0 	 0
0.4105 	 -0.0495 	 0 	 0
0.41075 	 -0.04925 	 0 	 0
0.411 	 -0.049 	 0 	 0
0.41125 	 -0.04875 	 0 	 0
0.4115 	 -0.0485 	 0 	 0
0.41175 	 -0.04825 	 0 	 0
0.412 	 -0.048 	 0 	 0
0.41225 	 -0.04775 	 0 	 0
0.4125 	 -0.0475 	 0 	 0
0.41275 	 -0.04725 	 0 	 0
0.413 	 -0.047 	 0 	 0
0.41325 	 -0.04675 	 0 	 0
0.4135 	 -0.0465 	 0 	 0
0.41375 	 -0.04625 	 0 	 0
0.414 	 -0.046 	 0 	 0
0.41425 	 -0.04575 	 0 	 0
0.4145 	 -0.0455 	 0 	 0
0.41475 	 -0.04525 	 0 	 0
0.415 	 -0.045 	 0 	 0
0.41525 	 -0.04475 	 0 	 0
0.4155 	 -0.0445 	 0 	 0
0.41575 	 -0.04425 	 0 	 0
0.416 	 -0.044 	 0 	 0
0.41625 	 -0.04375 	 0 	 0
0.4165 	 -0.0435 	 0 	 0
0.41675 	 -0.04325 	 0 	 0
0.417 	 -0.043 	 0 	 0
0.41725 	 -0.04275 	 0 	 0
0.4175 	 -0.0425 	 0 	 0
0.41775 	 -0.04225 	 0 	 0
0.418 	 -0.042 	 0 	 0
0.41825 	 -0.04175 	 0 	 0
0.4185 	 -0.0415 	 0 	 0
0.41875 	 -0.04125 	 0 	 0
0.419 	 -0.041 	 0 	 0
0.41925 	 -0.04075 	 0 	 0
0.4195 	 -0.0405 	 0 	 0
0.41975 	 -0.04025 	 0 	 0
0.42 	 -0.04 	 0 	 0
0.42025 	 -0.03975 	 0 	 0
0.4205 	 -0.0395 	 0 	 0
0.42075 	 -0.03925 	 0 	 0
0.421 	 -0.039 	 0 	 0
0.42125 	 -0.03875 	 0 	 0
0.4215 	 -0.0385 	 0 	 0
0.42175 	 -0.03825 	 0 	 0
0.422 	 -0.038 	 0 	 0
0.42225 	 -0.03775 	 0 	 0
0.4225 	 -0.0375 	 0 	 0
0.42275 	 -0.03725 	 0 	 0
0.423 	 -0.037 	 0 	 0
0.42325 	 -0.03675 	 0 	 0
0.4235 	 -0.0365 	 0 	 0
0.42375 	 -0.03625 	 0 	 0
0.424 	 -0.036 	 0 	 0
0.42425 	 -0.03575 	 0 	 0
0.4245 	 -0.0355 	 0 	 0
0.42475 	 -0.03525 	 0 	 0
0.425 	 -0.035 	 0 	 0
0.42525 	 -0.03475 	 0 	 0
0.4255 	 -0.0345 	 0 	 0
0.42575 	 -0.03425 	 0 	 0
0.426 	 -0.034 	 0 	 0
0.42625 	 -0.03375 	 0 	 0
0.4265 	 -0.0335 	 0 	 0
0.42675 	 -0.03325 	 0 	 0
0.427 	 -0.033 	 0 	 0
0.42725 	 -0.03275 	 0 	 0
0.4275 	 -0.0325 	 0 	 0
0.42775 	 -0.03225 	 0 	 0
0.428 	 -0.032 	 0 	 0
0.42825 	 -0.03175 	 0 	 0
0.4285 	 -0.0315 	 0 	 0
0.42875 	 -0.03125 	 0 	 0
0.429 	 -0.031 	 0 	 0
0.42925 	 -0.03075 	 0 	 0
0.4295 	 -0.0305 	 0 	 0
0.42975 	 -0.03025 	 0 	 0
0.43 	 -0.03 	 0 	 0
0.43025 	 -0.02975 	 0 	 0
0.4305 	 -0.0295 	 0 	 0
0.43075 	 -0.02925 	 0 	 0
0.431 	 -0.029 	 0 	 0
0.43125 	 -0.02875 	 0 	 0
0.4315 	 -0.0285 	 0 	 0
0.43175 	 -0.02825 	 0 	 0
0.432 	 -0.028 	 0 	 0
0.43225 	 -0.02775 	 0 	 0
0.4325 	 -0.0275 	 0 	 0
0.43275 	 -0.02725 	 0 	 0
0.433 	 -0.027 	 0 	 0
0.43325 	 -0.02675 	 0 	 0
0.4335 	 -0.0265 	 0 	 0
0.43375 	 -0.02625 	 0 	 0
0.434 	 -0.026 	 0 	 0
0.43425 	 -0.02575 	 0 	 0
0.4345 	 -0.0255 	 0 	 0
0.43475 	 -0.02525 	 0 	 0
0.435 	 -0.025 	 0 	 0
0.43525 	 -0.02475 	 0 	 0
0.4355 	 -0.0245 	 0 	 0
0.43575 	 -0.02425 	 0 	 0
0.436 	 -0.024 	 0 	 0
0.43625 	 -0.02375 	 0 	 0
0.4365 	 -0.0235 	 0 	 0
0.43675 	 -0.02325 	 0 	 0
0.437 	 -0.023 	 0 	 0
0.43725 	 -0.02275 	 0 	 0
0.4375 	 -0.0225 	 0 	 0
0.43775 	 -0.02225 	 0 	 0
0.438 	 -0.022 	 0 	 0
0.43825 	 -0.02175 	 0 	 0
0.4385 	 -0.0215 	 0 	 0
0.43875 	 -0.02125 	 0 	 0
0.439 	 -0.021 	 0 	 0
0.43925 	 -0.02075 	 0 	 0
0.4395 	 -0.0205 	 0 	 0
0.43975 	 -0.02025 	 0 	 0
0.44 	 -0.02 	 0 	 0
0.44025 	 -0.01975 	 0 	 0
0.4405 	 -0.0195 	 0 	 0
0.44075 	 -0.01925 	 0 	 0
0.441 	 -0.019 	 0 	 0
0.44125 	 -0.01875 	 0 	 0
0.4415 	 -0.0185 	 0 	 0
0.44175 	 -0.01825 	 0 	 0
0.442 	 -0.018 	 0 	 0
0.44225 	 -0.01775 	 0 	 0
0.4425 	 -0.0175 	 0 	 0
0.44275 	 -0.01725 	 0 	 0
0.443 	 -0.017 	 0 	 0
0.44325 	 -0.01675 	 0 	 0
0.4435 	 -0.0165 	 0 	 0
0.44375 	 -0.01625 	 0 	 0
0.444 	 -0.016 	 0 	 0
0.44425 	 -0.01575 	 0 	 0
0.4445 	 -0.0155 	 0 	 0
0.44475 	 -0.01525 	 0 	 0
0.445 	 -0.015 	 0 	 0
0.44525 	 -0.01475 	 0 	 0
0.4455 	 -0.0145 	 0 	 0
0.44575 	 -0.01425 	 0 	 0
0.446 	 -0.014 	 0 	 0
0.44625 	 -0.01375 	 0 	 0
0.4465 	 -0.0135 	 0 	 0
0.44675 	 -0.01325 	 0 	 0
0.447 	 -0.013 	 0 	 0
0.44725 	 -0.01275 	 0 	 0
0.4475 	 -0.0125 	 0 	 0
0.44775 	 -0.01225 	 0 	 0
0.448 	 -0.012 	 0 	 0
0.44825 	 -0.01175 	 0 	 0
0.4485 	 -0.0115 	 0 	 0
0.44875 	 -0.01125 	 0 	 0
0.449 	 -0.011 	 0 	 0
0.44925 	 -0.01075 	 0 	 0
0.4495 	 -0.0105 	 0 	 0
0.44975 	 -0.01025 	 0 	 0
0.45 	 -0.01 	 0 	 0
0.45025 	 -0.00975 	 0 	 0
0.4505 	 -0.0095 	 0 	 0
0.45075 	 -0.00925 	 0 	 0
0.451 	 -0.009 	 0 	 0
0.45125 	 -0.00875 	 0 	 0
0.4515 	 -0.0085 	 0 	 0
0.45175 	 -0.00825 	 0 	 0
0.452 	 -0.008 	 0 	 0
0.45225 	 -0.00775 	 0 	 0
0.4525 	 -0.0075 	 0 	 0
0.45275 	 -0.00725 	 0 	 0
0.453 	 -0.007 	 0 	 0
0.45325 	 -0.00675 	 0 	 0
0.4535 	 -0.0065 	 0 	 0
0.45375 	 -0.00625 	 0 	 0
0.454 	 -0.006 	 0 	 0
0.45425 	 -0.00575 	 0 	 0
0.4545 	 -0.0055 	 0 	 0
0.45475 	 -0.00525 	 0 	 0
0.455 	 -0.005 	 0 	 0
0.45525 	 -0.00475 	 0 	 0
0.4555 	 -0.0045 	 0 	 0
0.45575 	 -0.00425 	 0 	 0
0.456 	 -0.004 	 0 	 0
0.45625 	 -0.00375 	 0 	 0
0.4565 	 -0.0035 	 0 	 0
0.45675 	 -0.00325 	 0 	 0
0.457 	 -0.003 	 0 	 0
0.45725 	 -0.00275 	 0 	 3.88579e-05
0.4575 	 -0.0025 	 0 	 0.000115748
0.45775 	 -0.00225 	 0 	 0.000190632
0.458 	 -0.002 	 0 	 0.000263467
0.45825 	 -0.00175 	 0 	 0.000335361
0.4585 	 -0.0015 	 0 	 0.000405359
0.45875 	 -0.00125 	 0 	 0.000474247
0.459 	 -0.001 	 0 	 0.000540672
0.45925 	 -0.00075 	 0 	 0.000606316
0.4595 	 -0.0005 	 0 	 0.000670041
0.45975 	 -0.00025 	 0 	 0.00073177
0.46 	 0 	 1 	 0.000792348
0.46025 	 0.00025 	 1 	 0.000852479
0.4605 	 0.0005 	 1 	 0.000912036
0.46075 	 0.00075 	 1 	 0.000967607
0.461 	 0.001 	 1 	 0.0010217
0.46125 	 0.00125 	 1 	 0.00107628
0.4615 	 0.0015 	 1 	 0.00113131
0.46175 	 0.00175 	 1 	 0.00118235
0.462 	 0.002 	 1 	 0.00123101
0.46225 	 0.00225 	 1 	 0.00124288
0.4625 	 0.0025 	 1 	 0.00121479
0.46275 	 0.00275 	 1 	 0.00118553
0.463 	 0.003 	 1 	 0.00115925
0.46325 	 0.00325 	 1 	 0.00113294
0.4635 	 0.0035 	 1 	 0.0011068
0.46375 	 0.00375 	 1 	 0.00107737
0.464 	 0.004 	 1 	 0.00105438
0.46425 	 0.00425 	 1 	 0.00103313
0.4645 	 0.0045 	 1 	 0.00100576
0.46475 	 0.00475 	 1 	 0.000982964
0.465 	 0.005 	 1 	 0.000961625
0.46525 	 0.00525 	 1 	 0.000936399
0.4655 	 0.0055 	 1 	 0.000914705
0.46575 	 0.00575 	 1 	 0.000897503
0.466 	 0.006 	 1 	 0.000876436
0.46625 	 0.00625 	 1 	 0.000852438
0.4665 	 0.0065 	 1 	 0.000830979
0.46675 	 0.00675 	 1 	 0.000814403
0.467 	 0.007 	 1 	 0.000795233
0.46725 	 0.00725 	 1 	 0.000774795
0.4675 	 0.0075 	 1 	 0.000754141
0.46775 	 0.00775 	 1 	 0.000741971
0.468 	 0.008 	 1 	 0.000724641
0.46825 	 0.00825 	 1 	 0.000700377
0.4685 	 0.0085 	 1 	 0.000686652
0.46875 	 0.00875 	 1 	 0.000676289
0.469 	 0.009 	 1 	 0.000657873
0.46925 	 0.00925 	 1 	 0.000636072
0.4695 	 0.0095 	 1 	 0.000626177
0.46975 	 0.00975 	 1 	 0.000610748
0.47 	 0.01 	 1 	 0.000590831
0.47025 	 0.01025 	 1 	 0.000580644
0.4705 	 0.0105 	 1 	 0.000568994
0.47075 	 0.01075 	 1 	 0.000549205
0.471 	 0.011 	 1 	 0.000537012
0.47125 	 0.01125 	 1 	 0.000529722
0.4715 	 0.0115 	 1 	 0.000514922
0.47175 	 0.01175 	 1 	 0.000500427
0.472 	 0.012 	 1 	 0.000489068
0.47225 	 0.01225 	 1 	 0.000475137
0.4725 	 0.0125 	 1 	 0.000466145
0.47275 	 0.01275 	 1 	 0.000454094
0.473 	 0.013 	 1 	 0.000438714
0.47325 	 0.01325 	 1 	 0.000433801
0.4735 	 0.0135 	 1 	 0.000421842
0.47375 	 0.01375 	 1 	 0.000407414
0.474 	 0.014 	 1 	 0.000397321
0.47425 	 0.01425 	 1 	 0.000389581
0.4745 	 0.0145 	 1 	 0.000382335
0.47475 	 0.01475 	 1 	 0.000372767
0.475 	 0.015 	 1 	 0.000363171
0.47525 	 0.01525 	 1 	 0.000354062
0.4755 	 0.0155 	 1 	 0.000340645
0.47575 	 0.01575 	 1 	 0.00033737
0.476 	 0.016 	 1 	 0.00032798
0.47625 	 0.01625 	 1 	 0.000310983
0.4765 	 0.0165 	 1 	 0.000309695
0.47675 	 0.01675 	 1 	 0.000301894
0.477 	 0.017 	 1 	 0.000295956
0.47725 	 0.01725 	 1 	 0.000286242
0.4775 	 0.0175 	 1 	 0.000278259
0.47775 	 0.01775 	 1 	 0.000271511
0.478 	 0.018 	 1 	 0.00026775
0.47825 	 0.01825 	 1 	 0.000257989
0.4785 	 0.0185 	 1 	 0.000248066
0.47875 	 0.01875 	 1 	 0.000247976
0.479 	 0.019 	 1 	 0.000238842
0.47925 	 0.01925 	 1 	 0.000230746
0.4795 	 0.0195 	 1 	 0.000218638
0.47975 	 0.01975 	 1 	 0.000221356
0.48 	 0.02 	 1 	 0.00021696
0.48025 	 0.02025 	 1 	 0.000202014
0.4805 	 0.0205 	 1 	 0.000205015
0.48075 	 0.02075 	 1 	 0.000196654
0.481 	 0.021 	 1 	 0.000190009
0.48125 	 0.02125 	 1 	 0.000191368
0.4815 	 0.0215 	 1 	 0.000179571
0.48175 	 0.02175 	 1 	 0.000173382
0.482 	 0.022 	 1 	 0.000171113
0.48225 	 0.02225 	 1 	 0.000167445
0.4825 	 0.0225 	 1 	 0.000159417
0.48275 	 0.02275 	 1 	 0.000155472
0.483 	 0.023 	 1 	 0.000151686
0.48325 	 0.02325 	 1 	 0.000149135
0.4835 	 0.0235 	 1 	 0.000145984
0.48375 	 0.02375 	 1 	 0.000136491
0.484 	 0.024 	 1 	 0.000137538
0.48425 	 0.02425 	 1 	 0.000136129
0.4845 	 0.0245 	 1 	 0.00012924
0.48475 	 0.02475 	 1 	 0.000118491
0.485 	 0.025 	 1 	 0.0001188
0.48525 	 0.02525 	 1 	 0.000122209
0.4855 	 0.0255 	 1 	 0.000108919
0.48575 	 0.02575 	 1 	 0.000106054
0.486 	 0.026 	 1 	 0.000106424
0.48625 	 0.02625 	 1 	 0.000102469
0.4865 	 0.0265 	 1 	 0.000102979
0.48675 	 0.02675 	 1 	 9.68991e-05
0.487 	 0.027 	 1 	 8.98077e-05
0.48725 	 0.02725 	 1 	 9.55055e-05
0.4875 	 0.0275 	 1 	 8.97169e-05
0.48775 	 0.02775 	 1 	 8.31792e-05
0.488 	 0.028 	 1 	 8.06259e-05
0.48825 	 0.02825 	 1 	 7.79174e-05
0.4885 	 0.0285 	 1 	 7.85943e-05
0.48875 	 0.02875 	 1 	 7.15002e-05
0.489 	 0.029 	 1 	 7.12667e-05
0.48925 	 0.02925 	 1 	 6.63859e-05
0.4895 	 0.0295 	 1 	 6.9881e-05
0.48975 	 0.02975 	 1 	 6.55477e-05
0.49 	 0.03 	 1 	 5.70599e-05
0.49025 	 0.03025 	 1 	 6.05432e-05
0.4905 	 0.0305 	 1 	 6.05663e-05
0.49075 	 0.03075 	 1 	 5.40364e-05
0.491 	 0.031 	 1 	 5.49307e-05
0.49125 	 0.03125 	 1 	 5.31112e-05
0.4915 	 0.0315 	 1 	 4.43798e-05
0.49175 	 0.03175 	 1 	 4.57913e-05
0.492 	 0.032 	 1 	 4.63256e-05
0.49225 	 0.03225 	 1 	 4.3009e-05
0.4925 	 0.0325 	 1 	 4.26358e-05
0.49275 	 0.03275 	 1 	 3.86139e-05
0.493 	 0.033 	 1 	 3.66511e-05
0.49325 	 0.03325 	 1 	 3.86537e-05
0.4935 	 0.0335 	 1 	 3.14257e-05
0.49375 	 0.03375 	 1 	 3.65463e-05
0.494 	 0.034 	 1 	 2.95134e-05
0.49425 	 0.03425 	 1 	 2.72718e-05
0.4945 	 0.0345 	 1 	 3.20169e-05
0.49475 	 0.03475 	 1 	 2.5542e-05
0.495 	 0.035 	 1 	 2.86587e-05
0.49525 	 0.03525 	 1 	 2.21875e-05
0.4955 	 0.0355 	 1 	 1.83763e-05
0.49575 	 0.03575 	 1 	 2.52107e-05
0.496 	 0.036 	 1 	 1.79562e-05
0.49625 	 0.03625 	 1 	 1.85446e-05
0.4965 	 0.0365 	 1 	 1.87549e-05
0.49675 	 0.03675 	 1 	 1.84449e-05
0.497 	 0.037 	 1 	 1.96407e-05
0.49725 	 0.03725 	 1 	 8.07017e-06
0.4975 	 0.0375 	 1 	 1.21564e-05
0.49775 	 0.03775 	 1 	 1.77277e-05
0.498 	 0.038 	 1 	 1.06759e-05
0.49825 	 0.03825 	 1 	 3.67083e-06
0.4985 	 0.0385 	 1 	 1.22149e-05
0.49875 	 0.03875 	 1 	 9.58153e-06
0.499 	 0.039 	 1 	 3.43001e-06
0.49925 	 0.03925 	 1 	 8.36432e-06
0.4995 	 0.0395 	 1 	 9.68218e-08
0.49975 	 0.03975 	 1 	 4.66915e-06
0.5 	 0.04 	 1 	 5.79735e-06
0.50025 	 0.04025 	 1 	 2.21682e-06
0.5005 	 0.0405 	 1 	 1.33127e-06
0.50075 	 0.04075 	 1 	 -1.70915e-06
0.501 	 0.041 	 1 	 2.00452e-06
0.50125 	 0.04125 	 1 	 -2.53434e-06
0.5015 	 0.0415 	 1 	 -7.40995e-07
0.50175 	 0.04175 	 1 	 -1.08164e-06
0.502 	 0.042 	 1 	 -5.51991e-06
0.50225 	 0.04225 	 1 	 -1.4145e-06
0.5025 	 0.0425 	 1 	 -3.81669e-06
0.50275 	 0.04275 	 1 	 -1.00935e-05
0.503 	 0.043 	 1 	 -5.55364e-06
0.50325 	 0.04325 	 1 	 -1.50206e-06
0.5035 	 0.0435 	 1 	 -9.06299e-06
0.50375 	 0.04375 	 1 	 -8.76513e-06
0.504 	 0.044 	 1 	 -2.04971e-06
0.50425 	 0.04425 	 1 	 -1.12954e-05
0.5045 	 0.0445 	 1 	 -1.15352e-05
0.50475 	 0.04475 	 1 	 -7.63024e-06
0.505 	 0.045 	 1 	 -1.3325e-05
0.50525 	 0.04525 	 1 	 -9.49519e-06
0.5055 	 0.0455 	 1 	 -7.80645e-06
0.50575 	 0.04575 	 1 	 -9.9052e-06
0.506 	 0.046 	 1 	 -1.45425e-05
0.50625 	 0.04625 	 1 	 -1.62063e-05
0.5065 	 0.0465 	 1 	 -9.30759e-06
0.50675 	 0.04675 	 1 	 -1.58816e-05
0.507 	 0.047 	 1 	 -2.18943e-05
0.50725 	 0.04725 	 1 	 -1.12755e-05
0.5075 	 0.0475 	 1 	 -1.26823e-05
0.50775 	 0.04775 	 1 	 -1.41198e-05
0.508 	 0.048 	 1 	 -1.21835e-05
0.50825 	 0.04825 	 1 	 -1.77386e-05
0.5085 	 0.0485 	 1 	 -1.73509e-05
0.50875 	 0.04875 	 1 	 -2.09306e-05
0.509 	 0.049 	 1 	 -2.06031e-05
0.50925 	 0.04925 	 1 	 -1.20077e-05
0.5095 	 0.0495 	 1 	 -1.40118e-05
0.50975 	 0.04975 	 1 	 -2.26502e-05
0.51 	 0.05 	 1 	 -2.08583e-05
0.51025 	 0.05025 	 1 	 -1.59841e-05
0.5105 	 0.0505 	 1 	 -1.91684e-05
0.51075 	 0.05075 	 1 	 -2.42809e-05
0.511 	 0.051 	 1 	 -1.78239e-05
0.51125 	 0.05125 	 1 	 -1.58418e-05
0.5115 	 0.0515 	 1 	 -2.10238e-05
0.51175 	 0.05175 	 1 	 -1.84624e-05
0.512 	 0.052 	 1 	 -1.78137e-05
0.51225 	 0.05225 	 1 	 -2.31368e-05
0.5125 	 0.0525 	 1 	 -1.97892e-05
0.51275 	 0.05275 	 1 	 -2.21888e-05
0.513 	 0.053 	 1 	 -2.64779e-05
0.51325 	 0.05325 	 1 	 -1.87992e-05
0.5135 	 0.0535 	 1 	 -2.12837e-05
0.51375 	 0.05375 	 1 	 -2.02484e-05
0.514 	 0.054 	 1 	 -2.40797e-05
0.51425 	 0.05425 	 1 	 -2.64249e-05
0.5145 	 0.0545 	 1 	 -2.1227e-05
0.51475 	 0.05475 	 1 	 -1.97646e-05
0.515 	 0.055 	 1 	 -1.79881e-05
0.51525 	 0.05525 	 1 	 -3.03028e-05
0.5155 	 0.0555 	 1 	 -2.53603e-05
0.51575 	 0.05575 	 1 	 -1.49174e-05
0.516 	 0.056 	 1 	 -2.91502e-05
0.51625 	 0.05625 	 1 	 -2.44886e-05
0.5165 	 0.0565 	 1 	 -2.55963e-05
0.51675 	 0.05675 	 1 	 -2.70608e-05
0.517 	 0.057 	 1 	 -2.08334e-05
0.51725 	 0.05725 	 1 	 -2.60521e-05
0.5175 	 0.0575 	 1 	 -2.70002e-05
0.51775 	 0.05775 	 1 	 -2.46496e-05
0.518 	 0.058 	 1 	 -2.24762e-05
0.51825 	 0.05825 	 1 	 -2.57536e-05
0.5185 	 0.0585 	 1 	 -2.70148e-05
0.51875 	 0.05875 	 1 	 -2.60816e-05
0.519 	 0.059 	 1 	 -2.13723e-05
0.51925 	 0.05925 	 1 	 -2.50065e-05
0.5195 	 0.0595 	 1 	 -2.918e-05
0.51975 	 0.05975 	 1 	 -2.46892e-05
0.52 	 0.06 	 1 	 -2.68873e-05
0.52025 	 0.06025 	 1 	 -2.08586e-05
0.5205 	 0.0605 	 1 	 -2.68313e-05
0.52075 	 0.06075 	 1 	 -3.30777e-05
0.521 	 0.061 	 1 	 -2.07077e-05
0.52125 	 0.06125 	 1 	 -2.83715e-05
0.5215 	 0.0615 	 1 	 -2.8896e-05
0.52175 	 0.06175 	 1 	 -2.41917e-05
0.522 	 0.062 	 1 	 -2.70842e-05
0.52225 	 0.06225 	 1 	 -2.74568e-05
0.5225 	 0.0625 	 1 	 -2.95415e-05
0.52275 	 0.06275 	 1 	 -2.6001e-05
0.523 	 0.063 	 1 	 -2.88899e-05
0.52325 	 0.06325 	 1 	 -3.22099e-05
0.5235 	 0.0635 	 1 	 -2.48335e-05
0.52375 	 0.06375 	 1 	 -2.74749e-05
0.524 	 0.064 	 1 	 -3.08265e-05
0.52425 	 0.06425 	 1 	 -2.56106e-05
0.5245 	 0.0645 	 1 	 -2.87652e-05
0.52475 	 0.06475 	 1 	 -3.19623e-05
0.525 	 0.065 	 1 	 -3.10523e-05
0.52525 	 0.06525 	 1 	 -3.2542e-05
0.5255 	 0.0655 	 1 	 -3.0026e-05
0.52575 	 0.06575 	 1 	 -2.9013e-05
0.526 	 0.066 	 1 	 -2.8465e-05
0.52625 	 0.06625 	 1 	 -2.73928e-05
0.5265 	 0.0665 	 1 	 -2.81887e-05
0.52675 	 0.06675 	 1 	 -3.23693e-05
0.527 	 0.067 	 1 	 -3.21703e-05
0.52725 	 0.06725 	 1 	 -2.88419e-05
0.5275 	 0.0675 	 1 	 -3.18885e-05
0.52775 	 0.06775 	 1 	 -2.97114e-05
0.528 	 0.068 	 1 	 -3.02956e-05
0.52825 	 0.06825 	 1 	 -2.81e-05
0.5285 	 0.0685 	 1 	 -3.06991e-05
0.52875 	 0.06875 	 1 	 -2.96016e-05
0.529 	 0.069 	 1 	 -2.56916e-05
0.52925 	 0.06925 	 1 	 -3.6043e-05
0.5295 	 0.0695 	 1 	 -3.17417e-05
0.52975 	 0.06975 	 1 	 -2.44972e-05
0.53 	 0.07 	 1 	 -2.7168e-05
0.53025 	 0.07025 	 1 	 -3.05509e-05
0.5305 	 0.0705 	 1 	 -2.72947e-05
0.53075 	 0.07075 	 1 	 -2.59144e-05
0.531 	 0.071 	 1 	 -3.53073e-05
0.53125 	 0.07125 	 1 	 -3.16101e-05
0.5315 	 0.0715 	 1 	 -2.87489e-05
0.53175 	 0.07175 	 1 	 -2.94177e-05
0.532 	 0.072 	 1 	 -2.75726e-05
0.53225 	 0.07225 	 1 	 -3.08487e-05
0.5325 	 0.0725 	 1 	 -2.27624e-05
0.53275 	 0.07275 	 1 	 -3.09133e-05
0.533 	 0.073 	 1 	 -3.17756e-05
0.53325 	 0.07325 	 1 	 -2.54592e-05
0.5335 	 0.0735 	 1 	 -2.97793e-05
0.53375 	 0.07375 	 1 	 -3.02759e-05
0.534 	 0.074 	 1 	 -3.21085e-05
0.53425 	 0.07425 	 1 	 -2.55501e-05
0.5345 	 0.0745 	 1 	 -2.97021e-05
0.53475 	 0.07475 	 1 	 -3.38831e-05
0.535 	 0.075 	 1 	 -2.83409e-05
0.53525 	 0.07525 	 1 	 -2.63526e-05
0.5355 	 0.0755 	 1 	 -2.77161e-05
0.53575 	 0.07575 	 1 	 -2.9619e-05
0.536 	 0.076 	 1 	 -2.71463e-05
0.53625 	 0.07625 	 1 	 -2.61136e-05
0.5365 	 0.0765 	 1 	 -3.25637e-05
0.53675 	 0.07675 	 1 	 -2.93284e-05
0.537 	 0.077 	 1 	 -2.5207e-05
0.53725 	 0.07725 	 1 	 -2.84094e-05
0.5375 	 0.0775 	 1 	 -3.22915e-05
0.53775 	 0.07775 	 1 	 -2.8948e-05
0.538 	 0.078 	 1 	 -2.92141e-05
0.53825 	 0.07825 	 1 	 -3.07796e-05
0.5385 	 0.0785 	 1 	 -2.46397e-05
0.53875 	 0.07875 	 1 	 -2.65929e-05
0.539 	 0.079 	 1 	 -3.05043e-05
0.53925 	 0.07925 	 1 	 -2.85365e-05
0.5395 	 0.0795 	 1 	 -2.46165e-05
0.53975 	 0.07975 	 1 	 -2.79673e-05
0.54 	 0.08 	 1 	 -3.08067e-05
0.54025 	 0.08025 	 1 	 -2.69752e-05
0.5405 	 0.0805 	 1 	 -3.07941e-05
0.54075 	 0.08075 	 1 	 -3.04093e-05
0.541 	 0.081 	 1 	 -2.64838e-05
0.54125 	 0.08125 	 1 	 -3.00687e-05
0.5415 	 0.0815 	 1 	 -2.68103e-05
0.54175 	 0.08175 	 1 	 -2.79217e-05
0.542 	 0.082 	 1 	 -3.135e-05
0.54225 	 0.08225 	 1 	 -2.55419e-05
0.5425 	 0.0825 	 1 	 -2.71427e-05
0.54275 	 0.08275 	 1 	 -2.80745e-05
0.543 	 0.083 	 1 	 -2.298e-05
0.54325 	 0.08325 	 1 	 -2.98113e-05
0.5435 	 0.0835 	 1 	 -3.11673e-05
0.54375 	 0.08375 	 1 	 -2.88508e-05
0.544 	 0.084 	 1 	 -2.63519e-05
0.54425 	 0.08425 	 1 	 -3.02128e-05
0.5445 	 0.0845 	 1 	 -3.05907e-05
0.54475 	 0.08475 	 1 	 -2.31448e-05
0.545 	 0.085 	 1 	 -2.83192e-05
0.54525 	 0.08525 	 1 	 -2.882e-05
0.5455 	 0.0855 	 1 	 -2.5788e-05
0.54575 	 0.08575 	 1 	 -2.85163e-05
0.546 	 0.086 	 1 	 -2.92201e-05
0.54625 	 0.08625 	 1 	 -2.59418e-05
0.5465 	 0.0865 	 1 	 -2.62499e-05
0.54675 	 0.08675 	 1 	 -2.76725e-05
0.547 	 0.087 	 1 	 -2.63364e-05
0.54725 	 0.08725 	 1 	 -2.94953e-05
0.5475 	 0.0875 	 1 	 -3.01738e-05
0.54775 	 0.08775 	 1 	 -2.57196e-05
0.548 	 0.088 	 1 	 -2.99004e-05
0.54825 	 0.08825 	 1 	 -2.47589e-05
0.5485 	 0.0885 	 1 	 -2.75503e-05
0.54875 	 0.08875 	 1 	 -2.60538e-05
0.549 	 0.089 	 1 	 -2.67064e-05
0.54925 	 0.08925 	 1 	 -2.89207e-05
0.5495 	 0.0895 	 1 	 -2.59876e-05
0.54975 	 0.08975 	 1 	 -2.99906e-05
0.55 	 0.09 	 1 	 -2.59862e-05
0.55025 	 0.09025 	 1 	 -2.71159e-05
0.5505 	 0.0905 	 1 	 -2.79582e-05
0.55075 	 0.09075 	 1 	 -2.51202e-05
0.551 	 0.091 	 1 	 -2.54674e-05
0.55125 	 0.09125 	 1 	 -3.07098e-05
0.5515 	 0.0915 	 1 	 -2.79116e-05
0.55175 	 0.09175 	 1 	 -2.4712e-05
0.552 	 0.092 	 1 	 -2.97231e-05
0.55225 	 0.09225 	 1 	 -2.78091e-05
0.5525 	 0.0925 	 1 	 -2.44204e-05
0.55275 	 0.09275 	 1 	 -2.58111e-05
0.553 	 0.093 	 1 	 -2.63299e-05
0.55325 	 0.09325 	 1 	 -3.06388e-05
0.5535 	 0.0935 	 1 	 -2.87967e-05
0.55375 	 0.09375 	 1 	 -2.61944e-05
0.554 	 0.094 	 1 	 -2.725e-05
0.55425 	 0.09425 	 1 	 -2.49457e-05
0.5545 	 0.0945 	 1 	 -2.35214e-05
0.55475 	 0.09475 	 1 	 -2.56075e-05
0.555 	 0.095 	 1 	 -2.796e-05
0.55525 	 0.09525 	 1 	 -3.02474e-05
0.5555 	 0.0955 	 1 	 -2.5536e-05
0.55575 	 0.09575 	 1 	 -2.74251e-05
0.556 	 0.096 	 1 	 -2.81967e-05
0.55625 	 0.09625 	 1 	 -2.34623e-05
0.5565 	 0.0965 	 1 	 -2.58577e-05
0.55675 	 0.09675 	 1 	 -2.96563e-05
0.557 	 0.097 	 1 	 -2.77856e-05
0.55725 	 0.09725 	 1 	 -6.08589e-05
0.5575 	 0.0975 	 1 	 -0.000140354
0.55775 	 0.09775 	 1 	 -0.000220474
0.558 	 0.098 	 1 	 -0.000288143
0.55825 	 0.09825 	 1 	 -0.000355201
0.5585 	 0.0985 	 1 	 -0.000426781
0.55875 	 0.09875 	 1 	 -0.000492174
0.559 	 0.099 	 1 	 -0.000557128
0.55925 	 0.09925 	 1 	 -0.000618622
0.5595 	 0.0995 	 1 	 -0.00068372
0.55975 	 0.09975 	 1 	 -0.000744634
0.56 	 0.1 	 0 	 -0.000795435
0.56025 	 0.10025 	 0 	 -0.000851805
0.5605 	 0.1005 	 0 	 -0.000910557
0.56075 	 0.10075 	 0 	 -0.000960141
0.561 	 0.101 	 0 	 -0.00101183
0.56125 	 0.10125 	 0 	 -0.00106423
0.5615 	 0.1015 	 0 	 -0.00111372
0.56175 	 0.10175 	 0 	 -0.00115425
0.562 	 0.102 	 0 	 -0.0011999
0.56225 	 0.10225 	 0 	 -0.00121469
0.5625 	 0.1025 	 0 	 -0.00118022
0.56275 	 0.10275 	 0 	 -0.00114248
0.563 	 0.103 	 0 	 -0.00111182
0.56325 	 0.10325 	 0 	 -0.00108372
0.5635 	 0.1035 	 0 	 -0.00105199
0.56375 	 0.10375 	 0 	 -0.00102829
0.564 	 0.104 	 0 	 -0.000997001
0.56425 	 0.10425 	 0 	 -0.000971484
0.5645 	 0.1045 	 0 	 -0.000942576
0.56475 	 0.10475 	 0 	 -0.00091384
0.565 	 0.105 	 0 	 -0.000894426
0.56525 	 0.10525 	 0 	 -0.000865276
0.5655 	 0.1055 	 0 	 -0.000843502
0.56575 	 0.10575 	 0 	 -0.00082083
0.566 	 0.106 	 0 	 -0.000798432
0.56625 	 0.10625 	 0 	 -0.000776785
0.5665 	 0.1065 	 0 	 -0.00075233
0.56675 	 0.10675 	 0 	 -0.000736135
0.567 	 0.107 	 0 	 -0.000716459
0.56725 	 0.10725 	 0 	 -0.000693025
0.5675 	 0.1075 	 0 	 -0.000673623
0.56775 	 0.10775 	 0 	 -0.000657191
0.568 	 0.108 	 0 	 -0.000639711
0.56825 	 0.10825 	 0 	 -0.00062053
0.5685 	 0.1085 	 0 	 -0.000604602
0.56875 	 0.10875 	 0 	 -0.000586243
0.569 	 0.109 	 0 	 -0.000568843
0.56925 	 0.10925 	 0 	 -0.000552077
0.5695 	 0.1095 	 0 	 -0.00054013
0.56975 	 0.10975 	 0 	 -0.00052727
0.57 	 0.11 	 0 	 -0.00051048
0.57025 	 0.11025 	 0 	 -0.000496798
0.5705 	 0.1105 	 0 	 -0.000480991
0.57075 	 0.11075 	 0 	 -0.000469095
0.571 	 0.111 	 0 	 -0.00045535
0.57125 	 0.11125 	 0 	 -0.000443471
0.5715 	 0.1115 	 0 	 -0.00043193
0.57175 	 0.11175 	 0 	 -0.000417256
0.572 	 0.112 	 0 	 -0.000407065
0.57225 	 0.11225 	 0 	 -0.000396965
0.5725 	 0.1125 	 0 	 -0.000385333
0.57275 	 0.11275 	 0 	 -0.000373968
0.573 	 0.113 	 0 	 -0.000362543
0.57325 	 0.11325 	 0 	 -0.000354493
0.5735 	 0.1135 	 0 	 -0.00034344
0.57375 	 0.11375 	 0 	 -0.000333734
0.574 	 0.114 	 0 	 -0.000328529
0.57425 	 0.11425 	 0 	 -0.000316059
0.5745 	 0.1145 	 0 	 -0.000305494
0.57475 	 0.11475 	 0 	 -0.000298493
0.575 	 0.115 	 0 	 -0.000289835
0.57525 	 0.11525 	 0 	 -0.000281852
0.5755 	 0.1155 	 0 	 -0.000274951
0.57575 	 0.11575 	 0 	 -0.000267646
0.576 	 0.116 	 0 	 -0.000258927
0.57625 	 0.11625 	 0 	 -0.0002509
0.5765 	 0.1165 	 0 	 -0.000245416
0.57675 	 0.11675 	 0 	 -0.000238905
0.577 	 0.117 	 0 	 -0.000230335
0.57725 	 0.11725 	 0 	 -0.000224322
0.5775 	 0.1175 	 0 	 -0.000219263
0.57775 	 0.11775 	 0 	 -0.000212651
0.578 	 0.118 	 0 	 -0.000206742
0.57825 	 0.11825 	 0 	 -0.000199722
0.5785 	 0.1185 	 0 	 -0.000195142
0.57875 	 0.11875 	 0 	 -0.000190111
0.579 	 0.119 	 0 	 -0.00018261
0.57925 	 0.11925 	 0 	 -0.000179505
0.5795 	 0.1195 	 0 	 -0.000176048
0.57975 	 0.11975 	 0 	 -0.000168167
0.58 	 0.12 	 0 	 -0.000162993
0.58025 	 0.12025 	 0 	 -0.000160899
0.5805 	 0.1205 	 0 	 -0.000155368
0.58075 	 0.12075 	 0 	 -0.000150173
0.581 	 0.121 	 0 	 -0.000146834
0.58125 	 0.12125 	 0 	 -0.000141987
0.5815 	 0.1215 	 0 	 -0.000138062
0.58175 	 0.12175 	 0 	 -0.000134958
0.582 	 0.122 	 0 	 -0.000131036
0.58225 	 0.12225 	 0 	 -0.000126599
0.5825 	 0.1225 	 0 	 -0.000122635
0.58275 	 0.12275 	 0 	 -0.000120133
0.583 	 0.123 	 0 	 -0.000117236
0.58325 	 0.12325 	 0 	 -0.000113605
0.5835 	 0.1235 	 0 	 -0.000109676
0.58375 	 0.12375 	 0 	 -0.000106978
0.584 	 0.124 	 0 	 -0.000104073
0.58425 	 0.12425 	 0 	 -0.000100357
0.5845 	 0.1245 	 0 	 -9.77168e-05
0.58475 	 0.12475 	 0 	 -9.53281e-05
0.585 	 0.125 	 0 	 -9.27618e-05
0.58525 	 0.12525 	 0 	 -8.97014e-05
0.5855 	 0.1255 	 0 	 -8.71119e-05
0.58575 	 0.12575 	 0 	 -8.51316e-05
0.586 	 0.126 	 0 	 -8.27165e-05
0.58625 	 0.12625 	 0 	 -7.99148e-05
0.5865 	 0.1265 	 0 	 -7.73895e-05
0.58675 	 0.12675 	 0 	 -7.55931e-05
0.587 	 0.127 	 0 	 -7.43333e-05
0.58725 	 0.12725 	 0 	 -7.18529e-05
0.5875 	 0.1275 	 0 	 -6.8798e-05
0.58775 	 0.12775 	 0 	 -6.69182e-05
0.588 	 0.128 	 0 	 -6.51971e-05
0.58825 	 0.12825 	 0 	 -6.3483e-05
0.5885 	 0.1285 	 0 	 -6.18617e-05
0.58875 	 0.12875 	 0 	 -5.99169e-05
0.589 	 0.129 	 0 	 -5.82585e-05
0.58925 	 0.12925 	 0 	 -5.64528e-05
0.5895 	 0.1295 	 0 	 -5.49251e-05
0.58975 	 0.12975 	 0 	 -5.36016e-05
0.59 	 0.13 	 0 	 -5.18296e-05
0.59025 	 0.13025 	 0 	 -5.03621e-05
0.5905 	 0.1305 	 0 	 -4.8973e-05
0.59075 	 0.13075 	 0 	 -4.76132e-05
0.591 	 0.131 	 0 	 -4.62503e-05
0.59125 	 0.13125 	 0 	 -4.48181e-05
0.5915 	 0.1315 	 0 	 -4.3431e-05
0.59175 	 0.13175 	 0 	 -4.2061e-05
0.592 	 0.132 	 0 	 -4.06121e-05
0.59225 	 0.13225 	 0 	 -3.96629e-05
0.5925 	 0.1325 	 0 	 -3.90096e-05
0.59275 	 0.13275 	 0 	 -3.7869e-05
0.593 	 0.133 	 0 	 -3.66577e-05
0.59325 	 0.13325 	 0 	 -3.54122e-05
0.5935 	 0.1335 	 0 	 -3.438e-05
0.59375 	 0.13375 	 0 	 -3.33395e-05
0.594 	 0.134 	 0 	 -3.25403e-05
0.59425 	 0.13425 	 0 	 -3.1735e-05
0.5945 	 0.1345 	 0 	 -3.06005e-05
0.59475 	 0.13475 	 0 	 -2.97431e-05
0.595 	 0.135 	 0 	 -2.88422e-05
0.59525 	 0.13525 	 0 	 -2.79439e-05
0.5955 	 0.1355 	 0 	 -2.70335e-05
0.59575 	 0.13575 	 0 	 -2.6238e-05
0.596 	 0.136 	 0 	 -2.57241e-05
0.59625 	 0.13625 	 0 	 -2.51477e-05
0.5965 	 0.1365 	 0 	 -2.43458e-05
0.59675 	 0.13675 	 0 	 -2.34907e-05
0.597 	 0.137 	 0 	 -2.28203e-05
0.59725 	 0.13725 	 0 	 -2.22332e-05
0.5975 	 0.1375 	 0 	 -2.15852e-05
0.59775 	 0.13775 	 0 	 -2.08614e-05
0.598 	 0.138 	 0 	 -2.01488e-05
0.59825 	 0.13825 	 0 	 -1.9654e-05
0.5985 	 0.1385 	 0 	 -1.91471e-05
0.59875 	 0.13875 	 0 	 -1.85186e-05
0.599 	 0.139 	 0 	 -1.79405e-05
0.59925 	 0.13925 	 0 	 -1.74168e-05
0.5995 	 0.1395 	 0 	 -1.70021e-05
0.59975 	 0.13975 	 0 	 -1.6536e-05
0.6 	 0.14 	 0 	 -1.604e-05
0.60025 	 0.14025 	 0 	 -1.55585e-05
0.6005 	 0.1405 	 0 	 -1.50936e-05
0.60075 	 0.14075 	 0 	 -1.46654e-05
0.601 	 0.141 	 0 	 -1.42065e-05
0.60125 	 0.14125 	 0 	 -1.3757e-05
0.6015 	 0.1415 	 0 	 -1.33903e-05
0.60175 	 0.14175 	 0 	 -1.29966e-05
0.602 	 0.142 	 0 	 -1.25887e-05
0.60225 	 0.14225 	 0 	 -1.21873e-05
0.6025 	 0.1425 	 0 	 -1.18488e-05
0.60275 	 0.14275 	 0 	 -1.15486e-05
0.603 	 0.143 	 0 	 -1.11775e-05
0.60325 	 0.14325 	 0 	 -1.08669e-05
0.6035 	 0.1435 	 0 	 -1.0539e-05
0.60375 	 0.14375 	 0 	 -1.02261e-05
0.604 	 0.144 	 0 	 -9.92395e-06
0.60425 	 0.14425 	 0 	 -9.63763e-06
0.6045 	 0.1445 	 0 	 -9.32416e-06
0.60475 	 0.14475 	 0 	 -9.03795e-06
0.605 	 0.145 	 0 	 -8.82939e-06
0.60525 	 0.14525 	 0 	 -8.54482e-06
0.6055 	 0.1455 	 0 	 -8.28819e-06
0.60575 	 0.14575 	 0 	 -8.05687e-06
0.606 	 0.146 	 0 	 -7.77681e-06
0.60625 	 0.14625 	 0 	 -7.56155e-06
0.6065 	 0.1465 	 0 	 -7.37878e-06
0.60675 	 0.14675 	 0 	 -7.14023e-06
0.607 	 0.147 	 0 	 -6.92042e-06
0.60725 	 0.14725 	 0 	 -6.70958e-06
0.6075 	 0.1475 	 0 	 -6.49626e-06
0.60775 	 0.14775 	 0 	 -6.32401e-06
0.608 	 0.148 	 0 	 -6.1547e-06
0.60825 	 0.14825 	 0 	 -5.97327e-06
0.6085 	 0.1485 	 0 	 -5.79526e-06
0.60875 	 0.14875 	 0 	 -5.60479e-06
0.609 	 0.149 	 0 	 -5.43056e-06
0.60925 	 0.14925 	 0 	 -5.27585e-06
0.6095 	 0.1495 	 0 	 -5.13535e-06
0.60975 	 0.14975 	 0 	 -4.97338e-06
0.61 	 0.15 	 0 	 -4.8144e-06
0.61025 	 0.15025 	 0 	 -4.6625e-06
0.6105 	 0.1505 	 0 	 -4.42615e-06
0.61075 	 0.15075 	 0 	 -4.14245e-06
0.611 	 0.151 	 0 	 -3.89172e-06
0.61125 	 0.15125 	 0 	 -3.60777e-06
0.6115 	 0.1515 	 0 	 -3.30761e-06
0.61175 	 0.15175 	 0 	 -3.04908e-06
0.612 	 0.152 	 0 	 -2.79156e-06
0.61225 	 0.15225 	 0 	 -2.55388e-06
0.6125 	 0.1525 	 0 	 -2.33224e-06
0.61275 	 0.15275 	 0 	 -2.08666e-06
0.613 	 0.153 	 0 	 -1.85546e-06
0.61325 	 0.15325 	 0 	 -1.63189e-06
0.6135 	 0.1535 	 0 	 -1.40601e-06
0.61375 	 0.15375 	 0 	 -1.20828e-06
0.614 	 0.154 	 0 	 -1.00884e-06
0.61425 	 0.15425 	 0 	 -8.21702e-07
0.6145 	 0.1545 	 0 	 -6.33571e-07
0.61475 	 0.15475 	 0 	 -4.43922e-07
0.615 	 0.155 	 0 	 -2.72933e-07
0.61525 	 0.15525 	 0 	 -1.06735e-07
0.6155 	 0.1555 	 0 	 -1.24094e-08
0.61575 	 0.15575 	 0 	 0
0.616 	 0.156 	 0 	 0
0.61625 	 0.15625 	 0 	 0
0.6165 	 0.1565 	 0 	 0
0.61675 	 0.15675 	 0 	 0
0.617 	 0.157 	 0 	 0
0.61725 	 0.15725 	 0 	 0
0.6175 	 0.1575 	 0 	 0
0.61775 	 0.15775 	 0 	 0
0.618 	 0.158 	 0 	 0
0.61825 	 0.15825 	 0 	 0
0.6185 	 0.1585 	 0 	 0
0.61875 	 0.15875 	 0 	 0
0.619 	 0.159 	 0 	 0
0.61925 	 0.15925 	 0 	 0
0.6195 	 0.1595 	 0 	 0
0.61975 	 0.15975 	 0 	 0
0.62 	 0.16 	 0 	 0
0.62025 	 0.16025 	 0 	 0
0.6205 	 0.1605 	 0 	 0
0.62075 	 0.16075 	 0 	 0
0.621 	 0.161 	 0 	 0
0.62125 	 0.16125 	 0 	 0
0.6215 	 0.1615 	 0 	 0
0.62175 	 0.16175 	 0 	 0
0.622 	 0.162 	 0 	 0
0.62225 	 0.16225 	 0 	 0
0.6225 	 0.1625 	 0 	 0
0.62275 	 0.16275 	 0 	 0
0.623 	 0.163 	 0 	 0
0.62325 	 0.16325 	 0 	 0
0.6235 	 0.1635 	 0 	 0
0.62375 	 0.16375 	 0 	 0
0.624 	 0.164 	 0 	 0
0.62425 	 0.16425 	 0 	 0
0.6245 	 0.1645 	 0 	 0
0.62475 	 0.16475 	 0 	 0
0.625 	 0.165 	 0 	 0
0.62525 	 0.16525 	 0 	 0
0.6255 	 0.1655 	 0 	 0
0.62575 	 0.16575 	 0 	 0
0.626 	 0.166 	 0 	 0
0.62625 	 0.16625 	 0 	 0
0.6265 	 0.1665 	 0 	 0
0.62675 	 0.16675 	 0 	 0
0.627 	 0.167 	 0 	 0
0.62725 	 0.16725 	 0 	 0
0.6275 	 0.1675 	 0 	 0
0.62775 	 0.16775 	 0 	 0
0.628 	 0.168 	 0 	 0
0.62825 	 0.16825 	 0 	 0
0.6285 	 0.1685 	 0 	 0
0.62875 	 0.16875 	 0 	 0
0.629 	 0.169 	 0 	 0
0.62925 	 0.16925 	 0 	 0
0.6295 	 0.1695 	 0 	 0
0.62975 	 0.16975 	 0 	 0
0.63 	 0.17 	 0 	 0
0.63025 	 0.17025 	 0 	 0
0.6305 	 0.1705 	 0 	 0
0.63075 	 0.17075 	 0 	 0
0.631 	 0.171 	 0 	 0
0.63125 	 0.17125 	 0 	 0
0.6315 	 0.1715 	 0 	 0
0.63175 	 0.17175 	 0 	 0
0.632 	 0.172 	 0 	 0
0.63225 	 0.17225 	 0 	 0
0.6325 	 0.1725 	 0 	 0
0.63275 	 0.17275 	 0 	 0
0.633 	 0.173 	 0 	 0
0.63325 	 0.17325 	 0 	 0
0.6335 	 0.1735 	 0 	 0
0.63375 	 0.17375 	 0 	 0
0.634 	 0.174 	 0 	 0
0.63425 	 0.17425 	 0 	 0
0.6345 	 0.1745 	 0 	 0
0.63475 	 0.17475 	 0 	 0
0.635 	 0.175 	 0 	 0
0.63525 	 0.17525 	 0 	 0
0.6355 	 0.1755 	 0 	 0
0.63575 	 0.17575 	 0 	 0
0.636 	 0.176 	 0 	 0
0.63625 	 0.17625 	 0 	 0
0.6365 	 0.1765 	 0 	 0
0.63675 	 0.17675 	 0 	 0
0.637 	 0.177 	 0 	 0
0.63725 	 0.17725 	 0 	 0
0.6375 	 0.1775 	 0 	 0
0.63775 	 0.17775 	 0 	 0
0.638 	 0.178 	 0 	 0
0.63825 	 0.17825 	 0 	 0
0.6385 	 0.1785 	 0 	 0
0.63875 	 0.17875 	 0 	 0
0.639 	 0.179 	 0 	 0
0.63925 	 0.17925 	 0 	 0
0.6395 	 0.1795 	 0 	 0
0.63975 	 0.17975 	 0 	 0
0.64 	 0.18 	 0 	 0
0.64025 	 0.18025 	 0 	 0
0.6405 	 0.1805 	 0 	 0
0.64075 	 0.18075 	 0 	 0
0.641 	 0.181 	 0 	 0
0.64125 	 0.18125 	 0 	 0
0.6415 	 0.1815 	 0 	 0
0.64175 	 0.18175 	 0 	 0
0.642 	 0.182 	 0 	 0
0.64225 	 0.18225 	 0 	 0
0.6425 	 0.1825 	 0 	 0
0.64275 	 0.18275 	 0 	 0
0.643 	 0.183 	 0 	 0
0.64325 	 0.18325 	 0 	 0
0.6435 	 0.1835 	 0 	 0
0.64375 	 0.18375 	 0 	 0
0.644 	 0.184 	 0 	 0
0.64425 	 0.18425 	 0 	 0
0.6445 	 0.1845 	 0 	 0
0.64475 	 0.18475 	 0 	 0
0.645 	 0.185 	 0 	 0
0.64525 	 0.18525 	 0 	 0
0.6455 	 0.1855 	 0 	 0
0.64575 	 0.18575 	 0 	 0
0.646 	 0.186 	 0 	 0
0.64625 	 0.18625 	 0 	 0
0.6465 	 0.1865 	 0 	 0
0.64675 	 0.18675 	 0 	 0
0.647 	 0.187 	 0 	 0
0.64725 	 0.18725 	 0 	 0
0.6475 	 0.1875 	 0 	 0
0.64775 	 0.18775 	 0 	 0
0.648 	 0.188 	 0 	 0
0.64825 	 0.18825 	 0 	 0
0.6485 	 0.1885 	 0 	 0
0.64875 	 0.18875 	 0 	 0
0.649 	 0.189 	 0 	 0
0.64925 	 0.18925 	 0 	 0
0.6495 	 0.1895 	 0 	 0
0.64975 	 0.18975 	 0 	 0
0.65 	 0.19 	 0 	 0
0.65025 	 0.19025 	 0 	 0
0.6505 	 0.1905 	 0 	 0
0.65075 	 0.19075 	 0 	 0
0.651 	 0.191 	 0 	 0
0.65125 	 0.19125 	 0 	 0
0.6515 	 0.1915 	 0 	 0
0.65175 	 0.19175 	 0 	 0
0.652 	 0.192 	 0 	 0
0.65225 	 0.19225 	 0 	 0
0.6525 	 0.1925 	 0 	 0
0.65275 	 0.19275 	 0 	 0
0.653 	 0.193 	 0 	 0
0.65325 	 0.19325 	 0 	 0
0.6535 	 0.1935 	 0 	 0
0.65375 	 0.19375 	 0 	 0
0.654 	 0.194 	 0 	 0
0.65425 	 0.19425 	 0 	 0
0.6545 	 0.1945 	 0 	 0
0.65475 	 0.19475 	 0 	 0
0.655 	 0.195 	 0 	 0
0.65525 	 0.19525 	 0 	 0
0.6555 	 0.1955 	 0 	 0
0.65575 	 0.19575 	 0 	 0
0.656 	 0.196 	 0 	 0
0.65625 	 0.19625 	 0 	 0
0.6565 	 0.1965 	 0 	 0
0.65675 	 0.19675 	 0 	 0
0.657 	 0.197 	 0 	 0
0.65725 	 0.19725 	 0 	 0
0.6575 	 0.1975 	 0 	 0
0.65775 	 0.19775 	 0 	 0
0.658 	 0.198 	 0 	 0
0.65825 	 0.19825 	 0 	 0
0.6585 	 0.1985 	 0 	 0
0.65875 	 0.19875 	 0 	 0
