# FILE:  main_ispGauss_DGaO2016.py
# TIME:  Tue May 10 08:16:34 2016
# COMPUTATIONAL DOMAIN ----------------------------------------
# zMax   = 0.15
# rhoMax = 0.25
# Nz     = 600
# Nrho   = 5000
# Nphi   = 36
# LAYER PROPERTIES --------------------------------------------
# zIni   = 0.0
# zFin   = 0.1
# ma     = 20.0
# c0      = 1.0
# BEAM PARAMETERS ---------------------------------------------
# a    = 0.1
# MEASUREMENT PARAMETERS --------------------------------------
# zD   = -0.02
# dw   = 0.005
# OPTOACOUSTIC PARAMETERS -------------------------------------
# wD   = 4.0
# D    = 0.2
# SIMULATION RESULTS ------------------------------------------
# (t) 	 (c tau) 	 (p0(ctau)) 	 (p(rD,t))
0 	 -0.02 	 0 	 0
0.00025 	 -0.01975 	 0 	 0
0.0005 	 -0.0195 	 0 	 0
0.00075 	 -0.01925 	 0 	 0
0.001 	 -0.019 	 0 	 0
0.00125 	 -0.01875 	 0 	 0
0.0015 	 -0.0185 	 0 	 0
0.00175 	 -0.01825 	 0 	 0
0.002 	 -0.018 	 0 	 0
0.00225 	 -0.01775 	 0 	 0
0.0025 	 -0.0175 	 0 	 0
0.00275 	 -0.01725 	 0 	 0
0.003 	 -0.017 	 0 	 0
0.00325 	 -0.01675 	 0 	 0
0.0035 	 -0.0165 	 0 	 0
0.00375 	 -0.01625 	 0 	 0
0.004 	 -0.016 	 0 	 0
0.00425 	 -0.01575 	 0 	 0
0.0045 	 -0.0155 	 0 	 0
0.00475 	 -0.01525 	 0 	 0
0.005 	 -0.015 	 0 	 0
0.00525 	 -0.01475 	 0 	 0
0.0055 	 -0.0145 	 0 	 0
0.00575 	 -0.01425 	 0 	 0
0.006 	 -0.014 	 0 	 0
0.00625 	 -0.01375 	 0 	 0
0.0065 	 -0.0135 	 0 	 0
0.00675 	 -0.01325 	 0 	 0
0.007 	 -0.013 	 0 	 0
0.00725 	 -0.01275 	 0 	 0
0.0075 	 -0.0125 	 0 	 0
0.00775 	 -0.01225 	 0 	 0
0.008 	 -0.012 	 0 	 0
0.00825 	 -0.01175 	 0 	 0
0.0085 	 -0.0115 	 0 	 0
0.00875 	 -0.01125 	 0 	 0
0.009 	 -0.011 	 0 	 0
0.00925 	 -0.01075 	 0 	 0
0.0095 	 -0.0105 	 0 	 0
0.00975 	 -0.01025 	 0 	 0
0.01 	 -0.01 	 0 	 0
0.01025 	 -0.00975 	 0 	 0
0.0105 	 -0.0095 	 0 	 0
0.01075 	 -0.00925 	 0 	 0
0.011 	 -0.009 	 0 	 0
0.01125 	 -0.00875 	 0 	 0
0.0115 	 -0.0085 	 0 	 0
0.01175 	 -0.00825 	 0 	 0
0.012 	 -0.008 	 0 	 0
0.01225 	 -0.00775 	 0 	 0
0.0125 	 -0.0075 	 0 	 0
0.01275 	 -0.00725 	 0 	 0
0.013 	 -0.007 	 0 	 0
0.01325 	 -0.00675 	 0 	 0
0.0135 	 -0.0065 	 0 	 0
0.01375 	 -0.00625 	 0 	 0
0.014 	 -0.006 	 0 	 0
0.01425 	 -0.00575 	 0 	 0
0.0145 	 -0.0055 	 0 	 0
0.01475 	 -0.00525 	 0 	 0
0.015 	 -0.005 	 0 	 0
0.01525 	 -0.00475 	 0 	 0
0.0155 	 -0.0045 	 0 	 0
0.01575 	 -0.00425 	 0 	 0
0.016 	 -0.004 	 0 	 0
0.01625 	 -0.00375 	 0 	 0
0.0165 	 -0.0035 	 0 	 0
0.01675 	 -0.00325 	 0 	 0
0.017 	 -0.003 	 0 	 0
0.01725 	 -0.00275 	 0 	 3.9318e-05
0.0175 	 -0.0025 	 0 	 0.000116439
0.01775 	 -0.00225 	 0 	 0.000196117
0.018 	 -0.002 	 0 	 0.000277764
0.01825 	 -0.00175 	 0 	 0.000349676
0.0185 	 -0.0015 	 0 	 0.000428013
0.01875 	 -0.00125 	 0 	 0.000509976
0.019 	 -0.001 	 0 	 0.000587532
0.01925 	 -0.00075 	 0 	 0.000662524
0.0195 	 -0.0005 	 0 	 0.000741901
0.01975 	 -0.00025 	 0 	 0.000820405
0.02 	 0 	 1 	 0.000899435
0.02025 	 0.00025 	 1 	 0.000977548
0.0205 	 0.0005 	 1 	 0.00104451
0.02075 	 0.00075 	 1 	 0.00113138
0.021 	 0.001 	 1 	 0.00121539
0.02125 	 0.00125 	 1 	 0.00127781
0.0215 	 0.0015 	 1 	 0.00135439
0.02175 	 0.00175 	 1 	 0.00143612
0.022 	 0.002 	 1 	 0.0015145
0.02225 	 0.00225 	 1 	 0.00155062
0.0225 	 0.0025 	 1 	 0.00155679
0.02275 	 0.00275 	 1 	 0.00155586
0.023 	 0.003 	 1 	 0.00153918
0.02325 	 0.00325 	 1 	 0.00154175
0.0235 	 0.0035 	 1 	 0.00153145
0.02375 	 0.00375 	 1 	 0.001537
0.024 	 0.004 	 1 	 0.00154318
0.02425 	 0.00425 	 1 	 0.00154741
0.0245 	 0.0045 	 1 	 0.0015355
0.02475 	 0.00475 	 1 	 0.00150858
0.025 	 0.005 	 1 	 0.00152234
0.02525 	 0.00525 	 1 	 0.00153546
0.0255 	 0.0055 	 1 	 0.00154174
0.02575 	 0.00575 	 1 	 0.00152061
0.026 	 0.006 	 1 	 0.00149687
0.02625 	 0.00625 	 1 	 0.00152592
0.0265 	 0.0065 	 1 	 0.00153502
0.02675 	 0.00675 	 1 	 0.00150433
0.027 	 0.007 	 1 	 0.00150532
0.02725 	 0.00725 	 1 	 0.00150215
0.0275 	 0.0075 	 1 	 0.00148176
0.02775 	 0.00775 	 1 	 0.0014966
0.028 	 0.008 	 1 	 0.00151753
0.02825 	 0.00825 	 1 	 0.00150458
0.0285 	 0.0085 	 1 	 0.00149127
0.02875 	 0.00875 	 1 	 0.00147704
0.029 	 0.009 	 1 	 0.00148504
0.02925 	 0.00925 	 1 	 0.0014758
0.0295 	 0.0095 	 1 	 0.00148859
0.02975 	 0.00975 	 1 	 0.0015001
0.03 	 0.01 	 1 	 0.0014616
0.03025 	 0.01025 	 1 	 0.00146522
0.0305 	 0.0105 	 1 	 0.00145889
0.03075 	 0.01075 	 1 	 0.00148055
0.031 	 0.011 	 1 	 0.00148091
0.03125 	 0.01125 	 1 	 0.00143559
0.0315 	 0.0115 	 1 	 0.0014319
0.03175 	 0.01175 	 1 	 0.0014544
0.032 	 0.012 	 1 	 0.00146041
0.03225 	 0.01225 	 1 	 0.00144798
0.0325 	 0.0125 	 1 	 0.00145071
0.03275 	 0.01275 	 1 	 0.00143166
0.033 	 0.013 	 1 	 0.00142481
0.03325 	 0.01325 	 1 	 0.00143853
0.0335 	 0.0135 	 1 	 0.00143791
0.03375 	 0.01375 	 1 	 0.00146489
0.034 	 0.014 	 1 	 0.00141569
0.03425 	 0.01425 	 1 	 0.00138879
0.0345 	 0.0145 	 1 	 0.00142167
0.03475 	 0.01475 	 1 	 0.00141643
0.035 	 0.015 	 1 	 0.00141098
0.03525 	 0.01525 	 1 	 0.00138206
0.0355 	 0.0155 	 1 	 0.00137699
0.03575 	 0.01575 	 1 	 0.00138654
0.036 	 0.016 	 1 	 0.00141171
0.03625 	 0.01625 	 1 	 0.00142365
0.0365 	 0.0165 	 1 	 0.00139487
0.03675 	 0.01675 	 1 	 0.001378
0.037 	 0.017 	 1 	 0.00136592
0.03725 	 0.01725 	 1 	 0.00136702
0.0375 	 0.0175 	 1 	 0.0013958
0.03775 	 0.01775 	 1 	 0.00139405
0.038 	 0.018 	 1 	 0.00133997
0.03825 	 0.01825 	 1 	 0.00132743
0.0385 	 0.0185 	 1 	 0.00132626
0.03875 	 0.01875 	 1 	 0.00132845
0.039 	 0.019 	 1 	 0.00137248
0.03925 	 0.01925 	 1 	 0.00135906
0.0395 	 0.0195 	 1 	 0.0013318
0.03975 	 0.01975 	 1 	 0.00133127
0.04 	 0.02 	 1 	 0.0013179
0.04025 	 0.02025 	 1 	 0.00133376
0.0405 	 0.0205 	 1 	 0.00134614
0.04075 	 0.02075 	 1 	 0.0013327
0.041 	 0.021 	 1 	 0.00129355
0.04125 	 0.02125 	 1 	 0.0012747
0.0415 	 0.0215 	 1 	 0.0013012
0.04175 	 0.02175 	 1 	 0.00129537
0.042 	 0.022 	 1 	 0.00130212
0.04225 	 0.02225 	 1 	 0.00130641
0.0425 	 0.0225 	 1 	 0.00127123
0.04275 	 0.02275 	 1 	 0.00124997
0.043 	 0.023 	 1 	 0.0013004
0.04325 	 0.02325 	 1 	 0.00131429
0.0435 	 0.0235 	 1 	 0.0012902
0.04375 	 0.02375 	 1 	 0.00126997
0.044 	 0.024 	 1 	 0.00124064
0.04425 	 0.02425 	 1 	 0.00124732
0.0445 	 0.0245 	 1 	 0.0012495
0.04475 	 0.02475 	 1 	 0.00123778
0.045 	 0.025 	 1 	 0.00126408
0.04525 	 0.02525 	 1 	 0.00124301
0.0455 	 0.0255 	 1 	 0.00120806
0.04575 	 0.02575 	 1 	 0.00121792
0.046 	 0.026 	 1 	 0.00120873
0.04625 	 0.02625 	 1 	 0.00123578
0.0465 	 0.0265 	 1 	 0.0012388
0.04675 	 0.02675 	 1 	 0.0012428
0.047 	 0.027 	 1 	 0.00121561
0.04725 	 0.02725 	 1 	 0.00116854
0.0475 	 0.0275 	 1 	 0.00117408
0.04775 	 0.02775 	 1 	 0.00118936
0.048 	 0.028 	 1 	 0.00119333
0.04825 	 0.02825 	 1 	 0.00116235
0.0485 	 0.0285 	 1 	 0.00117072
0.04875 	 0.02875 	 1 	 0.00116098
0.049 	 0.029 	 1 	 0.00113167
0.04925 	 0.02925 	 1 	 0.00118633
0.0495 	 0.0295 	 1 	 0.00117567
0.04975 	 0.02975 	 1 	 0.00113317
0.05 	 0.03 	 1 	 0.0011315
0.05025 	 0.03025 	 1 	 0.00113058
0.0505 	 0.0305 	 1 	 0.00117019
0.05075 	 0.03075 	 1 	 0.00115245
0.051 	 0.031 	 1 	 0.00112254
0.05125 	 0.03125 	 1 	 0.00111183
0.0515 	 0.0315 	 1 	 0.00108501
0.05175 	 0.03175 	 1 	 0.0010923
0.052 	 0.032 	 1 	 0.00109623
0.05225 	 0.03225 	 1 	 0.00112471
0.0525 	 0.0325 	 1 	 0.0011251
0.05275 	 0.03275 	 1 	 0.00107422
0.053 	 0.033 	 1 	 0.00108048
0.05325 	 0.03325 	 1 	 0.001075
0.0535 	 0.0335 	 1 	 0.00106016
0.05375 	 0.03375 	 1 	 0.00108425
0.054 	 0.034 	 1 	 0.0010958
0.05425 	 0.03425 	 1 	 0.00107775
0.0545 	 0.0345 	 1 	 0.0010591
0.05475 	 0.03475 	 1 	 0.00103208
0.055 	 0.035 	 1 	 0.00102878
0.05525 	 0.03525 	 1 	 0.00103364
0.0555 	 0.0355 	 1 	 0.00105093
0.05575 	 0.03575 	 1 	 0.00102652
0.056 	 0.036 	 1 	 0.00100568
0.05625 	 0.03625 	 1 	 0.000995936
0.0565 	 0.0365 	 1 	 0.000978487
0.05675 	 0.03675 	 1 	 0.00101231
0.057 	 0.037 	 1 	 0.00102857
0.05725 	 0.03725 	 1 	 0.00101419
0.0575 	 0.0375 	 1 	 0.000974476
0.05775 	 0.03775 	 1 	 0.000988479
0.058 	 0.038 	 1 	 0.000934869
0.05825 	 0.03825 	 1 	 0.00101265
0.0585 	 0.0385 	 1 	 0.00102458
0.05875 	 0.03875 	 1 	 0.000927302
0.059 	 0.039 	 1 	 0.000943392
0.05925 	 0.03925 	 1 	 0.000868641
0.0595 	 0.0395 	 1 	 0.000917012
0.05975 	 0.03975 	 1 	 0.00102949
0.06 	 0.04 	 1 	 0.000964034
0.06025 	 0.04025 	 1 	 0.000894822
0.0605 	 0.0405 	 1 	 0.000868636
0.06075 	 0.04075 	 1 	 0.000900703
0.061 	 0.041 	 1 	 0.000998973
0.06125 	 0.04125 	 1 	 0.000957685
0.0615 	 0.0415 	 1 	 0.00092603
0.06175 	 0.04175 	 1 	 0.000901648
0.062 	 0.042 	 1 	 0.000815921
0.06225 	 0.04225 	 1 	 0.000871131
0.0625 	 0.0425 	 1 	 0.000898662
0.06275 	 0.04275 	 1 	 0.000902312
0.063 	 0.043 	 1 	 0.000900195
0.06325 	 0.04325 	 1 	 0.000768466
0.0635 	 0.0435 	 1 	 0.000832449
0.06375 	 0.04375 	 1 	 0.000880335
0.064 	 0.044 	 1 	 0.000868518
0.06425 	 0.04425 	 1 	 0.00091347
0.0645 	 0.0445 	 1 	 0.000821115
0.06475 	 0.04475 	 1 	 0.000798723
0.065 	 0.045 	 1 	 0.000840759
0.06525 	 0.04525 	 1 	 0.000874177
0.0655 	 0.0455 	 1 	 0.000815009
0.06575 	 0.04575 	 1 	 0.000756316
0.066 	 0.046 	 1 	 0.000755209
0.06625 	 0.04625 	 1 	 0.000765286
0.0665 	 0.0465 	 1 	 0.000795662
0.06675 	 0.04675 	 1 	 0.000797139
0.067 	 0.047 	 1 	 0.000803102
0.06725 	 0.04725 	 1 	 0.00077036
0.0675 	 0.0475 	 1 	 0.000781199
0.06775 	 0.04775 	 1 	 0.000754269
0.068 	 0.048 	 1 	 0.000758948
0.06825 	 0.04825 	 1 	 0.000793859
0.0685 	 0.0485 	 1 	 0.000744044
0.06875 	 0.04875 	 1 	 0.000753767
0.069 	 0.049 	 1 	 0.000721903
0.06925 	 0.04925 	 1 	 0.000728563
0.0695 	 0.0495 	 1 	 0.000700796
0.06975 	 0.04975 	 1 	 0.000687119
0.07 	 0.05 	 1 	 0.000737452
0.07025 	 0.05025 	 1 	 0.000672923
0.0705 	 0.0505 	 1 	 0.000724475
0.07075 	 0.05075 	 1 	 0.000733467
0.071 	 0.051 	 1 	 0.00065921
0.07125 	 0.05125 	 1 	 0.000714304
0.0715 	 0.0515 	 1 	 0.000721129
0.07175 	 0.05175 	 1 	 0.000662979
0.072 	 0.052 	 1 	 0.000674095
0.07225 	 0.05225 	 1 	 0.000645655
0.0725 	 0.0525 	 1 	 0.000612119
0.07275 	 0.05275 	 1 	 0.000685282
0.073 	 0.053 	 1 	 0.000673931
0.07325 	 0.05325 	 1 	 0.000622691
0.0735 	 0.0535 	 1 	 0.000635129
0.07375 	 0.05375 	 1 	 0.000605698
0.074 	 0.054 	 1 	 0.000609911
0.07425 	 0.05425 	 1 	 0.000601816
0.0745 	 0.0545 	 1 	 0.000660281
0.07475 	 0.05475 	 1 	 0.000623029
0.075 	 0.055 	 1 	 0.000571339
0.07525 	 0.05525 	 1 	 0.000650172
0.0755 	 0.0555 	 1 	 0.000555921
0.07575 	 0.05575 	 1 	 0.000563218
0.076 	 0.056 	 1 	 0.000648025
0.07625 	 0.05625 	 1 	 0.00057198
0.0765 	 0.0565 	 1 	 0.000527551
0.07675 	 0.05675 	 1 	 0.000559128
0.077 	 0.057 	 1 	 0.000543363
0.07725 	 0.05725 	 1 	 0.000562755
0.0775 	 0.0575 	 1 	 0.000546797
0.07775 	 0.05775 	 1 	 0.000523361
0.078 	 0.058 	 1 	 0.000537667
0.07825 	 0.05825 	 1 	 0.000544812
0.0785 	 0.0585 	 1 	 0.00055852
0.07875 	 0.05875 	 1 	 0.000488756
0.079 	 0.059 	 1 	 0.000551717
0.07925 	 0.05925 	 1 	 0.000570121
0.0795 	 0.0595 	 1 	 0.000491992
0.07975 	 0.05975 	 1 	 0.000511716
0.08 	 0.06 	 1 	 0.000427671
0.08025 	 0.06025 	 1 	 0.000460887
0.0805 	 0.0605 	 1 	 0.000556645
0.08075 	 0.06075 	 1 	 0.000491805
0.081 	 0.061 	 1 	 0.000432443
0.08125 	 0.06125 	 1 	 0.000412855
0.0815 	 0.0615 	 1 	 0.000442996
0.08175 	 0.06175 	 1 	 0.000517304
0.082 	 0.062 	 1 	 0.000522788
0.08225 	 0.06225 	 1 	 0.000472932
0.0825 	 0.0625 	 1 	 0.000456118
0.08275 	 0.06275 	 1 	 0.00037366
0.083 	 0.063 	 1 	 0.000402543
0.08325 	 0.06325 	 1 	 0.000445476
0.0835 	 0.0635 	 1 	 0.000413795
0.08375 	 0.06375 	 1 	 0.000462661
0.084 	 0.064 	 1 	 0.000362172
0.08425 	 0.06425 	 1 	 0.000337856
0.0845 	 0.0645 	 1 	 0.000392625
0.08475 	 0.06475 	 1 	 0.000399337
0.085 	 0.065 	 1 	 0.000449074
0.08525 	 0.06525 	 1 	 0.000394571
0.0855 	 0.0655 	 1 	 0.000368509
0.08575 	 0.06575 	 1 	 0.000376853
0.086 	 0.066 	 1 	 0.000391907
0.08625 	 0.06625 	 1 	 0.000415934
0.0865 	 0.0665 	 1 	 0.000367122
0.08675 	 0.06675 	 1 	 0.000295437
0.087 	 0.067 	 1 	 0.000311639
0.08725 	 0.06725 	 1 	 0.000303366
0.0875 	 0.0675 	 1 	 0.000342091
0.08775 	 0.06775 	 1 	 0.000408164
0.088 	 0.068 	 1 	 0.000348142
0.08825 	 0.06825 	 1 	 0.000317423
0.0885 	 0.0685 	 1 	 0.000248166
0.08875 	 0.06875 	 1 	 0.000313021
0.089 	 0.069 	 1 	 0.000369029
0.08925 	 0.06925 	 1 	 0.000325609
0.0895 	 0.0695 	 1 	 0.000329752
0.08975 	 0.06975 	 1 	 0.000280707
0.09 	 0.07 	 1 	 0.000266817
0.09025 	 0.07025 	 1 	 0.000294456
0.0905 	 0.0705 	 1 	 0.000275886
0.09075 	 0.07075 	 1 	 0.000274333
0.091 	 0.071 	 1 	 0.000240622
0.09125 	 0.07125 	 1 	 0.000232648
0.0915 	 0.0715 	 1 	 0.000299188
0.09175 	 0.07175 	 1 	 0.000252849
0.092 	 0.072 	 1 	 0.000235926
0.09225 	 0.07225 	 1 	 0.000277981
0.0925 	 0.0725 	 1 	 0.000236377
0.09275 	 0.07275 	 1 	 0.000251714
0.093 	 0.073 	 1 	 0.000242678
0.09325 	 0.07325 	 1 	 0.000205974
0.0935 	 0.0735 	 1 	 0.000265496
0.09375 	 0.07375 	 1 	 0.000219813
0.094 	 0.074 	 1 	 0.00018955
0.09425 	 0.07425 	 1 	 0.00019783
0.0945 	 0.0745 	 1 	 0.000179604
0.09475 	 0.07475 	 1 	 0.000197388
0.095 	 0.075 	 1 	 0.00019454
0.09525 	 0.07525 	 1 	 0.00019081
0.0955 	 0.0755 	 1 	 0.000178547
0.09575 	 0.07575 	 1 	 0.00019914
0.096 	 0.076 	 1 	 0.000198156
0.09625 	 0.07625 	 1 	 0.000168049
0.0965 	 0.0765 	 1 	 0.000183726
0.09675 	 0.07675 	 1 	 0.0001878
0.097 	 0.077 	 1 	 0.000181777
0.09725 	 0.07725 	 1 	 0.000151241
0.0975 	 0.0775 	 1 	 0.000146007
0.09775 	 0.07775 	 1 	 0.000105568
0.098 	 0.078 	 1 	 0.000101461
0.09825 	 0.07825 	 1 	 0.000159479
0.0985 	 0.0785 	 1 	 0.000162127
0.09875 	 0.07875 	 1 	 0.000164644
0.099 	 0.079 	 1 	 0.000112014
0.09925 	 0.07925 	 1 	 9.92104e-05
0.0995 	 0.0795 	 1 	 0.000113465
0.09975 	 0.07975 	 1 	 0.000113413
0.1 	 0.08 	 1 	 0.000154687
0.10025 	 0.08025 	 1 	 0.000121151
0.1005 	 0.0805 	 1 	 8.73524e-05
0.10075 	 0.08075 	 1 	 8.11248e-05
0.101 	 0.081 	 1 	 0.000100624
0.10125 	 0.08125 	 1 	 0.000122317
0.1015 	 0.0815 	 1 	 2.37525e-05
0.10175 	 0.08175 	 1 	 3.69794e-05
0.102 	 0.082 	 1 	 6.71468e-05
0.10225 	 0.08225 	 1 	 5.14131e-05
0.1025 	 0.0825 	 1 	 8.77282e-05
0.10275 	 0.08275 	 1 	 0.000103624
0.103 	 0.083 	 1 	 8.49724e-05
0.10325 	 0.08325 	 1 	 6.5223e-05
0.1035 	 0.0835 	 1 	 2.38152e-05
0.10375 	 0.08375 	 1 	 9.51699e-06
0.104 	 0.084 	 1 	 8.73923e-05
0.10425 	 0.08425 	 1 	 8.3502e-05
0.1045 	 0.0845 	 1 	 3.90742e-05
0.10475 	 0.08475 	 1 	 3.54729e-06
0.105 	 0.085 	 1 	 -5.31124e-06
0.10525 	 0.08525 	 1 	 -2.52588e-05
0.1055 	 0.0855 	 1 	 1.30076e-05
0.10575 	 0.08575 	 1 	 7.79956e-05
0.106 	 0.086 	 1 	 6.23181e-06
0.10625 	 0.08625 	 1 	 2.66522e-05
0.1065 	 0.0865 	 1 	 3.1118e-05
0.10675 	 0.08675 	 1 	 -1.55904e-06
0.107 	 0.087 	 1 	 2.56697e-05
0.10725 	 0.08725 	 1 	 2.80779e-05
0.1075 	 0.0875 	 1 	 -8.57749e-07
0.10775 	 0.08775 	 1 	 -8.53311e-05
0.108 	 0.088 	 1 	 -6.03158e-05
0.10825 	 0.08825 	 1 	 9.24565e-06
0.1085 	 0.0885 	 1 	 1.37946e-05
0.10875 	 0.08875 	 1 	 -1.0378e-05
0.109 	 0.089 	 1 	 -6.41709e-05
0.10925 	 0.08925 	 1 	 -8.95924e-05
0.1095 	 0.0895 	 1 	 -3.19126e-05
0.10975 	 0.08975 	 1 	 1.8406e-05
0.11 	 0.09 	 1 	 1.63756e-06
0.11025 	 0.09025 	 1 	 -1.36546e-05
0.1105 	 0.0905 	 1 	 -9.08685e-05
0.11075 	 0.09075 	 1 	 -9.30575e-05
0.111 	 0.091 	 1 	 -5.73627e-05
0.11125 	 0.09125 	 1 	 -8.23335e-05
0.1115 	 0.0915 	 1 	 -3.03496e-05
0.11175 	 0.09175 	 1 	 -5.78979e-05
0.112 	 0.092 	 1 	 -8.41056e-05
0.11225 	 0.09225 	 1 	 -8.35408e-05
0.1125 	 0.0925 	 1 	 -8.99968e-05
0.11275 	 0.09275 	 1 	 -7.07388e-05
0.113 	 0.093 	 1 	 -6.61112e-05
0.11325 	 0.09325 	 1 	 -9.38703e-05
0.1135 	 0.0935 	 1 	 -9.45007e-05
0.11375 	 0.09375 	 1 	 -7.67888e-05
0.114 	 0.094 	 1 	 -7.76872e-05
0.11425 	 0.09425 	 1 	 -8.33556e-05
0.1145 	 0.0945 	 1 	 -0.000131418
0.11475 	 0.09475 	 1 	 -0.000128378
0.115 	 0.095 	 1 	 -0.000115574
0.11525 	 0.09525 	 1 	 -0.00011652
0.1155 	 0.0955 	 1 	 -6.98981e-05
0.11575 	 0.09575 	 1 	 -0.000125483
0.116 	 0.096 	 1 	 -0.000130895
0.11625 	 0.09625 	 1 	 -0.00011363
0.1165 	 0.0965 	 1 	 -0.000143553
0.11675 	 0.09675 	 1 	 -0.000120683
0.117 	 0.097 	 1 	 -0.000143374
0.11725 	 0.09725 	 1 	 -0.000182194
0.1175 	 0.0975 	 1 	 -0.000241787
0.11775 	 0.09775 	 1 	 -0.000280496
0.118 	 0.098 	 1 	 -0.000381116
0.11825 	 0.09825 	 1 	 -0.000527016
0.1185 	 0.0985 	 1 	 -0.000625932
0.11875 	 0.09875 	 1 	 -0.000665958
0.119 	 0.099 	 1 	 -0.000745932
0.11925 	 0.09925 	 1 	 -0.000771622
0.1195 	 0.0995 	 1 	 -0.000837004
0.11975 	 0.09975 	 1 	 -0.00100504
0.12 	 0.1 	 0 	 -0.00104835
0.12025 	 0.10025 	 0 	 -0.00113861
0.1205 	 0.1005 	 0 	 -0.00117037
0.12075 	 0.10075 	 0 	 -0.00120299
0.121 	 0.101 	 0 	 -0.00133893
0.12125 	 0.10125 	 0 	 -0.00142055
0.1215 	 0.1015 	 0 	 -0.00150107
0.12175 	 0.10175 	 0 	 -0.00154424
0.122 	 0.102 	 0 	 -0.00161629
0.12225 	 0.10225 	 0 	 -0.00167669
0.1225 	 0.1025 	 0 	 -0.00164856
0.12275 	 0.10275 	 0 	 -0.00168144
0.123 	 0.103 	 0 	 -0.00168889
0.12325 	 0.10325 	 0 	 -0.00159106
0.1235 	 0.1035 	 0 	 -0.00159653
0.12375 	 0.10375 	 0 	 -0.00162701
0.124 	 0.104 	 0 	 -0.00157997
0.12425 	 0.10425 	 0 	 -0.00162576
0.1245 	 0.1045 	 0 	 -0.00161283
0.12475 	 0.10475 	 0 	 -0.00156445
0.125 	 0.105 	 0 	 -0.00157457
0.12525 	 0.10525 	 0 	 -0.00154849
0.1255 	 0.1055 	 0 	 -0.0016049
0.12575 	 0.10575 	 0 	 -0.00162776
0.126 	 0.106 	 0 	 -0.00156914
0.12625 	 0.10625 	 0 	 -0.00153166
0.1265 	 0.1065 	 0 	 -0.00152237
0.12675 	 0.10675 	 0 	 -0.00153298
0.127 	 0.107 	 0 	 -0.00152722
0.12725 	 0.10725 	 0 	 -0.00151347
0.1275 	 0.1075 	 0 	 -0.00153091
0.12775 	 0.10775 	 0 	 -0.00149575
0.128 	 0.108 	 0 	 -0.0014629
0.12825 	 0.10825 	 0 	 -0.0015003
0.1285 	 0.1085 	 0 	 -0.00148552
0.12875 	 0.10875 	 0 	 -0.00152573
0.129 	 0.109 	 0 	 -0.00151507
0.12925 	 0.10925 	 0 	 -0.00143522
0.1295 	 0.1095 	 0 	 -0.00145373
0.12975 	 0.10975 	 0 	 -0.0014715
0.13 	 0.11 	 0 	 -0.00149114
0.13025 	 0.11025 	 0 	 -0.00145371
0.1305 	 0.1105 	 0 	 -0.00141694
0.13075 	 0.11075 	 0 	 -0.00140556
0.131 	 0.111 	 0 	 -0.0013955
0.13125 	 0.11125 	 0 	 -0.00142972
0.1315 	 0.1115 	 0 	 -0.00143566
0.13175 	 0.11175 	 0 	 -0.00141605
0.132 	 0.112 	 0 	 -0.00139198
0.13225 	 0.11225 	 0 	 -0.00137812
0.1325 	 0.1125 	 0 	 -0.00138147
0.13275 	 0.11275 	 0 	 -0.00139337
0.133 	 0.113 	 0 	 -0.00138621
0.13325 	 0.11325 	 0 	 -0.00139693
0.1335 	 0.1135 	 0 	 -0.00136841
0.13375 	 0.11375 	 0 	 -0.00129804
0.134 	 0.114 	 0 	 -0.00134416
0.13425 	 0.11425 	 0 	 -0.00136088
0.1345 	 0.1145 	 0 	 -0.00132379
0.13475 	 0.11475 	 0 	 -0.00130383
0.135 	 0.115 	 0 	 -0.00128697
0.13525 	 0.11525 	 0 	 -0.00133295
0.1355 	 0.1155 	 0 	 -0.00131836
0.13575 	 0.11575 	 0 	 -0.0013075
0.136 	 0.116 	 0 	 -0.00130602
0.13625 	 0.11625 	 0 	 -0.00128138
0.1365 	 0.1165 	 0 	 -0.00126649
0.13675 	 0.11675 	 0 	 -0.00127003
0.137 	 0.117 	 0 	 -0.00128518
0.13725 	 0.11725 	 0 	 -0.00126364
0.1375 	 0.1175 	 0 	 -0.00127905
0.13775 	 0.11775 	 0 	 -0.00125292
0.138 	 0.118 	 0 	 -0.00122038
0.13825 	 0.11825 	 0 	 -0.00121467
0.1385 	 0.1185 	 0 	 -0.00122314
0.13875 	 0.11875 	 0 	 -0.00123141
0.139 	 0.119 	 0 	 -0.00121825
0.13925 	 0.11925 	 0 	 -0.00122671
0.1395 	 0.1195 	 0 	 -0.00121001
0.13975 	 0.11975 	 0 	 -0.00120793
0.14 	 0.12 	 0 	 -0.00119965
0.14025 	 0.12025 	 0 	 -0.00115909
0.1405 	 0.1205 	 0 	 -0.00117439
0.14075 	 0.12075 	 0 	 -0.001208
0.141 	 0.121 	 0 	 -0.00118609
0.14125 	 0.12125 	 0 	 -0.00114259
0.1415 	 0.1215 	 0 	 -0.00113014
0.14175 	 0.12175 	 0 	 -0.00114532
0.142 	 0.122 	 0 	 -0.00114911
0.14225 	 0.12225 	 0 	 -0.00114574
0.1425 	 0.1225 	 0 	 -0.00110999
0.14275 	 0.12275 	 0 	 -0.00109729
0.143 	 0.123 	 0 	 -0.00113046
0.14325 	 0.12325 	 0 	 -0.00114294
0.1435 	 0.1235 	 0 	 -0.00111401
0.14375 	 0.12375 	 0 	 -0.00109708
0.144 	 0.124 	 0 	 -0.00108075
0.14425 	 0.12425 	 0 	 -0.0010762
0.1445 	 0.1245 	 0 	 -0.00110242
0.14475 	 0.12475 	 0 	 -0.00107547
0.145 	 0.125 	 0 	 -0.00107293
0.14525 	 0.12525 	 0 	 -0.00106883
0.1455 	 0.1255 	 0 	 -0.00103584
0.14575 	 0.12575 	 0 	 -0.00103071
0.146 	 0.126 	 0 	 -0.00103506
0.14625 	 0.12625 	 0 	 -0.00107344
0.1465 	 0.1265 	 0 	 -0.00106001
0.14675 	 0.12675 	 0 	 -0.00101842
0.147 	 0.127 	 0 	 -0.00102419
0.14725 	 0.12725 	 0 	 -0.00101164
0.1475 	 0.1275 	 0 	 -0.00101871
0.14775 	 0.12775 	 0 	 -0.00102563
0.148 	 0.128 	 0 	 -0.00100887
0.14825 	 0.12825 	 0 	 -0.000989951
0.1485 	 0.1285 	 0 	 -0.000971235
0.14875 	 0.12875 	 0 	 -0.000984415
0.149 	 0.129 	 0 	 -0.000964373
0.14925 	 0.12925 	 0 	 -0.000964639
0.1495 	 0.1295 	 0 	 -0.000989541
0.14975 	 0.12975 	 0 	 -0.000947921
0.15 	 0.13 	 0 	 -0.00094797
0.15025 	 0.13025 	 0 	 -0.000959747
0.1505 	 0.1305 	 0 	 -0.000948368
0.15075 	 0.13075 	 0 	 -0.00096389
0.151 	 0.131 	 0 	 -0.000940226
0.15125 	 0.13125 	 0 	 -0.000910662
0.1515 	 0.1315 	 0 	 -0.000916552
0.15175 	 0.13175 	 0 	 -0.000927043
0.152 	 0.132 	 0 	 -0.000910313
0.15225 	 0.13225 	 0 	 -0.000888691
0.1525 	 0.1325 	 0 	 -0.000897789
0.15275 	 0.13275 	 0 	 -0.000897869
0.153 	 0.133 	 0 	 -0.000870149
0.15325 	 0.13325 	 0 	 -0.000875978
0.1535 	 0.1335 	 0 	 -0.000891273
0.15375 	 0.13375 	 0 	 -0.000885992
0.154 	 0.134 	 0 	 -0.000892884
0.15425 	 0.13425 	 0 	 -0.000871343
0.1545 	 0.1345 	 0 	 -0.000833888
0.15475 	 0.13475 	 0 	 -0.000853353
0.155 	 0.135 	 0 	 -0.000856044
0.15525 	 0.13525 	 0 	 -0.000841979
0.1555 	 0.1355 	 0 	 -0.000844795
0.15575 	 0.13575 	 0 	 -0.000806929
0.156 	 0.136 	 0 	 -0.0008173
0.15625 	 0.13625 	 0 	 -0.000822724
0.1565 	 0.1365 	 0 	 -0.000812824
0.15675 	 0.13675 	 0 	 -0.000825384
0.157 	 0.137 	 0 	 -0.000807468
0.15725 	 0.13725 	 0 	 -0.000807139
0.1575 	 0.1375 	 0 	 -0.000796785
0.15775 	 0.13775 	 0 	 -0.000787113
0.158 	 0.138 	 0 	 -0.000801028
0.15825 	 0.13825 	 0 	 -0.000786337
0.1585 	 0.1385 	 0 	 -0.000777019
0.15875 	 0.13875 	 0 	 -0.000774821
0.159 	 0.139 	 0 	 -0.000754936
0.15925 	 0.13925 	 0 	 -0.000751066
0.1595 	 0.1395 	 0 	 -0.000753189
0.15975 	 0.13975 	 0 	 -0.00075102
0.16 	 0.14 	 0 	 -0.000748625
0.16025 	 0.14025 	 0 	 -0.000727932
0.1605 	 0.1405 	 0 	 -0.000740047
0.16075 	 0.14075 	 0 	 -0.000738699
0.161 	 0.141 	 0 	 -0.000724861
0.16125 	 0.14125 	 0 	 -0.000747387
0.1615 	 0.1415 	 0 	 -0.00072794
0.16175 	 0.14175 	 0 	 -0.000704657
0.162 	 0.142 	 0 	 -0.000702957
0.16225 	 0.14225 	 0 	 -0.000703682
0.1625 	 0.1425 	 0 	 -0.000705338
0.16275 	 0.14275 	 0 	 -0.000693722
0.163 	 0.143 	 0 	 -0.000678241
0.16325 	 0.14325 	 0 	 -0.000671121
0.1635 	 0.1435 	 0 	 -0.000674281
0.16375 	 0.14375 	 0 	 -0.000684337
0.164 	 0.144 	 0 	 -0.000677209
0.16425 	 0.14425 	 0 	 -0.000675458
0.1645 	 0.1445 	 0 	 -0.000676749
0.16475 	 0.14475 	 0 	 -0.000658036
0.165 	 0.145 	 0 	 -0.000654087
0.16525 	 0.14525 	 0 	 -0.000651337
0.1655 	 0.1455 	 0 	 -0.000643616
0.16575 	 0.14575 	 0 	 -0.000654623
0.166 	 0.146 	 0 	 -0.000637863
0.16625 	 0.14625 	 0 	 -0.00061578
0.1665 	 0.1465 	 0 	 -0.000619768
0.16675 	 0.14675 	 0 	 -0.000624901
0.167 	 0.147 	 0 	 -0.000628735
0.16725 	 0.14725 	 0 	 -0.000621286
0.1675 	 0.1475 	 0 	 -0.000608644
0.16775 	 0.14775 	 0 	 -0.000600739
0.168 	 0.148 	 0 	 -0.000603056
0.16825 	 0.14825 	 0 	 -0.000606532
0.1685 	 0.1485 	 0 	 -0.00060361
0.16875 	 0.14875 	 0 	 -0.000594912
0.169 	 0.149 	 0 	 -0.000589269
0.16925 	 0.14925 	 0 	 -0.000573231
0.1695 	 0.1495 	 0 	 -0.000564498
0.16975 	 0.14975 	 0 	 -0.000575254
0.17 	 0.15 	 0 	 -0.000580298
0.17025 	 0.15025 	 0 	 -0.000573353
0.1705 	 0.1505 	 0 	 -0.000551555
0.17075 	 0.15075 	 0 	 -0.00054041
0.171 	 0.151 	 0 	 -0.000559763
0.17125 	 0.15125 	 0 	 -0.000561861
0.1715 	 0.1515 	 0 	 -0.00055561
0.17175 	 0.15175 	 0 	 -0.000539539
0.172 	 0.152 	 0 	 -0.000527292
0.17225 	 0.15225 	 0 	 -0.000540943
0.1725 	 0.1525 	 0 	 -0.000530475
0.17275 	 0.15275 	 0 	 -0.000524283
0.173 	 0.153 	 0 	 -0.000535612
0.17325 	 0.15325 	 0 	 -0.000521861
0.1735 	 0.1535 	 0 	 -0.000512538
0.17375 	 0.15375 	 0 	 -0.000506727
0.174 	 0.154 	 0 	 -0.000500661
0.17425 	 0.15425 	 0 	 -0.000511839
0.1745 	 0.1545 	 0 	 -0.000507231
0.17475 	 0.15475 	 0 	 -0.000503924
0.175 	 0.155 	 0 	 -0.00048553
0.17525 	 0.15525 	 0 	 -0.00048004
0.1755 	 0.1555 	 0 	 -0.000496882
0.17575 	 0.15575 	 0 	 -0.00048736
0.176 	 0.156 	 0 	 -0.000483814
0.17625 	 0.15625 	 0 	 -0.000474526
0.1765 	 0.1565 	 0 	 -0.000462592
0.17675 	 0.15675 	 0 	 -0.000473467
0.177 	 0.157 	 0 	 -0.000467617
0.17725 	 0.15725 	 0 	 -0.000456002
0.1775 	 0.1575 	 0 	 -0.000462383
0.17775 	 0.15775 	 0 	 -0.000460333
0.178 	 0.158 	 0 	 -0.00044924
0.17825 	 0.15825 	 0 	 -0.000442533
0.1785 	 0.1585 	 0 	 -0.000442463
0.17875 	 0.15875 	 0 	 -0.000444384
0.179 	 0.159 	 0 	 -0.000445246
0.17925 	 0.15925 	 0 	 -0.000440417
0.1795 	 0.1595 	 0 	 -0.000424556
0.17975 	 0.15975 	 0 	 -0.000420191
0.18 	 0.16 	 0 	 -0.000429376
0.18025 	 0.16025 	 0 	 -0.0004243
0.1805 	 0.1605 	 0 	 -0.000423157
0.18075 	 0.16075 	 0 	 -0.00041953
0.181 	 0.161 	 0 	 -0.000404439
0.18125 	 0.16125 	 0 	 -0.000405644
0.1815 	 0.1615 	 0 	 -0.000409429
0.18175 	 0.16175 	 0 	 -0.000404848
0.182 	 0.162 	 0 	 -0.00040769
0.18225 	 0.16225 	 0 	 -0.000396557
0.1825 	 0.1625 	 0 	 -0.000383918
0.18275 	 0.16275 	 0 	 -0.000389152
0.183 	 0.163 	 0 	 -0.000389458
0.18325 	 0.16325 	 0 	 -0.000392982
0.1835 	 0.1635 	 0 	 -0.000385017
0.18375 	 0.16375 	 0 	 -0.000373929
0.184 	 0.164 	 0 	 -0.00037665
0.18425 	 0.16425 	 0 	 -0.000371694
0.1845 	 0.1645 	 0 	 -0.0003722
0.18475 	 0.16475 	 0 	 -0.000367492
0.185 	 0.165 	 0 	 -0.000359667
0.18525 	 0.16525 	 0 	 -0.000369019
0.1855 	 0.1655 	 0 	 -0.00035962
0.18575 	 0.16575 	 0 	 -0.000350299
0.186 	 0.166 	 0 	 -0.000350007
0.18625 	 0.16625 	 0 	 -0.000349093
0.1865 	 0.1665 	 0 	 -0.00035657
0.18675 	 0.16675 	 0 	 -0.000346139
0.187 	 0.167 	 0 	 -0.000332061
0.18725 	 0.16725 	 0 	 -0.000337765
0.1875 	 0.1675 	 0 	 -0.000335128
0.18775 	 0.16775 	 0 	 -0.000339496
0.188 	 0.168 	 0 	 -0.000338117
0.18825 	 0.16825 	 0 	 -0.00032126
0.1885 	 0.1685 	 0 	 -0.000320626
0.18875 	 0.16875 	 0 	 -0.00031947
0.189 	 0.169 	 0 	 -0.000322409
0.18925 	 0.16925 	 0 	 -0.000324725
0.1895 	 0.1695 	 0 	 -0.000317718
0.18975 	 0.16975 	 0 	 -0.000311812
0.19 	 0.17 	 0 	 -0.000304926
0.19025 	 0.17025 	 0 	 -0.000303852
0.1905 	 0.1705 	 0 	 -0.000303125
0.19075 	 0.17075 	 0 	 -0.000306207
0.191 	 0.171 	 0 	 -0.000309114
0.19125 	 0.17125 	 0 	 -0.000293374
0.1915 	 0.1715 	 0 	 -0.00028697
0.19175 	 0.17175 	 0 	 -0.000291791
0.192 	 0.172 	 0 	 -0.000295001
0.19225 	 0.17225 	 0 	 -0.00029441
0.1925 	 0.1725 	 0 	 -0.000288315
0.19275 	 0.17275 	 0 	 -0.000277957
0.193 	 0.173 	 0 	 -0.000273112
0.19325 	 0.17325 	 0 	 -0.000278293
0.1935 	 0.1735 	 0 	 -0.000280638
0.19375 	 0.17375 	 0 	 -0.000280981
0.194 	 0.174 	 0 	 -0.000272906
0.19425 	 0.17425 	 0 	 -0.000262356
0.1945 	 0.1745 	 0 	 -0.000262549
0.19475 	 0.17475 	 0 	 -0.0002657
0.195 	 0.175 	 0 	 -0.000266823
0.19525 	 0.17525 	 0 	 -0.000264386
0.1955 	 0.1755 	 0 	 -0.000256722
0.19575 	 0.17575 	 0 	 -0.000248794
0.196 	 0.176 	 0 	 -0.000248515
0.19625 	 0.17625 	 0 	 -0.000258015
0.1965 	 0.1765 	 0 	 -0.000253417
0.19675 	 0.17675 	 0 	 -0.000246392
0.197 	 0.177 	 0 	 -0.000244665
0.19725 	 0.17725 	 0 	 -0.000238617
0.1975 	 0.1775 	 0 	 -0.00024208
0.19775 	 0.17775 	 0 	 -0.000238902
0.198 	 0.178 	 0 	 -0.000236225
0.19825 	 0.17825 	 0 	 -0.000238076
0.1985 	 0.1785 	 0 	 -0.000231801
0.19875 	 0.17875 	 0 	 -0.000228714
0.199 	 0.179 	 0 	 -0.000228424
0.19925 	 0.17925 	 0 	 -0.000225218
0.1995 	 0.1795 	 0 	 -0.000226331
0.19975 	 0.17975 	 0 	 -0.00022587
0.2 	 0.18 	 0 	 -0.000221157
0.20025 	 0.18025 	 0 	 -0.000216065
0.2005 	 0.1805 	 0 	 -0.000214198
0.20075 	 0.18075 	 0 	 -0.000219059
0.201 	 0.181 	 0 	 -0.000214657
0.20125 	 0.18125 	 0 	 -0.000210068
0.2015 	 0.1815 	 0 	 -0.000212239
0.20175 	 0.18175 	 0 	 -0.00020398
0.202 	 0.182 	 0 	 -0.000204825
0.20225 	 0.18225 	 0 	 -0.000207111
0.2025 	 0.1825 	 0 	 -0.000202671
0.20275 	 0.18275 	 0 	 -0.000204711
0.203 	 0.183 	 0 	 -0.000197002
0.20325 	 0.18325 	 0 	 -0.00019213
0.2035 	 0.1835 	 0 	 -0.000195933
0.20375 	 0.18375 	 0 	 -0.000192183
0.204 	 0.184 	 0 	 -0.000193719
0.20425 	 0.18425 	 0 	 -0.00019348
0.2045 	 0.1845 	 0 	 -0.000186486
0.20475 	 0.18475 	 0 	 -0.000185733
0.205 	 0.185 	 0 	 -0.000182276
0.20525 	 0.18525 	 0 	 -0.000182605
0.2055 	 0.1855 	 0 	 -0.000184811
0.20575 	 0.18575 	 0 	 -0.000181898
0.206 	 0.186 	 0 	 -0.000181204
0.20625 	 0.18625 	 0 	 -0.000173227
0.2065 	 0.1865 	 0 	 -0.000170163
0.20675 	 0.18675 	 0 	 -0.000175802
0.207 	 0.187 	 0 	 -0.00017374
0.20725 	 0.18725 	 0 	 -0.000171772
0.2075 	 0.1875 	 0 	 -0.000167128
0.20775 	 0.18775 	 0 	 -0.000162935
0.208 	 0.188 	 0 	 -0.00016503
0.20825 	 0.18825 	 0 	 -0.000165521
0.2085 	 0.1885 	 0 	 -0.000165632
0.20875 	 0.18875 	 0 	 -0.000163523
0.209 	 0.189 	 0 	 -0.000156726
0.20925 	 0.18925 	 0 	 -0.000157307
0.2095 	 0.1895 	 0 	 -0.000157149
0.20975 	 0.18975 	 0 	 -0.000154281
0.21 	 0.19 	 0 	 -0.00015703
0.21025 	 0.19025 	 0 	 -0.000153973
0.2105 	 0.1905 	 0 	 -0.000150018
0.21075 	 0.19075 	 0 	 -0.000146436
0.211 	 0.191 	 0 	 -0.000144661
0.21125 	 0.19125 	 0 	 -0.000148318
0.2115 	 0.1915 	 0 	 -0.00014975
0.21175 	 0.19175 	 0 	 -0.000147896
0.212 	 0.192 	 0 	 -0.000139625
0.21225 	 0.19225 	 0 	 -0.000136838
0.2125 	 0.1925 	 0 	 -0.000141659
0.21275 	 0.19275 	 0 	 -0.000139744
0.213 	 0.193 	 0 	 -0.000140866
0.21325 	 0.19325 	 0 	 -0.000139103
0.2135 	 0.1935 	 0 	 -0.000129842
0.21375 	 0.19375 	 0 	 -0.00013078
0.214 	 0.194 	 0 	 -0.000131497
0.21425 	 0.19425 	 0 	 -0.000131202
0.2145 	 0.1945 	 0 	 -0.000134196
0.21475 	 0.19475 	 0 	 -0.000129617
0.215 	 0.195 	 0 	 -0.000125051
0.21525 	 0.19525 	 0 	 -0.000123281
0.2155 	 0.1955 	 0 	 -0.00012348
0.21575 	 0.19575 	 0 	 -0.000127186
0.216 	 0.196 	 0 	 -0.000125436
0.21625 	 0.19625 	 0 	 -0.000121588
0.2165 	 0.1965 	 0 	 -0.000116331
0.21675 	 0.19675 	 0 	 -0.000115089
0.217 	 0.197 	 0 	 -0.000121644
0.21725 	 0.19725 	 0 	 -0.000120024
0.2175 	 0.1975 	 0 	 -0.00011518
0.21775 	 0.19775 	 0 	 -0.000114152
0.218 	 0.198 	 0 	 -0.000110068
0.21825 	 0.19825 	 0 	 -0.000110618
0.2185 	 0.1985 	 0 	 -0.000113622
0.21875 	 0.19875 	 0 	 -0.000111348
0.219 	 0.199 	 0 	 -0.000112011
0.21925 	 0.19925 	 0 	 -0.000108022
0.2195 	 0.1995 	 0 	 -0.0001032
0.21975 	 0.19975 	 0 	 -0.000104872
0.22 	 0.2 	 0 	 -0.00010542
0.22025 	 0.20025 	 0 	 -0.000107166
0.2205 	 0.2005 	 0 	 -0.000103877
0.22075 	 0.20075 	 0 	 -9.91919e-05
0.221 	 0.201 	 0 	 -9.86668e-05
0.22125 	 0.20125 	 0 	 -9.89782e-05
0.2215 	 0.2015 	 0 	 -0.000100991
0.22175 	 0.20175 	 0 	 -9.94583e-05
0.222 	 0.202 	 0 	 -9.63794e-05
0.22225 	 0.20225 	 0 	 -9.54477e-05
0.2225 	 0.2025 	 0 	 -9.3067e-05
0.22275 	 0.20275 	 0 	 -9.35651e-05
0.223 	 0.203 	 0 	 -9.44854e-05
0.22325 	 0.20325 	 0 	 -9.24198e-05
0.2235 	 0.2035 	 0 	 -9.22916e-05
0.22375 	 0.20375 	 0 	 -8.94128e-05
0.224 	 0.204 	 0 	 -8.67619e-05
0.22425 	 0.20425 	 0 	 -8.87095e-05
0.2245 	 0.2045 	 0 	 -8.82921e-05
0.22475 	 0.20475 	 0 	 -8.90674e-05
0.225 	 0.205 	 0 	 -8.69431e-05
0.22525 	 0.20525 	 0 	 -8.23405e-05
0.2255 	 0.2055 	 0 	 -8.32805e-05
0.22575 	 0.20575 	 0 	 -8.30131e-05
0.226 	 0.206 	 0 	 -8.26107e-05
0.22625 	 0.20625 	 0 	 -8.27592e-05
0.2265 	 0.2065 	 0 	 -8.09345e-05
0.22675 	 0.20675 	 0 	 -7.99033e-05
0.227 	 0.207 	 0 	 -7.7826e-05
0.22725 	 0.20725 	 0 	 -7.69363e-05
0.2275 	 0.2075 	 0 	 -7.85615e-05
0.22775 	 0.20775 	 0 	 -7.81522e-05
0.228 	 0.208 	 0 	 -7.71603e-05
0.22825 	 0.20825 	 0 	 -7.40753e-05
0.2285 	 0.2085 	 0 	 -7.24199e-05
0.22875 	 0.20875 	 0 	 -7.35528e-05
0.229 	 0.209 	 0 	 -7.28629e-05
0.22925 	 0.20925 	 0 	 -7.36732e-05
0.2295 	 0.2095 	 0 	 -7.22043e-05
0.22975 	 0.20975 	 0 	 -6.79822e-05
0.23 	 0.21 	 0 	 -6.95313e-05
0.23025 	 0.21025 	 0 	 -6.95973e-05
0.2305 	 0.2105 	 0 	 -6.89533e-05
0.23075 	 0.21075 	 0 	 -6.91832e-05
0.231 	 0.211 	 0 	 -6.70522e-05
0.23125 	 0.21125 	 0 	 -6.56539e-05
0.2315 	 0.2115 	 0 	 -6.46869e-05
0.23175 	 0.21175 	 0 	 -6.43874e-05
0.232 	 0.212 	 0 	 -6.56065e-05
0.23225 	 0.21225 	 0 	 -6.43247e-05
0.2325 	 0.2125 	 0 	 -6.29742e-05
0.23275 	 0.21275 	 0 	 -6.10931e-05
0.233 	 0.213 	 0 	 -5.97755e-05
0.23325 	 0.21325 	 0 	 -6.23273e-05
0.2335 	 0.2135 	 0 	 -6.05661e-05
0.23375 	 0.21375 	 0 	 -5.98468e-05
0.234 	 0.214 	 0 	 -5.9854e-05
0.23425 	 0.21425 	 0 	 -5.68296e-05
0.2345 	 0.2145 	 0 	 -5.77751e-05
0.23475 	 0.21475 	 0 	 -5.77905e-05
0.235 	 0.215 	 0 	 -5.61555e-05
0.23525 	 0.21525 	 0 	 -5.67047e-05
0.2355 	 0.2155 	 0 	 -5.49073e-05
0.23575 	 0.21575 	 0 	 -5.43983e-05
0.236 	 0.216 	 0 	 -5.43696e-05
0.23625 	 0.21625 	 0 	 -5.30559e-05
0.2365 	 0.2165 	 0 	 -5.37658e-05
0.23675 	 0.21675 	 0 	 -5.28817e-05
0.237 	 0.217 	 0 	 -5.11474e-05
0.23725 	 0.21725 	 0 	 -5.11857e-05
0.2375 	 0.2175 	 0 	 -5.03754e-05
0.23775 	 0.21775 	 0 	 -5.10619e-05
0.238 	 0.218 	 0 	 -5.0444e-05
0.23825 	 0.21825 	 0 	 -4.85324e-05
0.2385 	 0.2185 	 0 	 -4.87276e-05
0.23875 	 0.21875 	 0 	 -4.77937e-05
0.239 	 0.219 	 0 	 -4.75097e-05
0.23925 	 0.21925 	 0 	 -4.74645e-05
0.2395 	 0.2195 	 0 	 -4.65285e-05
0.23975 	 0.21975 	 0 	 -4.65881e-05
0.24 	 0.22 	 0 	 -4.51891e-05
0.24025 	 0.22025 	 0 	 -4.4263e-05
0.2405 	 0.2205 	 0 	 -4.49289e-05
0.24075 	 0.22075 	 0 	 -4.3911e-05
0.241 	 0.221 	 0 	 -4.40478e-05
0.24125 	 0.22125 	 0 	 -4.28912e-05
0.2415 	 0.2215 	 0 	 -4.15953e-05
0.24175 	 0.22175 	 0 	 -4.24891e-05
0.242 	 0.222 	 0 	 -4.19654e-05
0.24225 	 0.22225 	 0 	 -4.21223e-05
0.2425 	 0.2225 	 0 	 -4.10145e-05
0.24275 	 0.22275 	 0 	 -3.93741e-05
0.243 	 0.223 	 0 	 -3.98602e-05
0.24325 	 0.22325 	 0 	 -3.92523e-05
0.2435 	 0.2235 	 0 	 -3.92559e-05
0.24375 	 0.22375 	 0 	 -3.93142e-05
0.244 	 0.224 	 0 	 -3.7617e-05
0.24425 	 0.22425 	 0 	 -3.73869e-05
0.2445 	 0.2245 	 0 	 -3.75114e-05
0.24475 	 0.22475 	 0 	 -3.65384e-05
0.245 	 0.225 	 0 	 -3.69905e-05
0.24525 	 0.22525 	 0 	 -3.65007e-05
0.2455 	 0.2255 	 0 	 -3.54024e-05
0.24575 	 0.22575 	 0 	 -3.48328e-05
0.246 	 0.226 	 0 	 -3.4365e-05
0.24625 	 0.22625 	 0 	 -3.54069e-05
0.2465 	 0.2265 	 0 	 -3.43591e-05
0.24675 	 0.22675 	 0 	 -3.32775e-05
0.247 	 0.227 	 0 	 -3.33039e-05
0.24725 	 0.22725 	 0 	 -3.23745e-05
0.2475 	 0.2275 	 0 	 -3.29849e-05
0.24775 	 0.22775 	 0 	 -3.25335e-05
0.248 	 0.228 	 0 	 -3.18333e-05
0.24825 	 0.22825 	 0 	 -3.31742e-05
0.2485 	 0.2285 	 0 	 -3.39989e-05
0.24875 	 0.22875 	 0 	 -3.53849e-05
0.249 	 0.229 	 0 	 -3.66134e-05
0.24925 	 0.22925 	 0 	 -3.71688e-05
0.2495 	 0.2295 	 0 	 -3.80333e-05
0.24975 	 0.22975 	 0 	 -3.83927e-05
0.25 	 0.23 	 0 	 -3.8789e-05
0.25025 	 0.23025 	 0 	 -3.97343e-05
0.2505 	 0.2305 	 0 	 -4.02037e-05
0.25075 	 0.23075 	 0 	 -4.10832e-05
0.251 	 0.231 	 0 	 -4.08333e-05
0.25125 	 0.23125 	 0 	 -4.04361e-05
0.2515 	 0.2315 	 0 	 -4.1937e-05
0.25175 	 0.23175 	 0 	 -4.21452e-05
0.252 	 0.232 	 0 	 -4.24812e-05
0.25225 	 0.23225 	 0 	 -4.26878e-05
0.2525 	 0.2325 	 0 	 -4.25275e-05
0.25275 	 0.23275 	 0 	 -4.32577e-05
0.253 	 0.233 	 0 	 -4.29567e-05
0.25325 	 0.23325 	 0 	 -4.20826e-05
0.2535 	 0.2335 	 0 	 -4.05065e-05
0.25375 	 0.23375 	 0 	 -3.84634e-05
0.254 	 0.234 	 0 	 -3.81176e-05
0.25425 	 0.23425 	 0 	 -3.69623e-05
0.2545 	 0.2345 	 0 	 -3.56931e-05
0.25475 	 0.23475 	 0 	 -3.55539e-05
0.255 	 0.235 	 0 	 -3.43109e-05
0.25525 	 0.23525 	 0 	 -3.34573e-05
0.2555 	 0.2355 	 0 	 -3.26993e-05
0.25575 	 0.23575 	 0 	 -3.16726e-05
0.256 	 0.236 	 0 	 -3.15537e-05
0.25625 	 0.23625 	 0 	 -3.08404e-05
0.2565 	 0.2365 	 0 	 -2.98442e-05
0.25675 	 0.23675 	 0 	 -2.92163e-05
0.257 	 0.237 	 0 	 -2.85018e-05
0.25725 	 0.23725 	 0 	 -2.86859e-05
0.2575 	 0.2375 	 0 	 -2.77978e-05
0.25775 	 0.23775 	 0 	 -2.67183e-05
0.258 	 0.238 	 0 	 -2.67261e-05
0.25825 	 0.23825 	 0 	 -2.59206e-05
0.2585 	 0.2385 	 0 	 -2.56492e-05
0.25875 	 0.23875 	 0 	 -2.53744e-05
0.259 	 0.239 	 0 	 -2.44777e-05
0.25925 	 0.23925 	 0 	 -2.4175e-05
0.2595 	 0.2395 	 0 	 -2.37255e-05
0.25975 	 0.23975 	 0 	 -2.3209e-05
0.26 	 0.24 	 0 	 -2.29985e-05
0.26025 	 0.24025 	 0 	 -2.24316e-05
0.2605 	 0.2405 	 0 	 -2.22602e-05
0.26075 	 0.24075 	 0 	 -2.168e-05
0.261 	 0.241 	 0 	 -2.10676e-05
0.26125 	 0.24125 	 0 	 -2.10124e-05
0.2615 	 0.2415 	 0 	 -2.04861e-05
0.26175 	 0.24175 	 0 	 -2.04689e-05
0.262 	 0.242 	 0 	 -1.9847e-05
0.26225 	 0.24225 	 0 	 -1.90145e-05
0.2625 	 0.2425 	 0 	 -1.91721e-05
0.26275 	 0.24275 	 0 	 -1.90155e-05
0.263 	 0.243 	 0 	 -1.86351e-05
0.26325 	 0.24325 	 0 	 -1.81262e-05
0.2635 	 0.2435 	 0 	 -1.76289e-05
0.26375 	 0.24375 	 0 	 -1.78003e-05
0.264 	 0.244 	 0 	 -1.72446e-05
0.26425 	 0.24425 	 0 	 -1.69041e-05
0.2645 	 0.2445 	 0 	 -1.69543e-05
0.26475 	 0.24475 	 0 	 -1.6267e-05
0.265 	 0.245 	 0 	 -1.6112e-05
0.26525 	 0.24525 	 0 	 -1.58345e-05
0.2655 	 0.2455 	 0 	 -1.54136e-05
0.26575 	 0.24575 	 0 	 -1.54357e-05
0.266 	 0.246 	 0 	 -1.50926e-05
0.26625 	 0.24625 	 0 	 -1.4753e-05
0.2665 	 0.2465 	 0 	 -1.45424e-05
0.26675 	 0.24675 	 0 	 -1.41408e-05
0.267 	 0.247 	 0 	 -1.41495e-05
0.26725 	 0.24725 	 0 	 -1.40055e-05
0.2675 	 0.2475 	 0 	 -1.3549e-05
0.26775 	 0.24775 	 0 	 -1.33575e-05
0.268 	 0.248 	 0 	 -1.30237e-05
0.26825 	 0.24825 	 0 	 -1.29711e-05
0.2685 	 0.2485 	 0 	 -1.28394e-05
0.26875 	 0.24875 	 0 	 -1.22447e-05
0.269 	 0.249 	 0 	 -1.22544e-05
0.26925 	 0.24925 	 0 	 -1.21372e-05
0.2695 	 0.2495 	 0 	 -1.17625e-05
0.26975 	 0.24975 	 0 	 -1.17311e-05
0.27 	 0.25 	 0 	 -1.14416e-05
0.27025 	 0.25025 	 0 	 -1.13087e-05
0.2705 	 0.2505 	 0 	 -1.11026e-05
0.27075 	 0.25075 	 0 	 -1.08289e-05
0.271 	 0.251 	 0 	 -1.07218e-05
0.27125 	 0.25125 	 0 	 -1.05131e-05
0.2715 	 0.2515 	 0 	 -1.03524e-05
0.27175 	 0.25175 	 0 	 -1.01585e-05
0.272 	 0.252 	 0 	 -1.00023e-05
0.27225 	 0.25225 	 0 	 -9.81113e-06
0.2725 	 0.2525 	 0 	 -9.65041e-06
0.27275 	 0.25275 	 0 	 -9.49247e-06
0.273 	 0.253 	 0 	 -9.31828e-06
0.27325 	 0.25325 	 0 	 -9.14013e-06
0.2735 	 0.2535 	 0 	 -9.0159e-06
0.27375 	 0.25375 	 0 	 -8.88333e-06
0.274 	 0.254 	 0 	 -8.72469e-06
0.27425 	 0.25425 	 0 	 -8.5422e-06
0.2745 	 0.2545 	 0 	 -8.28347e-06
0.27475 	 0.25475 	 0 	 -7.90181e-06
0.275 	 0.255 	 0 	 -7.39468e-06
0.27525 	 0.25525 	 0 	 -6.92211e-06
0.2755 	 0.2555 	 0 	 -6.45518e-06
0.27575 	 0.25575 	 0 	 -6.0119e-06
0.276 	 0.256 	 0 	 -5.54541e-06
0.27625 	 0.25625 	 0 	 -5.06834e-06
0.2765 	 0.2565 	 0 	 -4.6601e-06
0.27675 	 0.25675 	 0 	 -4.25461e-06
0.277 	 0.257 	 0 	 -3.81107e-06
0.27725 	 0.25725 	 0 	 -3.37501e-06
0.2775 	 0.2575 	 0 	 -3.00273e-06
0.27775 	 0.25775 	 0 	 -2.59243e-06
0.278 	 0.258 	 0 	 -2.18695e-06
0.27825 	 0.25825 	 0 	 -1.80268e-06
0.2785 	 0.2585 	 0 	 -1.42361e-06
0.27875 	 0.25875 	 0 	 -1.07748e-06
0.279 	 0.259 	 0 	 -6.81118e-07
0.27925 	 0.25925 	 0 	 -3.17708e-07
0.2795 	 0.2595 	 0 	 -8.24938e-08
0.27975 	 0.25975 	 0 	 0
0.28 	 0.26 	 0 	 0
0.28025 	 0.26025 	 0 	 0
0.2805 	 0.2605 	 0 	 0
0.28075 	 0.26075 	 0 	 0
0.281 	 0.261 	 0 	 0
0.28125 	 0.26125 	 0 	 0
0.2815 	 0.2615 	 0 	 0
0.28175 	 0.26175 	 0 	 0
0.282 	 0.262 	 0 	 0
0.28225 	 0.26225 	 0 	 0
0.2825 	 0.2625 	 0 	 0
0.28275 	 0.26275 	 0 	 0
0.283 	 0.263 	 0 	 0
0.28325 	 0.26325 	 0 	 0
0.2835 	 0.2635 	 0 	 0
0.28375 	 0.26375 	 0 	 0
0.284 	 0.264 	 0 	 0
0.28425 	 0.26425 	 0 	 0
0.2845 	 0.2645 	 0 	 0
0.28475 	 0.26475 	 0 	 0
0.285 	 0.265 	 0 	 0
0.28525 	 0.26525 	 0 	 0
0.2855 	 0.2655 	 0 	 0
0.28575 	 0.26575 	 0 	 0
0.286 	 0.266 	 0 	 0
0.28625 	 0.26625 	 0 	 0
0.2865 	 0.2665 	 0 	 0
0.28675 	 0.26675 	 0 	 0
0.287 	 0.267 	 0 	 0
0.28725 	 0.26725 	 0 	 0
0.2875 	 0.2675 	 0 	 0
0.28775 	 0.26775 	 0 	 0
0.288 	 0.268 	 0 	 0
0.28825 	 0.26825 	 0 	 0
0.2885 	 0.2685 	 0 	 0
0.28875 	 0.26875 	 0 	 0
0.289 	 0.269 	 0 	 0
0.28925 	 0.26925 	 0 	 0
0.2895 	 0.2695 	 0 	 0
0.28975 	 0.26975 	 0 	 0
0.29 	 0.27 	 0 	 0
0.29025 	 0.27025 	 0 	 0
0.2905 	 0.2705 	 0 	 0
0.29075 	 0.27075 	 0 	 0
0.291 	 0.271 	 0 	 0
0.29125 	 0.27125 	 0 	 0
0.2915 	 0.2715 	 0 	 0
0.29175 	 0.27175 	 0 	 0
0.292 	 0.272 	 0 	 0
0.29225 	 0.27225 	 0 	 0
0.2925 	 0.2725 	 0 	 0
0.29275 	 0.27275 	 0 	 0
0.293 	 0.273 	 0 	 0
0.29325 	 0.27325 	 0 	 0
0.2935 	 0.2735 	 0 	 0
0.29375 	 0.27375 	 0 	 0
0.294 	 0.274 	 0 	 0
0.29425 	 0.27425 	 0 	 0
0.2945 	 0.2745 	 0 	 0
0.29475 	 0.27475 	 0 	 0
0.295 	 0.275 	 0 	 0
0.29525 	 0.27525 	 0 	 0
0.2955 	 0.2755 	 0 	 0
0.29575 	 0.27575 	 0 	 0
0.296 	 0.276 	 0 	 0
0.29625 	 0.27625 	 0 	 0
0.2965 	 0.2765 	 0 	 0
0.29675 	 0.27675 	 0 	 0
0.297 	 0.277 	 0 	 0
0.29725 	 0.27725 	 0 	 0
0.2975 	 0.2775 	 0 	 0
0.29775 	 0.27775 	 0 	 0
0.298 	 0.278 	 0 	 0
0.29825 	 0.27825 	 0 	 0
0.2985 	 0.2785 	 0 	 0
0.29875 	 0.27875 	 0 	 0
0.299 	 0.279 	 0 	 0
0.29925 	 0.27925 	 0 	 0
0.2995 	 0.2795 	 0 	 0
0.29975 	 0.27975 	 0 	 0
0.3 	 0.28 	 0 	 0
0.30025 	 0.28025 	 0 	 0
0.3005 	 0.2805 	 0 	 0
0.30075 	 0.28075 	 0 	 0
0.301 	 0.281 	 0 	 0
0.30125 	 0.28125 	 0 	 0
0.3015 	 0.2815 	 0 	 0
0.30175 	 0.28175 	 0 	 0
0.302 	 0.282 	 0 	 0
