# FILE:  main_ispGauss_DGaO2016.py
# TIME:  Tue May 10 08:18:18 2016
# COMPUTATIONAL DOMAIN ----------------------------------------
# zMax   = 0.15
# rhoMax = 0.25
# Nz     = 600
# Nrho   = 5000
# Nphi   = 36
# LAYER PROPERTIES --------------------------------------------
# zIni   = 0.0
# zFin   = 0.1
# ma     = 20.0
# c0      = 1.0
# BEAM PARAMETERS ---------------------------------------------
# a    = 0.1
# MEASUREMENT PARAMETERS --------------------------------------
# zD   = -0.06
# dw   = 0.005
# OPTOACOUSTIC PARAMETERS -------------------------------------
# wD   = 12.0
# D    = 0.6
# SIMULATION RESULTS ------------------------------------------
# (t) 	 (c tau) 	 (p0(ctau)) 	 (p(rD,t))
0 	 -0.06 	 0 	 0
0.00025 	 -0.05975 	 0 	 0
0.0005 	 -0.0595 	 0 	 0
0.00075 	 -0.05925 	 0 	 0
0.001 	 -0.059 	 0 	 0
0.00125 	 -0.05875 	 0 	 0
0.0015 	 -0.0585 	 0 	 0
0.00175 	 -0.05825 	 0 	 0
0.002 	 -0.058 	 0 	 0
0.00225 	 -0.05775 	 0 	 0
0.0025 	 -0.0575 	 0 	 0
0.00275 	 -0.05725 	 0 	 0
0.003 	 -0.057 	 0 	 0
0.00325 	 -0.05675 	 0 	 0
0.0035 	 -0.0565 	 0 	 0
0.00375 	 -0.05625 	 0 	 0
0.004 	 -0.056 	 0 	 0
0.00425 	 -0.05575 	 0 	 0
0.0045 	 -0.0555 	 0 	 0
0.00475 	 -0.05525 	 0 	 0
0.005 	 -0.055 	 0 	 0
0.00525 	 -0.05475 	 0 	 0
0.0055 	 -0.0545 	 0 	 0
0.00575 	 -0.05425 	 0 	 0
0.006 	 -0.054 	 0 	 0
0.00625 	 -0.05375 	 0 	 0
0.0065 	 -0.0535 	 0 	 0
0.00675 	 -0.05325 	 0 	 0
0.007 	 -0.053 	 0 	 0
0.00725 	 -0.05275 	 0 	 0
0.0075 	 -0.0525 	 0 	 0
0.00775 	 -0.05225 	 0 	 0
0.008 	 -0.052 	 0 	 0
0.00825 	 -0.05175 	 0 	 0
0.0085 	 -0.0515 	 0 	 0
0.00875 	 -0.05125 	 0 	 0
0.009 	 -0.051 	 0 	 0
0.00925 	 -0.05075 	 0 	 0
0.0095 	 -0.0505 	 0 	 0
0.00975 	 -0.05025 	 0 	 0
0.01 	 -0.05 	 0 	 0
0.01025 	 -0.04975 	 0 	 0
0.0105 	 -0.0495 	 0 	 0
0.01075 	 -0.04925 	 0 	 0
0.011 	 -0.049 	 0 	 0
0.01125 	 -0.04875 	 0 	 0
0.0115 	 -0.0485 	 0 	 0
0.01175 	 -0.04825 	 0 	 0
0.012 	 -0.048 	 0 	 0
0.01225 	 -0.04775 	 0 	 0
0.0125 	 -0.0475 	 0 	 0
0.01275 	 -0.04725 	 0 	 0
0.013 	 -0.047 	 0 	 0
0.01325 	 -0.04675 	 0 	 0
0.0135 	 -0.0465 	 0 	 0
0.01375 	 -0.04625 	 0 	 0
0.014 	 -0.046 	 0 	 0
0.01425 	 -0.04575 	 0 	 0
0.0145 	 -0.0455 	 0 	 0
0.01475 	 -0.04525 	 0 	 0
0.015 	 -0.045 	 0 	 0
0.01525 	 -0.04475 	 0 	 0
0.0155 	 -0.0445 	 0 	 0
0.01575 	 -0.04425 	 0 	 0
0.016 	 -0.044 	 0 	 0
0.01625 	 -0.04375 	 0 	 0
0.0165 	 -0.0435 	 0 	 0
0.01675 	 -0.04325 	 0 	 0
0.017 	 -0.043 	 0 	 0
0.01725 	 -0.04275 	 0 	 0
0.0175 	 -0.0425 	 0 	 0
0.01775 	 -0.04225 	 0 	 0
0.018 	 -0.042 	 0 	 0
0.01825 	 -0.04175 	 0 	 0
0.0185 	 -0.0415 	 0 	 0
0.01875 	 -0.04125 	 0 	 0
0.019 	 -0.041 	 0 	 0
0.01925 	 -0.04075 	 0 	 0
0.0195 	 -0.0405 	 0 	 0
0.01975 	 -0.04025 	 0 	 0
0.02 	 -0.04 	 0 	 0
0.02025 	 -0.03975 	 0 	 0
0.0205 	 -0.0395 	 0 	 0
0.02075 	 -0.03925 	 0 	 0
0.021 	 -0.039 	 0 	 0
0.02125 	 -0.03875 	 0 	 0
0.0215 	 -0.0385 	 0 	 0
0.02175 	 -0.03825 	 0 	 0
0.022 	 -0.038 	 0 	 0
0.02225 	 -0.03775 	 0 	 0
0.0225 	 -0.0375 	 0 	 0
0.02275 	 -0.03725 	 0 	 0
0.023 	 -0.037 	 0 	 0
0.02325 	 -0.03675 	 0 	 0
0.0235 	 -0.0365 	 0 	 0
0.02375 	 -0.03625 	 0 	 0
0.024 	 -0.036 	 0 	 0
0.02425 	 -0.03575 	 0 	 0
0.0245 	 -0.0355 	 0 	 0
0.02475 	 -0.03525 	 0 	 0
0.025 	 -0.035 	 0 	 0
0.02525 	 -0.03475 	 0 	 0
0.0255 	 -0.0345 	 0 	 0
0.02575 	 -0.03425 	 0 	 0
0.026 	 -0.034 	 0 	 0
0.02625 	 -0.03375 	 0 	 0
0.0265 	 -0.0335 	 0 	 0
0.02675 	 -0.03325 	 0 	 0
0.027 	 -0.033 	 0 	 0
0.02725 	 -0.03275 	 0 	 0
0.0275 	 -0.0325 	 0 	 0
0.02775 	 -0.03225 	 0 	 0
0.028 	 -0.032 	 0 	 0
0.02825 	 -0.03175 	 0 	 0
0.0285 	 -0.0315 	 0 	 0
0.02875 	 -0.03125 	 0 	 0
0.029 	 -0.031 	 0 	 0
0.02925 	 -0.03075 	 0 	 0
0.0295 	 -0.0305 	 0 	 0
0.02975 	 -0.03025 	 0 	 0
0.03 	 -0.03 	 0 	 0
0.03025 	 -0.02975 	 0 	 0
0.0305 	 -0.0295 	 0 	 0
0.03075 	 -0.02925 	 0 	 0
0.031 	 -0.029 	 0 	 0
0.03125 	 -0.02875 	 0 	 0
0.0315 	 -0.0285 	 0 	 0
0.03175 	 -0.02825 	 0 	 0
0.032 	 -0.028 	 0 	 0
0.03225 	 -0.02775 	 0 	 0
0.0325 	 -0.0275 	 0 	 0
0.03275 	 -0.02725 	 0 	 0
0.033 	 -0.027 	 0 	 0
0.03325 	 -0.02675 	 0 	 0
0.0335 	 -0.0265 	 0 	 0
0.03375 	 -0.02625 	 0 	 0
0.034 	 -0.026 	 0 	 0
0.03425 	 -0.02575 	 0 	 0
0.0345 	 -0.0255 	 0 	 0
0.03475 	 -0.02525 	 0 	 0
0.035 	 -0.025 	 0 	 0
0.03525 	 -0.02475 	 0 	 0
0.0355 	 -0.0245 	 0 	 0
0.03575 	 -0.02425 	 0 	 0
0.036 	 -0.024 	 0 	 0
0.03625 	 -0.02375 	 0 	 0
0.0365 	 -0.0235 	 0 	 0
0.03675 	 -0.02325 	 0 	 0
0.037 	 -0.023 	 0 	 0
0.03725 	 -0.02275 	 0 	 0
0.0375 	 -0.0225 	 0 	 0
0.03775 	 -0.02225 	 0 	 0
0.038 	 -0.022 	 0 	 0
0.03825 	 -0.02175 	 0 	 0
0.0385 	 -0.0215 	 0 	 0
0.03875 	 -0.02125 	 0 	 0
0.039 	 -0.021 	 0 	 0
0.03925 	 -0.02075 	 0 	 0
0.0395 	 -0.0205 	 0 	 0
0.03975 	 -0.02025 	 0 	 0
0.04 	 -0.02 	 0 	 0
0.04025 	 -0.01975 	 0 	 0
0.0405 	 -0.0195 	 0 	 0
0.04075 	 -0.01925 	 0 	 0
0.041 	 -0.019 	 0 	 0
0.04125 	 -0.01875 	 0 	 0
0.0415 	 -0.0185 	 0 	 0
0.04175 	 -0.01825 	 0 	 0
0.042 	 -0.018 	 0 	 0
0.04225 	 -0.01775 	 0 	 0
0.0425 	 -0.0175 	 0 	 0
0.04275 	 -0.01725 	 0 	 0
0.043 	 -0.017 	 0 	 0
0.04325 	 -0.01675 	 0 	 0
0.0435 	 -0.0165 	 0 	 0
0.04375 	 -0.01625 	 0 	 0
0.044 	 -0.016 	 0 	 0
0.04425 	 -0.01575 	 0 	 0
0.0445 	 -0.0155 	 0 	 0
0.04475 	 -0.01525 	 0 	 0
0.045 	 -0.015 	 0 	 0
0.04525 	 -0.01475 	 0 	 0
0.0455 	 -0.0145 	 0 	 0
0.04575 	 -0.01425 	 0 	 0
0.046 	 -0.014 	 0 	 0
0.04625 	 -0.01375 	 0 	 0
0.0465 	 -0.0135 	 0 	 0
0.04675 	 -0.01325 	 0 	 0
0.047 	 -0.013 	 0 	 0
0.04725 	 -0.01275 	 0 	 0
0.0475 	 -0.0125 	 0 	 0
0.04775 	 -0.01225 	 0 	 0
0.048 	 -0.012 	 0 	 0
0.04825 	 -0.01175 	 0 	 0
0.0485 	 -0.0115 	 0 	 0
0.04875 	 -0.01125 	 0 	 0
0.049 	 -0.011 	 0 	 0
0.04925 	 -0.01075 	 0 	 0
0.0495 	 -0.0105 	 0 	 0
0.04975 	 -0.01025 	 0 	 0
0.05 	 -0.01 	 0 	 0
0.05025 	 -0.00975 	 0 	 0
0.0505 	 -0.0095 	 0 	 0
0.05075 	 -0.00925 	 0 	 0
0.051 	 -0.009 	 0 	 0
0.05125 	 -0.00875 	 0 	 0
0.0515 	 -0.0085 	 0 	 0
0.05175 	 -0.00825 	 0 	 0
0.052 	 -0.008 	 0 	 0
0.05225 	 -0.00775 	 0 	 0
0.0525 	 -0.0075 	 0 	 0
0.05275 	 -0.00725 	 0 	 0
0.053 	 -0.007 	 0 	 0
0.05325 	 -0.00675 	 0 	 0
0.0535 	 -0.0065 	 0 	 0
0.05375 	 -0.00625 	 0 	 0
0.054 	 -0.006 	 0 	 0
0.05425 	 -0.00575 	 0 	 0
0.0545 	 -0.0055 	 0 	 0
0.05475 	 -0.00525 	 0 	 0
0.055 	 -0.005 	 0 	 0
0.05525 	 -0.00475 	 0 	 0
0.0555 	 -0.0045 	 0 	 0
0.05575 	 -0.00425 	 0 	 0
0.056 	 -0.004 	 0 	 0
0.05625 	 -0.00375 	 0 	 0
0.0565 	 -0.0035 	 0 	 0
0.05675 	 -0.00325 	 0 	 0
0.057 	 -0.003 	 0 	 0
0.05725 	 -0.00275 	 0 	 3.90973e-05
0.0575 	 -0.0025 	 0 	 0.000117498
0.05775 	 -0.00225 	 0 	 0.000196113
0.058 	 -0.002 	 0 	 0.000272185
0.05825 	 -0.00175 	 0 	 0.000351789
0.0585 	 -0.0015 	 0 	 0.000427579
0.05875 	 -0.00125 	 0 	 0.000503486
0.059 	 -0.001 	 0 	 0.000585067
0.05925 	 -0.00075 	 0 	 0.000661104
0.0595 	 -0.0005 	 0 	 0.000732884
0.05975 	 -0.00025 	 0 	 0.000811785
0.06 	 0 	 1 	 0.000888136
0.06025 	 0.00025 	 1 	 0.00096098
0.0605 	 0.0005 	 1 	 0.00103977
0.06075 	 0.00075 	 1 	 0.00110826
0.061 	 0.001 	 1 	 0.00118927
0.06125 	 0.00125 	 1 	 0.00126882
0.0615 	 0.0015 	 1 	 0.00133625
0.06175 	 0.00175 	 1 	 0.00141367
0.062 	 0.002 	 1 	 0.00148154
0.06225 	 0.00225 	 1 	 0.00151515
0.0625 	 0.0025 	 1 	 0.00151376
0.06275 	 0.00275 	 1 	 0.00151101
0.063 	 0.003 	 1 	 0.0015065
0.06325 	 0.00325 	 1 	 0.00148889
0.0635 	 0.0035 	 1 	 0.0014918
0.06375 	 0.00375 	 1 	 0.0015001
0.064 	 0.004 	 1 	 0.00148852
0.06425 	 0.00425 	 1 	 0.00147603
0.0645 	 0.0045 	 1 	 0.00147672
0.06475 	 0.00475 	 1 	 0.00146599
0.065 	 0.005 	 1 	 0.00146097
0.06525 	 0.00525 	 1 	 0.00146966
0.0655 	 0.0055 	 1 	 0.00145222
0.06575 	 0.00575 	 1 	 0.00144819
0.066 	 0.006 	 1 	 0.00143585
0.06625 	 0.00625 	 1 	 0.00142076
0.0665 	 0.0065 	 1 	 0.00144023
0.06675 	 0.00675 	 1 	 0.00144012
0.067 	 0.007 	 1 	 0.00142861
0.06725 	 0.00725 	 1 	 0.00141436
0.0675 	 0.0075 	 1 	 0.00141003
0.06775 	 0.00775 	 1 	 0.00140331
0.068 	 0.008 	 1 	 0.00139671
0.06825 	 0.00825 	 1 	 0.00141132
0.0685 	 0.0085 	 1 	 0.00139088
0.06875 	 0.00875 	 1 	 0.00136647
0.069 	 0.009 	 1 	 0.00137079
0.06925 	 0.00925 	 1 	 0.00137419
0.0695 	 0.0095 	 1 	 0.0013682
0.06975 	 0.00975 	 1 	 0.00137746
0.07 	 0.01 	 1 	 0.0013641
0.07025 	 0.01025 	 1 	 0.00133133
0.0705 	 0.0105 	 1 	 0.00134045
0.07075 	 0.01075 	 1 	 0.00135008
0.071 	 0.011 	 1 	 0.00134939
0.07125 	 0.01125 	 1 	 0.00132854
0.0715 	 0.0115 	 1 	 0.00131612
0.07175 	 0.01175 	 1 	 0.00131096
0.072 	 0.012 	 1 	 0.00130419
0.07225 	 0.01225 	 1 	 0.00131295
0.0725 	 0.0125 	 1 	 0.0012985
0.07275 	 0.01275 	 1 	 0.00130798
0.073 	 0.013 	 1 	 0.00129003
0.07325 	 0.01325 	 1 	 0.00127173
0.0735 	 0.0135 	 1 	 0.00129875
0.07375 	 0.01375 	 1 	 0.00126681
0.074 	 0.014 	 1 	 0.00125701
0.07425 	 0.01425 	 1 	 0.00127499
0.0745 	 0.0145 	 1 	 0.0012535
0.07475 	 0.01475 	 1 	 0.001221
0.075 	 0.015 	 1 	 0.00123495
0.07525 	 0.01525 	 1 	 0.00126071
0.0755 	 0.0155 	 1 	 0.00124049
0.07575 	 0.01575 	 1 	 0.00122103
0.076 	 0.016 	 1 	 0.00121603
0.07625 	 0.01625 	 1 	 0.00121915
0.0765 	 0.0165 	 1 	 0.00119704
0.07675 	 0.01675 	 1 	 0.00121238
0.077 	 0.017 	 1 	 0.00121659
0.07725 	 0.01725 	 1 	 0.00118141
0.0775 	 0.0175 	 1 	 0.00116611
0.07775 	 0.01775 	 1 	 0.00116034
0.078 	 0.018 	 1 	 0.00119634
0.07825 	 0.01825 	 1 	 0.00117656
0.0785 	 0.0185 	 1 	 0.00115453
0.07875 	 0.01875 	 1 	 0.00115122
0.079 	 0.019 	 1 	 0.00115317
0.07925 	 0.01925 	 1 	 0.0011577
0.0795 	 0.0195 	 1 	 0.00115078
0.07975 	 0.01975 	 1 	 0.00115416
0.08 	 0.02 	 1 	 0.00110864
0.08025 	 0.02025 	 1 	 0.00110007
0.0805 	 0.0205 	 1 	 0.00112332
0.08075 	 0.02075 	 1 	 0.00111115
0.081 	 0.021 	 1 	 0.00108946
0.08125 	 0.02125 	 1 	 0.00108703
0.0815 	 0.0215 	 1 	 0.00109503
0.08175 	 0.02175 	 1 	 0.00110034
0.082 	 0.022 	 1 	 0.0010989
0.08225 	 0.02225 	 1 	 0.00108339
0.0825 	 0.0225 	 1 	 0.00107656
0.08275 	 0.02275 	 1 	 0.00105259
0.083 	 0.023 	 1 	 0.00103555
0.08325 	 0.02325 	 1 	 0.00105512
0.0835 	 0.0235 	 1 	 0.00104504
0.08375 	 0.02375 	 1 	 0.00105241
0.084 	 0.024 	 1 	 0.00100886
0.08425 	 0.02425 	 1 	 0.000999903
0.0845 	 0.0245 	 1 	 0.00102041
0.08475 	 0.02475 	 1 	 0.000993666
0.085 	 0.025 	 1 	 0.00102879
0.08525 	 0.02525 	 1 	 0.00103289
0.0855 	 0.0255 	 1 	 0.000994667
0.08575 	 0.02575 	 1 	 0.000983403
0.086 	 0.026 	 1 	 0.0010196
0.08625 	 0.02625 	 1 	 0.000993675
0.0865 	 0.0265 	 1 	 0.000960328
0.08675 	 0.02675 	 1 	 0.000933008
0.087 	 0.027 	 1 	 0.000915427
0.08725 	 0.02725 	 1 	 0.000958434
0.0875 	 0.0275 	 1 	 0.000979462
0.08775 	 0.02775 	 1 	 0.000961053
0.088 	 0.028 	 1 	 0.000926029
0.08825 	 0.02825 	 1 	 0.000899924
0.0885 	 0.0285 	 1 	 0.000894682
0.08875 	 0.02875 	 1 	 0.000963133
0.089 	 0.029 	 1 	 0.000969754
0.08925 	 0.02925 	 1 	 0.000898635
0.0895 	 0.0295 	 1 	 0.000891119
0.08975 	 0.02975 	 1 	 0.000911423
0.09 	 0.03 	 1 	 0.000887223
0.09025 	 0.03025 	 1 	 0.000862433
0.0905 	 0.0305 	 1 	 0.000877373
0.09075 	 0.03075 	 1 	 0.000860845
0.091 	 0.031 	 1 	 0.000834923
0.09125 	 0.03125 	 1 	 0.000875113
0.0915 	 0.0315 	 1 	 0.000869462
0.09175 	 0.03175 	 1 	 0.000853141
0.092 	 0.032 	 1 	 0.000835209
0.09225 	 0.03225 	 1 	 0.000822699
0.0925 	 0.0325 	 1 	 0.000829722
0.09275 	 0.03275 	 1 	 0.00084456
0.093 	 0.033 	 1 	 0.000851997
0.09325 	 0.03325 	 1 	 0.000817905
0.0935 	 0.0335 	 1 	 0.000820973
0.09375 	 0.03375 	 1 	 0.000774537
0.094 	 0.034 	 1 	 0.000757002
0.09425 	 0.03425 	 1 	 0.000788617
0.0945 	 0.0345 	 1 	 0.00078983
0.09475 	 0.03475 	 1 	 0.000784108
0.095 	 0.035 	 1 	 0.000768863
0.09525 	 0.03525 	 1 	 0.000769689
0.0955 	 0.0355 	 1 	 0.000741383
0.09575 	 0.03575 	 1 	 0.000768441
0.096 	 0.036 	 1 	 0.000767199
0.09625 	 0.03625 	 1 	 0.000730852
0.0965 	 0.0365 	 1 	 0.000764107
0.09675 	 0.03675 	 1 	 0.000724119
0.097 	 0.037 	 1 	 0.000750817
0.09725 	 0.03725 	 1 	 0.000730691
0.0975 	 0.0375 	 1 	 0.000704991
0.09775 	 0.03775 	 1 	 0.00069582
0.098 	 0.038 	 1 	 0.000665603
0.09825 	 0.03825 	 1 	 0.000699693
0.0985 	 0.0385 	 1 	 0.000685155
0.09875 	 0.03875 	 1 	 0.000698327
0.099 	 0.039 	 1 	 0.000701589
0.09925 	 0.03925 	 1 	 0.000675864
0.0995 	 0.0395 	 1 	 0.000672557
0.09975 	 0.03975 	 1 	 0.000661651
0.1 	 0.04 	 1 	 0.000667805
0.10025 	 0.04025 	 1 	 0.000672936
0.1005 	 0.0405 	 1 	 0.000666005
0.10075 	 0.04075 	 1 	 0.000650162
0.101 	 0.041 	 1 	 0.000620747
0.10125 	 0.04125 	 1 	 0.000616498
0.1015 	 0.0415 	 1 	 0.000596441
0.10175 	 0.04175 	 1 	 0.000600238
0.102 	 0.042 	 1 	 0.000616119
0.10225 	 0.04225 	 1 	 0.000613138
0.1025 	 0.0425 	 1 	 0.000591288
0.10275 	 0.04275 	 1 	 0.0006206
0.103 	 0.043 	 1 	 0.000617148
0.10325 	 0.04325 	 1 	 0.000595269
0.1035 	 0.0435 	 1 	 0.000586314
0.10375 	 0.04375 	 1 	 0.000565059
0.104 	 0.044 	 1 	 0.000591536
0.10425 	 0.04425 	 1 	 0.00057375
0.1045 	 0.0445 	 1 	 0.000541778
0.10475 	 0.04475 	 1 	 0.000550097
0.105 	 0.045 	 1 	 0.000553782
0.10525 	 0.04525 	 1 	 0.000498481
0.1055 	 0.0455 	 1 	 0.000508974
0.10575 	 0.04575 	 1 	 0.000554099
0.106 	 0.046 	 1 	 0.000546307
0.10625 	 0.04625 	 1 	 0.000553828
0.1065 	 0.0465 	 1 	 0.000529606
0.10675 	 0.04675 	 1 	 0.000525648
0.107 	 0.047 	 1 	 0.00050691
0.10725 	 0.04725 	 1 	 0.000520522
0.1075 	 0.0475 	 1 	 0.000520802
0.10775 	 0.04775 	 1 	 0.000434772
0.108 	 0.048 	 1 	 0.000473407
0.10825 	 0.04825 	 1 	 0.000508037
0.1085 	 0.0485 	 1 	 0.000484439
0.10875 	 0.04875 	 1 	 0.000468362
0.109 	 0.049 	 1 	 0.000427239
0.10925 	 0.04925 	 1 	 0.00043327
0.1095 	 0.0495 	 1 	 0.00048671
0.10975 	 0.04975 	 1 	 0.0004774
0.11 	 0.05 	 1 	 0.000465439
0.11025 	 0.05025 	 1 	 0.000474123
0.1105 	 0.0505 	 1 	 0.000429172
0.11075 	 0.05075 	 1 	 0.000419977
0.111 	 0.051 	 1 	 0.000414388
0.11125 	 0.05125 	 1 	 0.00041085
0.1115 	 0.0515 	 1 	 0.000420641
0.11175 	 0.05175 	 1 	 0.000407265
0.112 	 0.052 	 1 	 0.000407386
0.11225 	 0.05225 	 1 	 0.000381947
0.1125 	 0.0525 	 1 	 0.000403125
0.11275 	 0.05275 	 1 	 0.000398634
0.113 	 0.053 	 1 	 0.000371557
0.11325 	 0.05325 	 1 	 0.000379299
0.1135 	 0.0535 	 1 	 0.000390715
0.11375 	 0.05375 	 1 	 0.000405606
0.114 	 0.054 	 1 	 0.000393532
0.11425 	 0.05425 	 1 	 0.000368168
0.1145 	 0.0545 	 1 	 0.000328891
0.11475 	 0.05475 	 1 	 0.00033356
0.115 	 0.055 	 1 	 0.000345339
0.11525 	 0.05525 	 1 	 0.000344778
0.1155 	 0.0555 	 1 	 0.000354695
0.11575 	 0.05575 	 1 	 0.000338377
0.116 	 0.056 	 1 	 0.00032922
0.11625 	 0.05625 	 1 	 0.000312471
0.1165 	 0.0565 	 1 	 0.000315782
0.11675 	 0.05675 	 1 	 0.000329482
0.117 	 0.057 	 1 	 0.00031567
0.11725 	 0.05725 	 1 	 0.000306643
0.1175 	 0.0575 	 1 	 0.000301864
0.11775 	 0.05775 	 1 	 0.000354496
0.118 	 0.058 	 1 	 0.000328557
0.11825 	 0.05825 	 1 	 0.000254204
0.1185 	 0.0585 	 1 	 0.000237392
0.11875 	 0.05875 	 1 	 0.000259084
0.119 	 0.059 	 1 	 0.000278284
0.11925 	 0.05925 	 1 	 0.000302656
0.1195 	 0.0595 	 1 	 0.000291735
0.11975 	 0.05975 	 1 	 0.00022264
0.12 	 0.06 	 1 	 0.000244401
0.12025 	 0.06025 	 1 	 0.000254164
0.1205 	 0.0605 	 1 	 0.000286459
0.12075 	 0.06075 	 1 	 0.000285222
0.121 	 0.061 	 1 	 0.000239312
0.12125 	 0.06125 	 1 	 0.000229483
0.1215 	 0.0615 	 1 	 0.000223733
0.12175 	 0.06175 	 1 	 0.000243673
0.122 	 0.062 	 1 	 0.000227198
0.12225 	 0.06225 	 1 	 0.000215667
0.1225 	 0.0625 	 1 	 0.000211248
0.12275 	 0.06275 	 1 	 0.000170388
0.123 	 0.063 	 1 	 0.000174658
0.12325 	 0.06325 	 1 	 0.000256206
0.1235 	 0.0635 	 1 	 0.000237301
0.12375 	 0.06375 	 1 	 0.000175163
0.124 	 0.064 	 1 	 0.000205053
0.12425 	 0.06425 	 1 	 0.000188045
0.1245 	 0.0645 	 1 	 0.000182323
0.12475 	 0.06475 	 1 	 0.000218563
0.125 	 0.065 	 1 	 0.000186336
0.12525 	 0.06525 	 1 	 0.000179288
0.1255 	 0.0655 	 1 	 0.000155132
0.12575 	 0.06575 	 1 	 0.000112765
0.126 	 0.066 	 1 	 0.000134751
0.12625 	 0.06625 	 1 	 0.000188542
0.1265 	 0.0665 	 1 	 0.000172441
0.12675 	 0.06675 	 1 	 0.000157209
0.127 	 0.067 	 1 	 0.000158918
0.12725 	 0.06725 	 1 	 0.000137527
0.1275 	 0.0675 	 1 	 0.000140834
0.12775 	 0.06775 	 1 	 0.000148684
0.128 	 0.068 	 1 	 0.000169766
0.12825 	 0.06825 	 1 	 0.000135267
0.1285 	 0.0685 	 1 	 0.000127113
0.12875 	 0.06875 	 1 	 0.000109395
0.129 	 0.069 	 1 	 8.20644e-05
0.12925 	 0.06925 	 1 	 0.000131344
0.1295 	 0.0695 	 1 	 0.000113757
0.12975 	 0.06975 	 1 	 7.94158e-05
0.13 	 0.07 	 1 	 9.45905e-05
0.13025 	 0.07025 	 1 	 9.74229e-05
0.1305 	 0.0705 	 1 	 8.98461e-05
0.13075 	 0.07075 	 1 	 0.000131747
0.131 	 0.071 	 1 	 0.000137066
0.13125 	 0.07125 	 1 	 7.13401e-05
0.1315 	 0.0715 	 1 	 5.91572e-05
0.13175 	 0.07175 	 1 	 6.28432e-05
0.132 	 0.072 	 1 	 9.10267e-05
0.13225 	 0.07225 	 1 	 9.33027e-05
0.1325 	 0.0725 	 1 	 6.69469e-05
0.13275 	 0.07275 	 1 	 6.049e-05
0.133 	 0.073 	 1 	 4.31915e-05
0.13325 	 0.07325 	 1 	 4.09114e-05
0.1335 	 0.0735 	 1 	 5.39065e-05
0.13375 	 0.07375 	 1 	 8.22754e-05
0.134 	 0.074 	 1 	 5.37408e-05
0.13425 	 0.07425 	 1 	 2.83071e-05
0.1345 	 0.0745 	 1 	 6.22687e-05
0.13475 	 0.07475 	 1 	 7.75175e-05
0.135 	 0.075 	 1 	 5.41701e-05
0.13525 	 0.07525 	 1 	 2.04791e-05
0.1355 	 0.0755 	 1 	 1.75119e-05
0.13575 	 0.07575 	 1 	 1.48471e-05
0.136 	 0.076 	 1 	 3.36208e-05
0.13625 	 0.07625 	 1 	 3.32136e-05
0.1365 	 0.0765 	 1 	 3.37803e-05
0.13675 	 0.07675 	 1 	 2.45537e-05
0.137 	 0.077 	 1 	 -2.10906e-05
0.13725 	 0.07725 	 1 	 6.58201e-06
0.1375 	 0.0775 	 1 	 -1.0071e-05
0.13775 	 0.07775 	 1 	 1.39833e-05
0.138 	 0.078 	 1 	 3.01608e-05
0.13825 	 0.07825 	 1 	 -2.11138e-06
0.1385 	 0.0785 	 1 	 1.50695e-05
0.13875 	 0.07875 	 1 	 9.73848e-06
0.139 	 0.079 	 1 	 -1.51598e-05
0.13925 	 0.07925 	 1 	 -3.14709e-05
0.1395 	 0.0795 	 1 	 -6.83026e-06
0.13975 	 0.07975 	 1 	 -2.54248e-05
0.14 	 0.08 	 1 	 -2.95968e-05
0.14025 	 0.08025 	 1 	 -1.73318e-06
0.1405 	 0.0805 	 1 	 -2.40425e-05
0.14075 	 0.08075 	 1 	 -7.9469e-05
0.141 	 0.081 	 1 	 -5.47921e-05
0.14125 	 0.08125 	 1 	 1.80361e-06
0.1415 	 0.0815 	 1 	 -1.78327e-05
0.14175 	 0.08175 	 1 	 -1.70064e-05
0.142 	 0.082 	 1 	 -2.6321e-05
0.14225 	 0.08225 	 1 	 -5.35831e-05
0.1425 	 0.0825 	 1 	 -3.81014e-05
0.14275 	 0.08275 	 1 	 -3.84568e-05
0.143 	 0.083 	 1 	 -4.18348e-05
0.14325 	 0.08325 	 1 	 -7.13558e-05
0.1435 	 0.0835 	 1 	 -8.709e-05
0.14375 	 0.08375 	 1 	 -6.82481e-05
0.144 	 0.084 	 1 	 -4.0932e-05
0.14425 	 0.08425 	 1 	 -3.35648e-05
0.1445 	 0.0845 	 1 	 -9.59098e-05
0.14475 	 0.08475 	 1 	 -7.44268e-05
0.145 	 0.085 	 1 	 -6.98984e-05
0.14525 	 0.08525 	 1 	 -7.01661e-05
0.1455 	 0.0855 	 1 	 -2.61911e-05
0.14575 	 0.08575 	 1 	 -2.71953e-05
0.146 	 0.086 	 1 	 -7.47591e-05
0.14625 	 0.08625 	 1 	 -0.000126466
0.1465 	 0.0865 	 1 	 -9.91362e-05
0.14675 	 0.08675 	 1 	 -0.000106666
0.147 	 0.087 	 1 	 -0.000102248
0.14725 	 0.08725 	 1 	 -8.72596e-05
0.1475 	 0.0875 	 1 	 -7.71623e-05
0.14775 	 0.08775 	 1 	 -9.01191e-05
0.148 	 0.088 	 1 	 -0.000139054
0.14825 	 0.08825 	 1 	 -9.26031e-05
0.1485 	 0.0885 	 1 	 -5.50743e-05
0.14875 	 0.08875 	 1 	 -8.90145e-05
0.149 	 0.089 	 1 	 -9.08159e-05
0.14925 	 0.08925 	 1 	 -0.000117143
0.1495 	 0.0895 	 1 	 -0.000127308
0.14975 	 0.08975 	 1 	 -8.73058e-05
0.15 	 0.09 	 1 	 -0.000114685
0.15025 	 0.09025 	 1 	 -0.000136107
0.1505 	 0.0905 	 1 	 -0.000132301
0.15075 	 0.09075 	 1 	 -0.000150419
0.151 	 0.091 	 1 	 -0.00010984
0.15125 	 0.09125 	 1 	 -9.03617e-05
0.1515 	 0.0915 	 1 	 -0.000111062
0.15175 	 0.09175 	 1 	 -0.000127574
0.152 	 0.092 	 1 	 -0.000127565
0.15225 	 0.09225 	 1 	 -0.000105384
0.1525 	 0.0925 	 1 	 -0.000149558
0.15275 	 0.09275 	 1 	 -0.000139888
0.153 	 0.093 	 1 	 -9.06179e-05
0.15325 	 0.09325 	 1 	 -0.000139067
0.1535 	 0.0935 	 1 	 -0.000165378
0.15375 	 0.09375 	 1 	 -0.000146745
0.154 	 0.094 	 1 	 -0.000151442
0.15425 	 0.09425 	 1 	 -0.000161169
0.1545 	 0.0945 	 1 	 -0.000118824
0.15475 	 0.09475 	 1 	 -0.000131563
0.155 	 0.095 	 1 	 -0.000162641
0.15525 	 0.09525 	 1 	 -0.000147136
0.1555 	 0.0955 	 1 	 -0.000156223
0.15575 	 0.09575 	 1 	 -0.000123062
0.156 	 0.096 	 1 	 -0.000157965
0.15625 	 0.09625 	 1 	 -0.000173827
0.1565 	 0.0965 	 1 	 -0.000163584
0.15675 	 0.09675 	 1 	 -0.000160367
0.157 	 0.097 	 1 	 -0.000139196
0.15725 	 0.09725 	 1 	 -0.000190796
0.1575 	 0.0975 	 1 	 -0.000282481
0.15775 	 0.09775 	 1 	 -0.000389358
0.158 	 0.098 	 1 	 -0.000454622
0.15825 	 0.09825 	 1 	 -0.000502114
0.1585 	 0.0985 	 1 	 -0.00058488
0.15875 	 0.09875 	 1 	 -0.000684787
0.159 	 0.099 	 1 	 -0.000737631
0.15925 	 0.09925 	 1 	 -0.000787834
0.1595 	 0.0995 	 1 	 -0.000912687
0.15975 	 0.09975 	 1 	 -0.000974265
0.16 	 0.1 	 0 	 -0.00101019
0.16025 	 0.10025 	 0 	 -0.00108802
0.1605 	 0.1005 	 0 	 -0.00119803
0.16075 	 0.10075 	 0 	 -0.00127198
0.161 	 0.101 	 0 	 -0.00130617
0.16125 	 0.10125 	 0 	 -0.0014118
0.1615 	 0.1015 	 0 	 -0.00147671
0.16175 	 0.10175 	 0 	 -0.00155336
0.162 	 0.102 	 0 	 -0.00161097
0.16225 	 0.10225 	 0 	 -0.00161997
0.1625 	 0.1025 	 0 	 -0.00160516
0.16275 	 0.10275 	 0 	 -0.00158691
0.163 	 0.103 	 0 	 -0.00160273
0.16325 	 0.10325 	 0 	 -0.001592
0.1635 	 0.1035 	 0 	 -0.0015667
0.16375 	 0.10375 	 0 	 -0.00154852
0.164 	 0.104 	 0 	 -0.00156642
0.16425 	 0.10425 	 0 	 -0.0015559
0.1645 	 0.1045 	 0 	 -0.00153657
0.16475 	 0.10475 	 0 	 -0.00154546
0.165 	 0.105 	 0 	 -0.00152908
0.16525 	 0.10525 	 0 	 -0.0015197
0.1655 	 0.1055 	 0 	 -0.00148939
0.16575 	 0.10575 	 0 	 -0.0014964
0.166 	 0.106 	 0 	 -0.00148487
0.16625 	 0.10625 	 0 	 -0.00143536
0.1665 	 0.1065 	 0 	 -0.00141404
0.16675 	 0.10675 	 0 	 -0.00142199
0.167 	 0.107 	 0 	 -0.00146714
0.16725 	 0.10725 	 0 	 -0.00144646
0.1675 	 0.1075 	 0 	 -0.00143146
0.16775 	 0.10775 	 0 	 -0.00140019
0.168 	 0.108 	 0 	 -0.00138406
0.16825 	 0.10825 	 0 	 -0.00139493
0.1685 	 0.1085 	 0 	 -0.00139338
0.16875 	 0.10875 	 0 	 -0.00139392
0.169 	 0.109 	 0 	 -0.00134878
0.16925 	 0.10925 	 0 	 -0.00133563
0.1695 	 0.1095 	 0 	 -0.00132414
0.16975 	 0.10975 	 0 	 -0.00131634
0.17 	 0.11 	 0 	 -0.00132544
0.17025 	 0.11025 	 0 	 -0.00131375
0.1705 	 0.1105 	 0 	 -0.00128384
0.17075 	 0.11075 	 0 	 -0.00125982
0.171 	 0.111 	 0 	 -0.0012963
0.17125 	 0.11125 	 0 	 -0.00131095
0.1715 	 0.1115 	 0 	 -0.00129845
0.17175 	 0.11175 	 0 	 -0.00123924
0.172 	 0.112 	 0 	 -0.00121451
0.17225 	 0.11225 	 0 	 -0.00125877
0.1725 	 0.1125 	 0 	 -0.00122737
0.17275 	 0.11275 	 0 	 -0.00122679
0.173 	 0.113 	 0 	 -0.00122447
0.17325 	 0.11325 	 0 	 -0.00118996
0.1735 	 0.1135 	 0 	 -0.00117936
0.17375 	 0.11375 	 0 	 -0.00118303
0.174 	 0.114 	 0 	 -0.00117833
0.17425 	 0.11425 	 0 	 -0.00117174
0.1745 	 0.1145 	 0 	 -0.00117706
0.17475 	 0.11475 	 0 	 -0.00115558
0.175 	 0.115 	 0 	 -0.00114373
0.17525 	 0.11525 	 0 	 -0.00113023
0.1755 	 0.1155 	 0 	 -0.00114053
0.17575 	 0.11575 	 0 	 -0.00113552
0.176 	 0.116 	 0 	 -0.00110614
0.17625 	 0.11625 	 0 	 -0.00110334
0.1765 	 0.1165 	 0 	 -0.0010842
0.17675 	 0.11675 	 0 	 -0.00108951
0.177 	 0.117 	 0 	 -0.00108184
0.17725 	 0.11725 	 0 	 -0.00105261
0.1775 	 0.1175 	 0 	 -0.00105808
0.17775 	 0.11775 	 0 	 -0.00105904
0.178 	 0.118 	 0 	 -0.00104069
0.17825 	 0.11825 	 0 	 -0.00103484
0.1785 	 0.1185 	 0 	 -0.00103825
0.17875 	 0.11875 	 0 	 -0.00102276
0.179 	 0.119 	 0 	 -0.00102451
0.17925 	 0.11925 	 0 	 -0.00100826
0.1795 	 0.1195 	 0 	 -0.000991811
0.17975 	 0.11975 	 0 	 -0.000991267
0.18 	 0.12 	 0 	 -0.000984733
0.18025 	 0.12025 	 0 	 -0.00098439
0.1805 	 0.1205 	 0 	 -0.000963701
0.18075 	 0.12075 	 0 	 -0.000965988
0.181 	 0.121 	 0 	 -0.000946661
0.18125 	 0.12125 	 0 	 -0.000927827
0.1815 	 0.1215 	 0 	 -0.00095205
0.18175 	 0.12175 	 0 	 -0.000943591
0.182 	 0.122 	 0 	 -0.000932477
0.18225 	 0.12225 	 0 	 -0.000921561
0.1825 	 0.1225 	 0 	 -0.000909864
0.18275 	 0.12275 	 0 	 -0.000902893
0.183 	 0.123 	 0 	 -0.000903682
0.18325 	 0.12325 	 0 	 -0.000904027
0.1835 	 0.1235 	 0 	 -0.000889501
0.18375 	 0.12375 	 0 	 -0.000871714
0.184 	 0.124 	 0 	 -0.000860044
0.18425 	 0.12425 	 0 	 -0.000867973
0.1845 	 0.1245 	 0 	 -0.000853346
0.18475 	 0.12475 	 0 	 -0.000847432
0.185 	 0.125 	 0 	 -0.000838785
0.18525 	 0.12525 	 0 	 -0.000834809
0.1855 	 0.1255 	 0 	 -0.000845727
0.18575 	 0.12575 	 0 	 -0.000826946
0.186 	 0.126 	 0 	 -0.000819165
0.18625 	 0.12625 	 0 	 -0.000809247
0.1865 	 0.1265 	 0 	 -0.000802325
0.18675 	 0.12675 	 0 	 -0.000805437
0.187 	 0.127 	 0 	 -0.000786252
0.18725 	 0.12725 	 0 	 -0.000775192
0.1875 	 0.1275 	 0 	 -0.000770842
0.18775 	 0.12775 	 0 	 -0.000767904
0.188 	 0.128 	 0 	 -0.000774782
0.18825 	 0.12825 	 0 	 -0.000762224
0.1885 	 0.1285 	 0 	 -0.000740372
0.18875 	 0.12875 	 0 	 -0.000741364
0.189 	 0.129 	 0 	 -0.00075048
0.18925 	 0.12925 	 0 	 -0.000740913
0.1895 	 0.1295 	 0 	 -0.000735964
0.18975 	 0.12975 	 0 	 -0.000731447
0.19 	 0.13 	 0 	 -0.000713875
0.19025 	 0.13025 	 0 	 -0.000706413
0.1905 	 0.1305 	 0 	 -0.000695331
0.19075 	 0.13075 	 0 	 -0.00070139
0.191 	 0.131 	 0 	 -0.000712111
0.19125 	 0.13125 	 0 	 -0.000680741
0.1915 	 0.1315 	 0 	 -0.000667193
0.19175 	 0.13175 	 0 	 -0.000669611
0.192 	 0.132 	 0 	 -0.000681841
0.19225 	 0.13225 	 0 	 -0.000686827
0.1925 	 0.1325 	 0 	 -0.000659219
0.19275 	 0.13275 	 0 	 -0.00065239
0.193 	 0.133 	 0 	 -0.000644758
0.19325 	 0.13325 	 0 	 -0.000641733
0.1935 	 0.1335 	 0 	 -0.000654298
0.19375 	 0.13375 	 0 	 -0.000643972
0.194 	 0.134 	 0 	 -0.000626405
0.19425 	 0.13425 	 0 	 -0.000612135
0.1945 	 0.1345 	 0 	 -0.00060408
0.19475 	 0.13475 	 0 	 -0.000615948
0.195 	 0.135 	 0 	 -0.000613057
0.19525 	 0.13525 	 0 	 -0.000603327
0.1955 	 0.1355 	 0 	 -0.000596983
0.19575 	 0.13575 	 0 	 -0.000581508
0.196 	 0.136 	 0 	 -0.000585598
0.19625 	 0.13625 	 0 	 -0.000592812
0.1965 	 0.1365 	 0 	 -0.000587933
0.19675 	 0.13675 	 0 	 -0.000577099
0.197 	 0.137 	 0 	 -0.000558148
0.19725 	 0.13725 	 0 	 -0.000560033
0.1975 	 0.1375 	 0 	 -0.00056477
0.19775 	 0.13775 	 0 	 -0.000546391
0.198 	 0.138 	 0 	 -0.000541525
0.19825 	 0.13825 	 0 	 -0.000541644
0.1985 	 0.1385 	 0 	 -0.000537442
0.19875 	 0.13875 	 0 	 -0.000534858
0.199 	 0.139 	 0 	 -0.000530848
0.19925 	 0.13925 	 0 	 -0.000524121
0.1995 	 0.1395 	 0 	 -0.000522827
0.19975 	 0.13975 	 0 	 -0.000518428
0.2 	 0.14 	 0 	 -0.000514892
0.20025 	 0.14025 	 0 	 -0.000510933
0.2005 	 0.1405 	 0 	 -0.000501267
0.20075 	 0.14075 	 0 	 -0.000498791
0.201 	 0.141 	 0 	 -0.000493288
0.20125 	 0.14125 	 0 	 -0.000492119
0.2015 	 0.1415 	 0 	 -0.00048341
0.20175 	 0.14175 	 0 	 -0.000469265
0.202 	 0.142 	 0 	 -0.000475533
0.20225 	 0.14225 	 0 	 -0.000474066
0.2025 	 0.1425 	 0 	 -0.000468213
0.20275 	 0.14275 	 0 	 -0.000478138
0.203 	 0.143 	 0 	 -0.000462501
0.20325 	 0.14325 	 0 	 -0.0004469
0.2035 	 0.1435 	 0 	 -0.000449397
0.20375 	 0.14375 	 0 	 -0.000442988
0.204 	 0.144 	 0 	 -0.000451486
0.20425 	 0.14425 	 0 	 -0.000451487
0.2045 	 0.1445 	 0 	 -0.000433976
0.20475 	 0.14475 	 0 	 -0.000427876
0.205 	 0.145 	 0 	 -0.000417386
0.20525 	 0.14525 	 0 	 -0.00042037
0.2055 	 0.1455 	 0 	 -0.000425246
0.20575 	 0.14575 	 0 	 -0.000418757
0.206 	 0.146 	 0 	 -0.000412859
0.20625 	 0.14625 	 0 	 -0.000403453
0.2065 	 0.1465 	 0 	 -0.000404495
0.20675 	 0.14675 	 0 	 -0.000409278
0.207 	 0.147 	 0 	 -0.000401361
0.20725 	 0.14725 	 0 	 -0.000394683
0.2075 	 0.1475 	 0 	 -0.000388519
0.20775 	 0.14775 	 0 	 -0.00038079
0.208 	 0.148 	 0 	 -0.000387936
0.20825 	 0.14825 	 0 	 -0.000385833
0.2085 	 0.1485 	 0 	 -0.000376566
0.20875 	 0.14875 	 0 	 -0.000373224
0.209 	 0.149 	 0 	 -0.00035958
0.20925 	 0.14925 	 0 	 -0.000359492
0.2095 	 0.1495 	 0 	 -0.000367461
0.20975 	 0.14975 	 0 	 -0.000362423
0.21 	 0.15 	 0 	 -0.000364261
0.21025 	 0.15025 	 0 	 -0.000357411
0.2105 	 0.1505 	 0 	 -0.000347361
0.21075 	 0.15075 	 0 	 -0.000343921
0.211 	 0.151 	 0 	 -0.00033924
0.21125 	 0.15125 	 0 	 -0.000340128
0.2115 	 0.1515 	 0 	 -0.000342466
0.21175 	 0.15175 	 0 	 -0.000337544
0.212 	 0.152 	 0 	 -0.000325657
0.21225 	 0.15225 	 0 	 -0.000319647
0.2125 	 0.1525 	 0 	 -0.000322704
0.21275 	 0.15275 	 0 	 -0.000322936
0.213 	 0.153 	 0 	 -0.000319147
0.21325 	 0.15325 	 0 	 -0.000318557
0.2135 	 0.1535 	 0 	 -0.000312912
0.21375 	 0.15375 	 0 	 -0.000307292
0.214 	 0.154 	 0 	 -0.000308542
0.21425 	 0.15425 	 0 	 -0.000304626
0.2145 	 0.1545 	 0 	 -0.000302331
0.21475 	 0.15475 	 0 	 -0.000297832
0.215 	 0.155 	 0 	 -0.00029213
0.21525 	 0.15525 	 0 	 -0.000289147
0.2155 	 0.1555 	 0 	 -0.000286348
0.21575 	 0.15575 	 0 	 -0.000289304
0.216 	 0.156 	 0 	 -0.000283933
0.21625 	 0.15625 	 0 	 -0.000280143
0.2165 	 0.1565 	 0 	 -0.000275294
0.21675 	 0.15675 	 0 	 -0.000270885
0.217 	 0.157 	 0 	 -0.000278263
0.21725 	 0.15725 	 0 	 -0.000277017
0.2175 	 0.1575 	 0 	 -0.000269669
0.21775 	 0.15775 	 0 	 -0.000266683
0.218 	 0.158 	 0 	 -0.000258917
0.21825 	 0.15825 	 0 	 -0.000257915
0.2185 	 0.1585 	 0 	 -0.000260345
0.21875 	 0.15875 	 0 	 -0.000254689
0.219 	 0.159 	 0 	 -0.000252694
0.21925 	 0.15925 	 0 	 -0.000248941
0.2195 	 0.1595 	 0 	 -0.000243076
0.21975 	 0.15975 	 0 	 -0.000241197
0.22 	 0.16 	 0 	 -0.000241965
0.22025 	 0.16025 	 0 	 -0.000244925
0.2205 	 0.1605 	 0 	 -0.000241769
0.22075 	 0.16075 	 0 	 -0.000236771
0.221 	 0.161 	 0 	 -0.000232065
0.22125 	 0.16125 	 0 	 -0.000231203
0.2215 	 0.1615 	 0 	 -0.000231377
0.22175 	 0.16175 	 0 	 -0.000229488
0.222 	 0.162 	 0 	 -0.000224588
0.22225 	 0.16225 	 0 	 -0.000217082
0.2225 	 0.1625 	 0 	 -0.000214412
0.22275 	 0.16275 	 0 	 -0.000215245
0.223 	 0.163 	 0 	 -0.000216941
0.22325 	 0.16325 	 0 	 -0.000214614
0.2235 	 0.1635 	 0 	 -0.000210336
0.22375 	 0.16375 	 0 	 -0.00020868
0.224 	 0.164 	 0 	 -0.00020662
0.22425 	 0.16425 	 0 	 -0.000206084
0.2245 	 0.1645 	 0 	 -0.000205083
0.22475 	 0.16475 	 0 	 -0.000203637
0.225 	 0.165 	 0 	 -0.000200079
0.22525 	 0.16525 	 0 	 -0.000192136
0.2255 	 0.1655 	 0 	 -0.000194062
0.22575 	 0.16575 	 0 	 -0.000192376
0.226 	 0.166 	 0 	 -0.000190066
0.22625 	 0.16625 	 0 	 -0.000189874
0.2265 	 0.1665 	 0 	 -0.00018514
0.22675 	 0.16675 	 0 	 -0.000183848
0.227 	 0.167 	 0 	 -0.000181849
0.22725 	 0.16725 	 0 	 -0.000182063
0.2275 	 0.1675 	 0 	 -0.000182882
0.22775 	 0.16775 	 0 	 -0.000179604
0.228 	 0.168 	 0 	 -0.000177061
0.22825 	 0.16825 	 0 	 -0.000171528
0.2285 	 0.1685 	 0 	 -0.000169979
0.22875 	 0.16875 	 0 	 -0.000171951
0.229 	 0.169 	 0 	 -0.000169004
0.22925 	 0.16925 	 0 	 -0.000168799
0.2295 	 0.1695 	 0 	 -0.000166022
0.22975 	 0.16975 	 0 	 -0.00015989
0.23 	 0.17 	 0 	 -0.000161022
0.23025 	 0.17025 	 0 	 -0.000160514
0.2305 	 0.1705 	 0 	 -0.000157886
0.23075 	 0.17075 	 0 	 -0.000158456
0.231 	 0.171 	 0 	 -0.000155711
0.23125 	 0.17125 	 0 	 -0.000152778
0.2315 	 0.1715 	 0 	 -0.000150686
0.23175 	 0.17175 	 0 	 -0.000150032
0.232 	 0.172 	 0 	 -0.000150064
0.23225 	 0.17225 	 0 	 -0.000148406
0.2325 	 0.1725 	 0 	 -0.000146486
0.23275 	 0.17275 	 0 	 -0.000141592
0.233 	 0.173 	 0 	 -0.000140235
0.23325 	 0.17325 	 0 	 -0.000142807
0.2335 	 0.1735 	 0 	 -0.000139524
0.23375 	 0.17375 	 0 	 -0.000139531
0.234 	 0.174 	 0 	 -0.000137199
0.23425 	 0.17425 	 0 	 -0.000132661
0.2345 	 0.1745 	 0 	 -0.000133501
0.23475 	 0.17475 	 0 	 -0.000132476
0.235 	 0.175 	 0 	 -0.000131458
0.23525 	 0.17525 	 0 	 -0.000131642
0.2355 	 0.1755 	 0 	 -0.000128264
0.23575 	 0.17575 	 0 	 -0.000124797
0.236 	 0.176 	 0 	 -0.000124416
0.23625 	 0.17625 	 0 	 -0.000123913
0.2365 	 0.1765 	 0 	 -0.000124618
0.23675 	 0.17675 	 0 	 -0.000122641
0.237 	 0.177 	 0 	 -0.000119342
0.23725 	 0.17725 	 0 	 -0.000117376
0.2375 	 0.1775 	 0 	 -0.00011659
0.23775 	 0.17775 	 0 	 -0.000117768
0.238 	 0.178 	 0 	 -0.000116439
0.23825 	 0.17825 	 0 	 -0.000113835
0.2385 	 0.1785 	 0 	 -0.000112461
0.23875 	 0.17875 	 0 	 -0.000110323
0.239 	 0.179 	 0 	 -0.000109252
0.23925 	 0.17925 	 0 	 -0.000109436
0.2395 	 0.1795 	 0 	 -0.000107556
0.23975 	 0.17975 	 0 	 -0.000108506
0.24 	 0.18 	 0 	 -0.000106201
0.24025 	 0.18025 	 0 	 -0.000102054
0.2405 	 0.1805 	 0 	 -0.000103032
0.24075 	 0.18075 	 0 	 -0.000101342
0.241 	 0.181 	 0 	 -0.000102356
0.24125 	 0.18125 	 0 	 -0.000100899
0.2415 	 0.1815 	 0 	 -9.66119e-05
0.24175 	 0.18175 	 0 	 -9.68522e-05
0.242 	 0.182 	 0 	 -9.56504e-05
0.24225 	 0.18225 	 0 	 -9.71075e-05
0.2425 	 0.1825 	 0 	 -9.67515e-05
0.24275 	 0.18275 	 0 	 -9.22942e-05
0.243 	 0.183 	 0 	 -9.14228e-05
0.24325 	 0.18325 	 0 	 -8.99337e-05
0.2435 	 0.1835 	 0 	 -9.07706e-05
0.24375 	 0.18375 	 0 	 -9.11145e-05
0.244 	 0.184 	 0 	 -8.81841e-05
0.24425 	 0.18425 	 0 	 -8.77575e-05
0.2445 	 0.1845 	 0 	 -8.53324e-05
0.24475 	 0.18475 	 0 	 -8.37124e-05
0.245 	 0.185 	 0 	 -8.55305e-05
0.24525 	 0.18525 	 0 	 -8.44116e-05
0.2455 	 0.1855 	 0 	 -8.34362e-05
0.24575 	 0.18575 	 0 	 -8.15773e-05
0.246 	 0.186 	 0 	 -7.93264e-05
0.24625 	 0.18625 	 0 	 -8.03838e-05
0.2465 	 0.1865 	 0 	 -7.89042e-05
0.24675 	 0.18675 	 0 	 -7.82568e-05
0.247 	 0.187 	 0 	 -7.79694e-05
0.24725 	 0.18725 	 0 	 -7.57878e-05
0.2475 	 0.1875 	 0 	 -7.51358e-05
0.24775 	 0.18775 	 0 	 -7.39411e-05
0.248 	 0.188 	 0 	 -7.33713e-05
0.24825 	 0.18825 	 0 	 -7.3488e-05
0.2485 	 0.1885 	 0 	 -7.30409e-05
0.24875 	 0.18875 	 0 	 -7.19146e-05
0.249 	 0.189 	 0 	 -6.92892e-05
0.24925 	 0.18925 	 0 	 -6.87209e-05
0.2495 	 0.1895 	 0 	 -6.89829e-05
0.24975 	 0.18975 	 0 	 -6.83715e-05
0.25 	 0.19 	 0 	 -6.79045e-05
0.25025 	 0.19025 	 0 	 -6.63295e-05
0.2505 	 0.1905 	 0 	 -6.49909e-05
0.25075 	 0.19075 	 0 	 -6.48755e-05
0.251 	 0.191 	 0 	 -6.42818e-05
0.25125 	 0.19125 	 0 	 -6.2978e-05
0.2515 	 0.1915 	 0 	 -6.3703e-05
0.25175 	 0.19175 	 0 	 -6.24782e-05
0.252 	 0.192 	 0 	 -6.07523e-05
0.25225 	 0.19225 	 0 	 -6.05714e-05
0.2525 	 0.1925 	 0 	 -5.89798e-05
0.25275 	 0.19275 	 0 	 -5.97891e-05
0.253 	 0.193 	 0 	 -5.97475e-05
0.25325 	 0.19325 	 0 	 -5.79042e-05
0.2535 	 0.1935 	 0 	 -5.6448e-05
0.25375 	 0.19375 	 0 	 -5.48227e-05
0.254 	 0.194 	 0 	 -5.64646e-05
0.25425 	 0.19425 	 0 	 -5.64131e-05
0.2545 	 0.1945 	 0 	 -5.538e-05
0.25475 	 0.19475 	 0 	 -5.54536e-05
0.255 	 0.195 	 0 	 -5.33564e-05
0.25525 	 0.19525 	 0 	 -5.49084e-05
0.2555 	 0.1955 	 0 	 -5.54707e-05
0.25575 	 0.19575 	 0 	 -5.53434e-05
0.256 	 0.196 	 0 	 -5.60104e-05
0.25625 	 0.19625 	 0 	 -5.38182e-05
0.2565 	 0.1965 	 0 	 -5.4165e-05
0.25675 	 0.19675 	 0 	 -5.45297e-05
0.257 	 0.197 	 0 	 -5.44357e-05
0.25725 	 0.19725 	 0 	 -5.5686e-05
0.2575 	 0.1975 	 0 	 -5.44151e-05
0.25775 	 0.19775 	 0 	 -5.37637e-05
0.258 	 0.198 	 0 	 -5.38106e-05
0.25825 	 0.19825 	 0 	 -5.33544e-05
0.2585 	 0.1985 	 0 	 -5.41199e-05
0.25875 	 0.19875 	 0 	 -5.43762e-05
0.259 	 0.199 	 0 	 -5.38627e-05
0.25925 	 0.19925 	 0 	 -5.29364e-05
0.2595 	 0.1995 	 0 	 -5.2276e-05
0.25975 	 0.19975 	 0 	 -5.16373e-05
0.26 	 0.2 	 0 	 -5.11781e-05
0.26025 	 0.20025 	 0 	 -5.11256e-05
0.2605 	 0.2005 	 0 	 -5.06268e-05
0.26075 	 0.20075 	 0 	 -4.8432e-05
0.261 	 0.201 	 0 	 -4.7138e-05
0.26125 	 0.20125 	 0 	 -4.76745e-05
0.2615 	 0.2015 	 0 	 -4.7174e-05
0.26175 	 0.20175 	 0 	 -4.70673e-05
0.262 	 0.202 	 0 	 -4.59985e-05
0.26225 	 0.20225 	 0 	 -4.3656e-05
0.2625 	 0.2025 	 0 	 -4.37071e-05
0.26275 	 0.20275 	 0 	 -4.38642e-05
0.263 	 0.203 	 0 	 -4.31794e-05
0.26325 	 0.20325 	 0 	 -4.30967e-05
0.2635 	 0.2035 	 0 	 -4.17875e-05
0.26375 	 0.20375 	 0 	 -4.06345e-05
0.264 	 0.204 	 0 	 -4.03172e-05
0.26425 	 0.20425 	 0 	 -4.02426e-05
0.2645 	 0.2045 	 0 	 -3.9918e-05
0.26475 	 0.20475 	 0 	 -3.90869e-05
0.265 	 0.205 	 0 	 -3.85456e-05
0.26525 	 0.20525 	 0 	 -3.72973e-05
0.2655 	 0.2055 	 0 	 -3.66422e-05
0.26575 	 0.20575 	 0 	 -3.69409e-05
0.266 	 0.206 	 0 	 -3.64753e-05
0.26625 	 0.20625 	 0 	 -3.61631e-05
0.2665 	 0.2065 	 0 	 -3.53799e-05
0.26675 	 0.20675 	 0 	 -3.39361e-05
0.267 	 0.207 	 0 	 -3.3726e-05
0.26725 	 0.20725 	 0 	 -3.37802e-05
0.2675 	 0.2075 	 0 	 -3.35785e-05
0.26775 	 0.20775 	 0 	 -3.33308e-05
0.268 	 0.208 	 0 	 -3.23549e-05
0.26825 	 0.20825 	 0 	 -3.11525e-05
0.2685 	 0.2085 	 0 	 -3.08974e-05
0.26875 	 0.20875 	 0 	 -3.09821e-05
0.269 	 0.209 	 0 	 -3.08129e-05
0.26925 	 0.20925 	 0 	 -3.04047e-05
0.2695 	 0.2095 	 0 	 -2.94551e-05
0.26975 	 0.20975 	 0 	 -2.87267e-05
0.27 	 0.21 	 0 	 -2.86653e-05
0.27025 	 0.21025 	 0 	 -2.85206e-05
0.2705 	 0.2105 	 0 	 -2.82429e-05
0.27075 	 0.21075 	 0 	 -2.76951e-05
0.271 	 0.211 	 0 	 -2.70849e-05
0.27125 	 0.21125 	 0 	 -2.64813e-05
0.2715 	 0.2115 	 0 	 -2.60756e-05
0.27175 	 0.21175 	 0 	 -2.61498e-05
0.272 	 0.212 	 0 	 -2.60242e-05
0.27225 	 0.21225 	 0 	 -2.55617e-05
0.2725 	 0.2125 	 0 	 -2.49224e-05
0.27275 	 0.21275 	 0 	 -2.40945e-05
0.273 	 0.213 	 0 	 -2.38542e-05
0.27325 	 0.21325 	 0 	 -2.39692e-05
0.2735 	 0.2135 	 0 	 -2.39526e-05
0.27375 	 0.21375 	 0 	 -2.347e-05
0.274 	 0.214 	 0 	 -2.27685e-05
0.27425 	 0.21425 	 0 	 -2.21546e-05
0.2745 	 0.2145 	 0 	 -2.19719e-05
0.27475 	 0.21475 	 0 	 -2.20613e-05
0.275 	 0.215 	 0 	 -2.182e-05
0.27525 	 0.21525 	 0 	 -2.13791e-05
0.2755 	 0.2155 	 0 	 -2.06983e-05
0.27575 	 0.21575 	 0 	 -2.03491e-05
0.276 	 0.216 	 0 	 -2.0332e-05
0.27625 	 0.21625 	 0 	 -2.01255e-05
0.2765 	 0.2165 	 0 	 -1.99622e-05
0.27675 	 0.21675 	 0 	 -1.9525e-05
0.277 	 0.217 	 0 	 -1.88389e-05
0.27725 	 0.21725 	 0 	 -1.85714e-05
0.2775 	 0.2175 	 0 	 -1.85417e-05
0.27775 	 0.21775 	 0 	 -1.85206e-05
0.278 	 0.218 	 0 	 -1.84078e-05
0.27825 	 0.21825 	 0 	 -1.79806e-05
0.2785 	 0.2185 	 0 	 -1.72485e-05
0.27875 	 0.21875 	 0 	 -1.69624e-05
0.279 	 0.219 	 0 	 -1.68491e-05
0.27925 	 0.21925 	 0 	 -1.68048e-05
0.2795 	 0.2195 	 0 	 -1.69579e-05
0.27975 	 0.21975 	 0 	 -1.64771e-05
0.28 	 0.22 	 0 	 -1.56597e-05
0.28025 	 0.22025 	 0 	 -1.5435e-05
0.2805 	 0.2205 	 0 	 -1.55275e-05
0.28075 	 0.22075 	 0 	 -1.56026e-05
0.281 	 0.221 	 0 	 -1.53893e-05
0.28125 	 0.22125 	 0 	 -1.48313e-05
0.2815 	 0.2215 	 0 	 -1.43184e-05
0.28175 	 0.22175 	 0 	 -1.42663e-05
0.282 	 0.222 	 0 	 -1.43839e-05
0.28225 	 0.22225 	 0 	 -1.42443e-05
0.2825 	 0.2225 	 0 	 -1.39906e-05
0.28275 	 0.22275 	 0 	 -1.35466e-05
0.283 	 0.223 	 0 	 -1.3043e-05
0.28325 	 0.22325 	 0 	 -1.29952e-05
0.2835 	 0.2235 	 0 	 -1.30774e-05
0.28375 	 0.22375 	 0 	 -1.29361e-05
0.284 	 0.224 	 0 	 -1.27889e-05
0.28425 	 0.22425 	 0 	 -1.248e-05
0.2845 	 0.2245 	 0 	 -1.19242e-05
0.28475 	 0.22475 	 0 	 -1.17997e-05
0.285 	 0.225 	 0 	 -1.1929e-05
0.28525 	 0.22525 	 0 	 -1.18472e-05
0.2855 	 0.2255 	 0 	 -1.16422e-05
0.28575 	 0.22575 	 0 	 -1.12837e-05
0.286 	 0.226 	 0 	 -1.08796e-05
0.28625 	 0.22625 	 0 	 -1.08422e-05
0.2865 	 0.2265 	 0 	 -1.08932e-05
0.28675 	 0.22675 	 0 	 -1.07746e-05
0.287 	 0.227 	 0 	 -1.05942e-05
0.28725 	 0.22725 	 0 	 -1.02034e-05
0.2875 	 0.2275 	 0 	 -9.88506e-06
0.28775 	 0.22775 	 0 	 -9.88137e-06
0.288 	 0.228 	 0 	 -9.90291e-06
0.28825 	 0.22825 	 0 	 -9.80293e-06
0.2885 	 0.2285 	 0 	 -9.67521e-06
0.28875 	 0.22875 	 0 	 -9.31984e-06
0.289 	 0.229 	 0 	 -8.9918e-06
0.28925 	 0.22925 	 0 	 -9.00289e-06
0.2895 	 0.2295 	 0 	 -9.05724e-06
0.28975 	 0.22975 	 0 	 -8.91349e-06
0.29 	 0.23 	 0 	 -8.70306e-06
0.29025 	 0.23025 	 0 	 -8.45408e-06
0.2905 	 0.2305 	 0 	 -8.24151e-06
0.29075 	 0.23075 	 0 	 -8.22747e-06
0.291 	 0.231 	 0 	 -8.19254e-06
0.29125 	 0.23125 	 0 	 -8.04882e-06
0.2915 	 0.2315 	 0 	 -7.92199e-06
0.29175 	 0.23175 	 0 	 -7.67465e-06
0.292 	 0.232 	 0 	 -7.46712e-06
0.29225 	 0.23225 	 0 	 -7.50023e-06
0.2925 	 0.2325 	 0 	 -7.47039e-06
0.29275 	 0.23275 	 0 	 -7.28627e-06
0.293 	 0.233 	 0 	 -7.13963e-06
0.29325 	 0.23325 	 0 	 -6.98496e-06
0.2935 	 0.2335 	 0 	 -6.8401e-06
0.29375 	 0.23375 	 0 	 -6.78033e-06
0.294 	 0.234 	 0 	 -6.64243e-06
0.29425 	 0.23425 	 0 	 -6.27016e-06
0.2945 	 0.2345 	 0 	 -5.84631e-06
0.29475 	 0.23475 	 0 	 -5.48401e-06
0.295 	 0.235 	 0 	 -5.14728e-06
0.29525 	 0.23525 	 0 	 -4.79124e-06
0.2955 	 0.2355 	 0 	 -4.42929e-06
0.29575 	 0.23575 	 0 	 -4.05493e-06
0.296 	 0.236 	 0 	 -3.71391e-06
0.29625 	 0.23625 	 0 	 -3.38129e-06
0.2965 	 0.2365 	 0 	 -3.02433e-06
0.29675 	 0.23675 	 0 	 -2.71256e-06
0.297 	 0.237 	 0 	 -2.40603e-06
0.29725 	 0.23725 	 0 	 -2.0506e-06
0.2975 	 0.2375 	 0 	 -1.74007e-06
0.29775 	 0.23775 	 0 	 -1.44862e-06
0.298 	 0.238 	 0 	 -1.1473e-06
0.29825 	 0.23825 	 0 	 -8.50504e-07
0.2985 	 0.2385 	 0 	 -5.32834e-07
0.29875 	 0.23875 	 0 	 -2.58394e-07
0.299 	 0.239 	 0 	 -6.42306e-08
0.29925 	 0.23925 	 0 	 0
0.2995 	 0.2395 	 0 	 0
0.29975 	 0.23975 	 0 	 0
0.3 	 0.24 	 0 	 0
0.30025 	 0.24025 	 0 	 0
0.3005 	 0.2405 	 0 	 0
0.30075 	 0.24075 	 0 	 0
0.301 	 0.241 	 0 	 0
0.30125 	 0.24125 	 0 	 0
0.3015 	 0.2415 	 0 	 0
0.30175 	 0.24175 	 0 	 0
0.302 	 0.242 	 0 	 0
0.30225 	 0.24225 	 0 	 0
0.3025 	 0.2425 	 0 	 0
0.30275 	 0.24275 	 0 	 0
0.303 	 0.243 	 0 	 0
0.30325 	 0.24325 	 0 	 0
0.3035 	 0.2435 	 0 	 0
0.30375 	 0.24375 	 0 	 0
0.304 	 0.244 	 0 	 0
0.30425 	 0.24425 	 0 	 0
0.3045 	 0.2445 	 0 	 0
0.30475 	 0.24475 	 0 	 0
0.305 	 0.245 	 0 	 0
0.30525 	 0.24525 	 0 	 0
0.3055 	 0.2455 	 0 	 0
0.30575 	 0.24575 	 0 	 0
0.306 	 0.246 	 0 	 0
0.30625 	 0.24625 	 0 	 0
0.3065 	 0.2465 	 0 	 0
0.30675 	 0.24675 	 0 	 0
0.307 	 0.247 	 0 	 0
0.30725 	 0.24725 	 0 	 0
0.3075 	 0.2475 	 0 	 0
0.30775 	 0.24775 	 0 	 0
0.308 	 0.248 	 0 	 0
0.30825 	 0.24825 	 0 	 0
0.3085 	 0.2485 	 0 	 0
0.30875 	 0.24875 	 0 	 0
0.309 	 0.249 	 0 	 0
0.30925 	 0.24925 	 0 	 0
0.3095 	 0.2495 	 0 	 0
0.30975 	 0.24975 	 0 	 0
0.31 	 0.25 	 0 	 0
0.31025 	 0.25025 	 0 	 0
0.3105 	 0.2505 	 0 	 0
0.31075 	 0.25075 	 0 	 0
0.311 	 0.251 	 0 	 0
0.31125 	 0.25125 	 0 	 0
0.3115 	 0.2515 	 0 	 0
0.31175 	 0.25175 	 0 	 0
0.312 	 0.252 	 0 	 0
0.31225 	 0.25225 	 0 	 0
0.3125 	 0.2525 	 0 	 0
0.31275 	 0.25275 	 0 	 0
0.313 	 0.253 	 0 	 0
0.31325 	 0.25325 	 0 	 0
0.3135 	 0.2535 	 0 	 0
0.31375 	 0.25375 	 0 	 0
0.314 	 0.254 	 0 	 0
0.31425 	 0.25425 	 0 	 0
0.3145 	 0.2545 	 0 	 0
0.31475 	 0.25475 	 0 	 0
0.315 	 0.255 	 0 	 0
0.31525 	 0.25525 	 0 	 0
0.3155 	 0.2555 	 0 	 0
0.31575 	 0.25575 	 0 	 0
0.316 	 0.256 	 0 	 0
0.31625 	 0.25625 	 0 	 0
0.3165 	 0.2565 	 0 	 0
0.31675 	 0.25675 	 0 	 0
0.317 	 0.257 	 0 	 0
0.31725 	 0.25725 	 0 	 0
0.3175 	 0.2575 	 0 	 0
0.31775 	 0.25775 	 0 	 0
0.318 	 0.258 	 0 	 0
0.31825 	 0.25825 	 0 	 0
0.3185 	 0.2585 	 0 	 0
0.31875 	 0.25875 	 0 	 0
0.319 	 0.259 	 0 	 0
0.31925 	 0.25925 	 0 	 0
0.3195 	 0.2595 	 0 	 0
0.31975 	 0.25975 	 0 	 0
0.32 	 0.26 	 0 	 0
0.32025 	 0.26025 	 0 	 0
0.3205 	 0.2605 	 0 	 0
0.32075 	 0.26075 	 0 	 0
0.321 	 0.261 	 0 	 0
0.32125 	 0.26125 	 0 	 0
0.3215 	 0.2615 	 0 	 0
0.32175 	 0.26175 	 0 	 0
0.322 	 0.262 	 0 	 0
0.32225 	 0.26225 	 0 	 0
0.3225 	 0.2625 	 0 	 0
0.32275 	 0.26275 	 0 	 0
0.323 	 0.263 	 0 	 0
0.32325 	 0.26325 	 0 	 0
0.3235 	 0.2635 	 0 	 0
0.32375 	 0.26375 	 0 	 0
0.324 	 0.264 	 0 	 0
0.32425 	 0.26425 	 0 	 0
0.3245 	 0.2645 	 0 	 0
0.32475 	 0.26475 	 0 	 0
0.325 	 0.265 	 0 	 0
0.32525 	 0.26525 	 0 	 0
0.3255 	 0.2655 	 0 	 0
0.32575 	 0.26575 	 0 	 0
0.326 	 0.266 	 0 	 0
0.32625 	 0.26625 	 0 	 0
