# FILE:  main_ispGauss_DGaO2016.py
# TIME:  Tue May 10 08:23:37 2016
# COMPUTATIONAL DOMAIN ----------------------------------------
# zMax   = 0.15
# rhoMax = 0.25
# Nz     = 600
# Nrho   = 5000
# Nphi   = 36
# LAYER PROPERTIES --------------------------------------------
# zIni   = 0.0
# zFin   = 0.1
# ma     = 20.0
# c0      = 1.0
# BEAM PARAMETERS ---------------------------------------------
# a    = 0.1
# MEASUREMENT PARAMETERS --------------------------------------
# zD   = -0.18
# dw   = 0.005
# OPTOACOUSTIC PARAMETERS -------------------------------------
# wD   = 36.0
# D    = 1.8
# SIMULATION RESULTS ------------------------------------------
# (t) 	 (c tau) 	 (p0(ctau)) 	 (p(rD,t))
0 	 -0.18 	 0 	 0
0.00025 	 -0.17975 	 0 	 0
0.0005 	 -0.1795 	 0 	 0
0.00075 	 -0.17925 	 0 	 0
0.001 	 -0.179 	 0 	 0
0.00125 	 -0.17875 	 0 	 0
0.0015 	 -0.1785 	 0 	 0
0.00175 	 -0.17825 	 0 	 0
0.002 	 -0.178 	 0 	 0
0.00225 	 -0.17775 	 0 	 0
0.0025 	 -0.1775 	 0 	 0
0.00275 	 -0.17725 	 0 	 0
0.003 	 -0.177 	 0 	 0
0.00325 	 -0.17675 	 0 	 0
0.0035 	 -0.1765 	 0 	 0
0.00375 	 -0.17625 	 0 	 0
0.004 	 -0.176 	 0 	 0
0.00425 	 -0.17575 	 0 	 0
0.0045 	 -0.1755 	 0 	 0
0.00475 	 -0.17525 	 0 	 0
0.005 	 -0.175 	 0 	 0
0.00525 	 -0.17475 	 0 	 0
0.0055 	 -0.1745 	 0 	 0
0.00575 	 -0.17425 	 0 	 0
0.006 	 -0.174 	 0 	 0
0.00625 	 -0.17375 	 0 	 0
0.0065 	 -0.1735 	 0 	 0
0.00675 	 -0.17325 	 0 	 0
0.007 	 -0.173 	 0 	 0
0.00725 	 -0.17275 	 0 	 0
0.0075 	 -0.1725 	 0 	 0
0.00775 	 -0.17225 	 0 	 0
0.008 	 -0.172 	 0 	 0
0.00825 	 -0.17175 	 0 	 0
0.0085 	 -0.1715 	 0 	 0
0.00875 	 -0.17125 	 0 	 0
0.009 	 -0.171 	 0 	 0
0.00925 	 -0.17075 	 0 	 0
0.0095 	 -0.1705 	 0 	 0
0.00975 	 -0.17025 	 0 	 0
0.01 	 -0.17 	 0 	 0
0.01025 	 -0.16975 	 0 	 0
0.0105 	 -0.1695 	 0 	 0
0.01075 	 -0.16925 	 0 	 0
0.011 	 -0.169 	 0 	 0
0.01125 	 -0.16875 	 0 	 0
0.0115 	 -0.1685 	 0 	 0
0.01175 	 -0.16825 	 0 	 0
0.012 	 -0.168 	 0 	 0
0.01225 	 -0.16775 	 0 	 0
0.0125 	 -0.1675 	 0 	 0
0.01275 	 -0.16725 	 0 	 0
0.013 	 -0.167 	 0 	 0
0.01325 	 -0.16675 	 0 	 0
0.0135 	 -0.1665 	 0 	 0
0.01375 	 -0.16625 	 0 	 0
0.014 	 -0.166 	 0 	 0
0.01425 	 -0.16575 	 0 	 0
0.0145 	 -0.1655 	 0 	 0
0.01475 	 -0.16525 	 0 	 0
0.015 	 -0.165 	 0 	 0
0.01525 	 -0.16475 	 0 	 0
0.0155 	 -0.1645 	 0 	 0
0.01575 	 -0.16425 	 0 	 0
0.016 	 -0.164 	 0 	 0
0.01625 	 -0.16375 	 0 	 0
0.0165 	 -0.1635 	 0 	 0
0.01675 	 -0.16325 	 0 	 0
0.017 	 -0.163 	 0 	 0
0.01725 	 -0.16275 	 0 	 0
0.0175 	 -0.1625 	 0 	 0
0.01775 	 -0.16225 	 0 	 0
0.018 	 -0.162 	 0 	 0
0.01825 	 -0.16175 	 0 	 0
0.0185 	 -0.1615 	 0 	 0
0.01875 	 -0.16125 	 0 	 0
0.019 	 -0.161 	 0 	 0
0.01925 	 -0.16075 	 0 	 0
0.0195 	 -0.1605 	 0 	 0
0.01975 	 -0.16025 	 0 	 0
0.02 	 -0.16 	 0 	 0
0.02025 	 -0.15975 	 0 	 0
0.0205 	 -0.1595 	 0 	 0
0.02075 	 -0.15925 	 0 	 0
0.021 	 -0.159 	 0 	 0
0.02125 	 -0.15875 	 0 	 0
0.0215 	 -0.1585 	 0 	 0
0.02175 	 -0.15825 	 0 	 0
0.022 	 -0.158 	 0 	 0
0.02225 	 -0.15775 	 0 	 0
0.0225 	 -0.1575 	 0 	 0
0.02275 	 -0.15725 	 0 	 0
0.023 	 -0.157 	 0 	 0
0.02325 	 -0.15675 	 0 	 0
0.0235 	 -0.1565 	 0 	 0
0.02375 	 -0.15625 	 0 	 0
0.024 	 -0.156 	 0 	 0
0.02425 	 -0.15575 	 0 	 0
0.0245 	 -0.1555 	 0 	 0
0.02475 	 -0.15525 	 0 	 0
0.025 	 -0.155 	 0 	 0
0.02525 	 -0.15475 	 0 	 0
0.0255 	 -0.1545 	 0 	 0
0.02575 	 -0.15425 	 0 	 0
0.026 	 -0.154 	 0 	 0
0.02625 	 -0.15375 	 0 	 0
0.0265 	 -0.1535 	 0 	 0
0.02675 	 -0.15325 	 0 	 0
0.027 	 -0.153 	 0 	 0
0.02725 	 -0.15275 	 0 	 0
0.0275 	 -0.1525 	 0 	 0
0.02775 	 -0.15225 	 0 	 0
0.028 	 -0.152 	 0 	 0
0.02825 	 -0.15175 	 0 	 0
0.0285 	 -0.1515 	 0 	 0
0.02875 	 -0.15125 	 0 	 0
0.029 	 -0.151 	 0 	 0
0.02925 	 -0.15075 	 0 	 0
0.0295 	 -0.1505 	 0 	 0
0.02975 	 -0.15025 	 0 	 0
0.03 	 -0.15 	 0 	 0
0.03025 	 -0.14975 	 0 	 0
0.0305 	 -0.1495 	 0 	 0
0.03075 	 -0.14925 	 0 	 0
0.031 	 -0.149 	 0 	 0
0.03125 	 -0.14875 	 0 	 0
0.0315 	 -0.1485 	 0 	 0
0.03175 	 -0.14825 	 0 	 0
0.032 	 -0.148 	 0 	 0
0.03225 	 -0.14775 	 0 	 0
0.0325 	 -0.1475 	 0 	 0
0.03275 	 -0.14725 	 0 	 0
0.033 	 -0.147 	 0 	 0
0.03325 	 -0.14675 	 0 	 0
0.0335 	 -0.1465 	 0 	 0
0.03375 	 -0.14625 	 0 	 0
0.034 	 -0.146 	 0 	 0
0.03425 	 -0.14575 	 0 	 0
0.0345 	 -0.1455 	 0 	 0
0.03475 	 -0.14525 	 0 	 0
0.035 	 -0.145 	 0 	 0
0.03525 	 -0.14475 	 0 	 0
0.0355 	 -0.1445 	 0 	 0
0.03575 	 -0.14425 	 0 	 0
0.036 	 -0.144 	 0 	 0
0.03625 	 -0.14375 	 0 	 0
0.0365 	 -0.1435 	 0 	 0
0.03675 	 -0.14325 	 0 	 0
0.037 	 -0.143 	 0 	 0
0.03725 	 -0.14275 	 0 	 0
0.0375 	 -0.1425 	 0 	 0
0.03775 	 -0.14225 	 0 	 0
0.038 	 -0.142 	 0 	 0
0.03825 	 -0.14175 	 0 	 0
0.0385 	 -0.1415 	 0 	 0
0.03875 	 -0.14125 	 0 	 0
0.039 	 -0.141 	 0 	 0
0.03925 	 -0.14075 	 0 	 0
0.0395 	 -0.1405 	 0 	 0
0.03975 	 -0.14025 	 0 	 0
0.04 	 -0.14 	 0 	 0
0.04025 	 -0.13975 	 0 	 0
0.0405 	 -0.1395 	 0 	 0
0.04075 	 -0.13925 	 0 	 0
0.041 	 -0.139 	 0 	 0
0.04125 	 -0.13875 	 0 	 0
0.0415 	 -0.1385 	 0 	 0
0.04175 	 -0.13825 	 0 	 0
0.042 	 -0.138 	 0 	 0
0.04225 	 -0.13775 	 0 	 0
0.0425 	 -0.1375 	 0 	 0
0.04275 	 -0.13725 	 0 	 0
0.043 	 -0.137 	 0 	 0
0.04325 	 -0.13675 	 0 	 0
0.0435 	 -0.1365 	 0 	 0
0.04375 	 -0.13625 	 0 	 0
0.044 	 -0.136 	 0 	 0
0.04425 	 -0.13575 	 0 	 0
0.0445 	 -0.1355 	 0 	 0
0.04475 	 -0.13525 	 0 	 0
0.045 	 -0.135 	 0 	 0
0.04525 	 -0.13475 	 0 	 0
0.0455 	 -0.1345 	 0 	 0
0.04575 	 -0.13425 	 0 	 0
0.046 	 -0.134 	 0 	 0
0.04625 	 -0.13375 	 0 	 0
0.0465 	 -0.1335 	 0 	 0
0.04675 	 -0.13325 	 0 	 0
0.047 	 -0.133 	 0 	 0
0.04725 	 -0.13275 	 0 	 0
0.0475 	 -0.1325 	 0 	 0
0.04775 	 -0.13225 	 0 	 0
0.048 	 -0.132 	 0 	 0
0.04825 	 -0.13175 	 0 	 0
0.0485 	 -0.1315 	 0 	 0
0.04875 	 -0.13125 	 0 	 0
0.049 	 -0.131 	 0 	 0
0.04925 	 -0.13075 	 0 	 0
0.0495 	 -0.1305 	 0 	 0
0.04975 	 -0.13025 	 0 	 0
0.05 	 -0.13 	 0 	 0
0.05025 	 -0.12975 	 0 	 0
0.0505 	 -0.1295 	 0 	 0
0.05075 	 -0.12925 	 0 	 0
0.051 	 -0.129 	 0 	 0
0.05125 	 -0.12875 	 0 	 0
0.0515 	 -0.1285 	 0 	 0
0.05175 	 -0.12825 	 0 	 0
0.052 	 -0.128 	 0 	 0
0.05225 	 -0.12775 	 0 	 0
0.0525 	 -0.1275 	 0 	 0
0.05275 	 -0.12725 	 0 	 0
0.053 	 -0.127 	 0 	 0
0.05325 	 -0.12675 	 0 	 0
0.0535 	 -0.1265 	 0 	 0
0.05375 	 -0.12625 	 0 	 0
0.054 	 -0.126 	 0 	 0
0.05425 	 -0.12575 	 0 	 0
0.0545 	 -0.1255 	 0 	 0
0.05475 	 -0.12525 	 0 	 0
0.055 	 -0.125 	 0 	 0
0.05525 	 -0.12475 	 0 	 0
0.0555 	 -0.1245 	 0 	 0
0.05575 	 -0.12425 	 0 	 0
0.056 	 -0.124 	 0 	 0
0.05625 	 -0.12375 	 0 	 0
0.0565 	 -0.1235 	 0 	 0
0.05675 	 -0.12325 	 0 	 0
0.057 	 -0.123 	 0 	 0
0.05725 	 -0.12275 	 0 	 0
0.0575 	 -0.1225 	 0 	 0
0.05775 	 -0.12225 	 0 	 0
0.058 	 -0.122 	 0 	 0
0.05825 	 -0.12175 	 0 	 0
0.0585 	 -0.1215 	 0 	 0
0.05875 	 -0.12125 	 0 	 0
0.059 	 -0.121 	 0 	 0
0.05925 	 -0.12075 	 0 	 0
0.0595 	 -0.1205 	 0 	 0
0.05975 	 -0.12025 	 0 	 0
0.06 	 -0.12 	 0 	 0
0.06025 	 -0.11975 	 0 	 0
0.0605 	 -0.1195 	 0 	 0
0.06075 	 -0.11925 	 0 	 0
0.061 	 -0.119 	 0 	 0
0.06125 	 -0.11875 	 0 	 0
0.0615 	 -0.1185 	 0 	 0
0.06175 	 -0.11825 	 0 	 0
0.062 	 -0.118 	 0 	 0
0.06225 	 -0.11775 	 0 	 0
0.0625 	 -0.1175 	 0 	 0
0.06275 	 -0.11725 	 0 	 0
0.063 	 -0.117 	 0 	 0
0.06325 	 -0.11675 	 0 	 0
0.0635 	 -0.1165 	 0 	 0
0.06375 	 -0.11625 	 0 	 0
0.064 	 -0.116 	 0 	 0
0.06425 	 -0.11575 	 0 	 0
0.0645 	 -0.1155 	 0 	 0
0.06475 	 -0.11525 	 0 	 0
0.065 	 -0.115 	 0 	 0
0.06525 	 -0.11475 	 0 	 0
0.0655 	 -0.1145 	 0 	 0
0.06575 	 -0.11425 	 0 	 0
0.066 	 -0.114 	 0 	 0
0.06625 	 -0.11375 	 0 	 0
0.0665 	 -0.1135 	 0 	 0
0.06675 	 -0.11325 	 0 	 0
0.067 	 -0.113 	 0 	 0
0.06725 	 -0.11275 	 0 	 0
0.0675 	 -0.1125 	 0 	 0
0.06775 	 -0.11225 	 0 	 0
0.068 	 -0.112 	 0 	 0
0.06825 	 -0.11175 	 0 	 0
0.0685 	 -0.1115 	 0 	 0
0.06875 	 -0.11125 	 0 	 0
0.069 	 -0.111 	 0 	 0
0.06925 	 -0.11075 	 0 	 0
0.0695 	 -0.1105 	 0 	 0
0.06975 	 -0.11025 	 0 	 0
0.07 	 -0.11 	 0 	 0
0.07025 	 -0.10975 	 0 	 0
0.0705 	 -0.1095 	 0 	 0
0.07075 	 -0.10925 	 0 	 0
0.071 	 -0.109 	 0 	 0
0.07125 	 -0.10875 	 0 	 0
0.0715 	 -0.1085 	 0 	 0
0.07175 	 -0.10825 	 0 	 0
0.072 	 -0.108 	 0 	 0
0.07225 	 -0.10775 	 0 	 0
0.0725 	 -0.1075 	 0 	 0
0.07275 	 -0.10725 	 0 	 0
0.073 	 -0.107 	 0 	 0
0.07325 	 -0.10675 	 0 	 0
0.0735 	 -0.1065 	 0 	 0
0.07375 	 -0.10625 	 0 	 0
0.074 	 -0.106 	 0 	 0
0.07425 	 -0.10575 	 0 	 0
0.0745 	 -0.1055 	 0 	 0
0.07475 	 -0.10525 	 0 	 0
0.075 	 -0.105 	 0 	 0
0.07525 	 -0.10475 	 0 	 0
0.0755 	 -0.1045 	 0 	 0
0.07575 	 -0.10425 	 0 	 0
0.076 	 -0.104 	 0 	 0
0.07625 	 -0.10375 	 0 	 0
0.0765 	 -0.1035 	 0 	 0
0.07675 	 -0.10325 	 0 	 0
0.077 	 -0.103 	 0 	 0
0.07725 	 -0.10275 	 0 	 0
0.0775 	 -0.1025 	 0 	 0
0.07775 	 -0.10225 	 0 	 0
0.078 	 -0.102 	 0 	 0
0.07825 	 -0.10175 	 0 	 0
0.0785 	 -0.1015 	 0 	 0
0.07875 	 -0.10125 	 0 	 0
0.079 	 -0.101 	 0 	 0
0.07925 	 -0.10075 	 0 	 0
0.0795 	 -0.1005 	 0 	 0
0.07975 	 -0.10025 	 0 	 0
0.08 	 -0.1 	 0 	 0
0.08025 	 -0.09975 	 0 	 0
0.0805 	 -0.0995 	 0 	 0
0.08075 	 -0.09925 	 0 	 0
0.081 	 -0.099 	 0 	 0
0.08125 	 -0.09875 	 0 	 0
0.0815 	 -0.0985 	 0 	 0
0.08175 	 -0.09825 	 0 	 0
0.082 	 -0.098 	 0 	 0
0.08225 	 -0.09775 	 0 	 0
0.0825 	 -0.0975 	 0 	 0
0.08275 	 -0.09725 	 0 	 0
0.083 	 -0.097 	 0 	 0
0.08325 	 -0.09675 	 0 	 0
0.0835 	 -0.0965 	 0 	 0
0.08375 	 -0.09625 	 0 	 0
0.084 	 -0.096 	 0 	 0
0.08425 	 -0.09575 	 0 	 0
0.0845 	 -0.0955 	 0 	 0
0.08475 	 -0.09525 	 0 	 0
0.085 	 -0.095 	 0 	 0
0.08525 	 -0.09475 	 0 	 0
0.0855 	 -0.0945 	 0 	 0
0.08575 	 -0.09425 	 0 	 0
0.086 	 -0.094 	 0 	 0
0.08625 	 -0.09375 	 0 	 0
0.0865 	 -0.0935 	 0 	 0
0.08675 	 -0.09325 	 0 	 0
0.087 	 -0.093 	 0 	 0
0.08725 	 -0.09275 	 0 	 0
0.0875 	 -0.0925 	 0 	 0
0.08775 	 -0.09225 	 0 	 0
0.088 	 -0.092 	 0 	 0
0.08825 	 -0.09175 	 0 	 0
0.0885 	 -0.0915 	 0 	 0
0.08875 	 -0.09125 	 0 	 0
0.089 	 -0.091 	 0 	 0
0.08925 	 -0.09075 	 0 	 0
0.0895 	 -0.0905 	 0 	 0
0.08975 	 -0.09025 	 0 	 0
0.09 	 -0.09 	 0 	 0
0.09025 	 -0.08975 	 0 	 0
0.0905 	 -0.0895 	 0 	 0
0.09075 	 -0.08925 	 0 	 0
0.091 	 -0.089 	 0 	 0
0.09125 	 -0.08875 	 0 	 0
0.0915 	 -0.0885 	 0 	 0
0.09175 	 -0.08825 	 0 	 0
0.092 	 -0.088 	 0 	 0
0.09225 	 -0.08775 	 0 	 0
0.0925 	 -0.0875 	 0 	 0
0.09275 	 -0.08725 	 0 	 0
0.093 	 -0.087 	 0 	 0
0.09325 	 -0.08675 	 0 	 0
0.0935 	 -0.0865 	 0 	 0
0.09375 	 -0.08625 	 0 	 0
0.094 	 -0.086 	 0 	 0
0.09425 	 -0.08575 	 0 	 0
0.0945 	 -0.0855 	 0 	 0
0.09475 	 -0.08525 	 0 	 0
0.095 	 -0.085 	 0 	 0
0.09525 	 -0.08475 	 0 	 0
0.0955 	 -0.0845 	 0 	 0
0.09575 	 -0.08425 	 0 	 0
0.096 	 -0.084 	 0 	 0
0.09625 	 -0.08375 	 0 	 0
0.0965 	 -0.0835 	 0 	 0
0.09675 	 -0.08325 	 0 	 0
0.097 	 -0.083 	 0 	 0
0.09725 	 -0.08275 	 0 	 0
0.0975 	 -0.0825 	 0 	 0
0.09775 	 -0.08225 	 0 	 0
0.098 	 -0.082 	 0 	 0
0.09825 	 -0.08175 	 0 	 0
0.0985 	 -0.0815 	 0 	 0
0.09875 	 -0.08125 	 0 	 0
0.099 	 -0.081 	 0 	 0
0.09925 	 -0.08075 	 0 	 0
0.0995 	 -0.0805 	 0 	 0
0.09975 	 -0.08025 	 0 	 0
0.1 	 -0.08 	 0 	 0
0.10025 	 -0.07975 	 0 	 0
0.1005 	 -0.0795 	 0 	 0
0.10075 	 -0.07925 	 0 	 0
0.101 	 -0.079 	 0 	 0
0.10125 	 -0.07875 	 0 	 0
0.1015 	 -0.0785 	 0 	 0
0.10175 	 -0.07825 	 0 	 0
0.102 	 -0.078 	 0 	 0
0.10225 	 -0.07775 	 0 	 0
0.1025 	 -0.0775 	 0 	 0
0.10275 	 -0.07725 	 0 	 0
0.103 	 -0.077 	 0 	 0
0.10325 	 -0.07675 	 0 	 0
0.1035 	 -0.0765 	 0 	 0
0.10375 	 -0.07625 	 0 	 0
0.104 	 -0.076 	 0 	 0
0.10425 	 -0.07575 	 0 	 0
0.1045 	 -0.0755 	 0 	 0
0.10475 	 -0.07525 	 0 	 0
0.105 	 -0.075 	 0 	 0
0.10525 	 -0.07475 	 0 	 0
0.1055 	 -0.0745 	 0 	 0
0.10575 	 -0.07425 	 0 	 0
0.106 	 -0.074 	 0 	 0
0.10625 	 -0.07375 	 0 	 0
0.1065 	 -0.0735 	 0 	 0
0.10675 	 -0.07325 	 0 	 0
0.107 	 -0.073 	 0 	 0
0.10725 	 -0.07275 	 0 	 0
0.1075 	 -0.0725 	 0 	 0
0.10775 	 -0.07225 	 0 	 0
0.108 	 -0.072 	 0 	 0
0.10825 	 -0.07175 	 0 	 0
0.1085 	 -0.0715 	 0 	 0
0.10875 	 -0.07125 	 0 	 0
0.109 	 -0.071 	 0 	 0
0.10925 	 -0.07075 	 0 	 0
0.1095 	 -0.0705 	 0 	 0
0.10975 	 -0.07025 	 0 	 0
0.11 	 -0.07 	 0 	 0
0.11025 	 -0.06975 	 0 	 0
0.1105 	 -0.0695 	 0 	 0
0.11075 	 -0.06925 	 0 	 0
0.111 	 -0.069 	 0 	 0
0.11125 	 -0.06875 	 0 	 0
0.1115 	 -0.0685 	 0 	 0
0.11175 	 -0.06825 	 0 	 0
0.112 	 -0.068 	 0 	 0
0.11225 	 -0.06775 	 0 	 0
0.1125 	 -0.0675 	 0 	 0
0.11275 	 -0.06725 	 0 	 0
0.113 	 -0.067 	 0 	 0
0.11325 	 -0.06675 	 0 	 0
0.1135 	 -0.0665 	 0 	 0
0.11375 	 -0.06625 	 0 	 0
0.114 	 -0.066 	 0 	 0
0.11425 	 -0.06575 	 0 	 0
0.1145 	 -0.0655 	 0 	 0
0.11475 	 -0.06525 	 0 	 0
0.115 	 -0.065 	 0 	 0
0.11525 	 -0.06475 	 0 	 0
0.1155 	 -0.0645 	 0 	 0
0.11575 	 -0.06425 	 0 	 0
0.116 	 -0.064 	 0 	 0
0.11625 	 -0.06375 	 0 	 0
0.1165 	 -0.0635 	 0 	 0
0.11675 	 -0.06325 	 0 	 0
0.117 	 -0.063 	 0 	 0
0.11725 	 -0.06275 	 0 	 0
0.1175 	 -0.0625 	 0 	 0
0.11775 	 -0.06225 	 0 	 0
0.118 	 -0.062 	 0 	 0
0.11825 	 -0.06175 	 0 	 0
0.1185 	 -0.0615 	 0 	 0
0.11875 	 -0.06125 	 0 	 0
0.119 	 -0.061 	 0 	 0
0.11925 	 -0.06075 	 0 	 0
0.1195 	 -0.0605 	 0 	 0
0.11975 	 -0.06025 	 0 	 0
0.12 	 -0.06 	 0 	 0
0.12025 	 -0.05975 	 0 	 0
0.1205 	 -0.0595 	 0 	 0
0.12075 	 -0.05925 	 0 	 0
0.121 	 -0.059 	 0 	 0
0.12125 	 -0.05875 	 0 	 0
0.1215 	 -0.0585 	 0 	 0
0.12175 	 -0.05825 	 0 	 0
0.122 	 -0.058 	 0 	 0
0.12225 	 -0.05775 	 0 	 0
0.1225 	 -0.0575 	 0 	 0
0.12275 	 -0.05725 	 0 	 0
0.123 	 -0.057 	 0 	 0
0.12325 	 -0.05675 	 0 	 0
0.1235 	 -0.0565 	 0 	 0
0.12375 	 -0.05625 	 0 	 0
0.124 	 -0.056 	 0 	 0
0.12425 	 -0.05575 	 0 	 0
0.1245 	 -0.0555 	 0 	 0
0.12475 	 -0.05525 	 0 	 0
0.125 	 -0.055 	 0 	 0
0.12525 	 -0.05475 	 0 	 0
0.1255 	 -0.0545 	 0 	 0
0.12575 	 -0.05425 	 0 	 0
0.126 	 -0.054 	 0 	 0
0.12625 	 -0.05375 	 0 	 0
0.1265 	 -0.0535 	 0 	 0
0.12675 	 -0.05325 	 0 	 0
0.127 	 -0.053 	 0 	 0
0.12725 	 -0.05275 	 0 	 0
0.1275 	 -0.0525 	 0 	 0
0.12775 	 -0.05225 	 0 	 0
0.128 	 -0.052 	 0 	 0
0.12825 	 -0.05175 	 0 	 0
0.1285 	 -0.0515 	 0 	 0
0.12875 	 -0.05125 	 0 	 0
0.129 	 -0.051 	 0 	 0
0.12925 	 -0.05075 	 0 	 0
0.1295 	 -0.0505 	 0 	 0
0.12975 	 -0.05025 	 0 	 0
0.13 	 -0.05 	 0 	 0
0.13025 	 -0.04975 	 0 	 0
0.1305 	 -0.0495 	 0 	 0
0.13075 	 -0.04925 	 0 	 0
0.131 	 -0.049 	 0 	 0
0.13125 	 -0.04875 	 0 	 0
0.1315 	 -0.0485 	 0 	 0
0.13175 	 -0.04825 	 0 	 0
0.132 	 -0.048 	 0 	 0
0.13225 	 -0.04775 	 0 	 0
0.1325 	 -0.0475 	 0 	 0
0.13275 	 -0.04725 	 0 	 0
0.133 	 -0.047 	 0 	 0
0.13325 	 -0.04675 	 0 	 0
0.1335 	 -0.0465 	 0 	 0
0.13375 	 -0.04625 	 0 	 0
0.134 	 -0.046 	 0 	 0
0.13425 	 -0.04575 	 0 	 0
0.1345 	 -0.0455 	 0 	 0
0.13475 	 -0.04525 	 0 	 0
0.135 	 -0.045 	 0 	 0
0.13525 	 -0.04475 	 0 	 0
0.1355 	 -0.0445 	 0 	 0
0.13575 	 -0.04425 	 0 	 0
0.136 	 -0.044 	 0 	 0
0.13625 	 -0.04375 	 0 	 0
0.1365 	 -0.0435 	 0 	 0
0.13675 	 -0.04325 	 0 	 0
0.137 	 -0.043 	 0 	 0
0.13725 	 -0.04275 	 0 	 0
0.1375 	 -0.0425 	 0 	 0
0.13775 	 -0.04225 	 0 	 0
0.138 	 -0.042 	 0 	 0
0.13825 	 -0.04175 	 0 	 0
0.1385 	 -0.0415 	 0 	 0
0.13875 	 -0.04125 	 0 	 0
0.139 	 -0.041 	 0 	 0
0.13925 	 -0.04075 	 0 	 0
0.1395 	 -0.0405 	 0 	 0
0.13975 	 -0.04025 	 0 	 0
0.14 	 -0.04 	 0 	 0
0.14025 	 -0.03975 	 0 	 0
0.1405 	 -0.0395 	 0 	 0
0.14075 	 -0.03925 	 0 	 0
0.141 	 -0.039 	 0 	 0
0.14125 	 -0.03875 	 0 	 0
0.1415 	 -0.0385 	 0 	 0
0.14175 	 -0.03825 	 0 	 0
0.142 	 -0.038 	 0 	 0
0.14225 	 -0.03775 	 0 	 0
0.1425 	 -0.0375 	 0 	 0
0.14275 	 -0.03725 	 0 	 0
0.143 	 -0.037 	 0 	 0
0.14325 	 -0.03675 	 0 	 0
0.1435 	 -0.0365 	 0 	 0
0.14375 	 -0.03625 	 0 	 0
0.144 	 -0.036 	 0 	 0
0.14425 	 -0.03575 	 0 	 0
0.1445 	 -0.0355 	 0 	 0
0.14475 	 -0.03525 	 0 	 0
0.145 	 -0.035 	 0 	 0
0.14525 	 -0.03475 	 0 	 0
0.1455 	 -0.0345 	 0 	 0
0.14575 	 -0.03425 	 0 	 0
0.146 	 -0.034 	 0 	 0
0.14625 	 -0.03375 	 0 	 0
0.1465 	 -0.0335 	 0 	 0
0.14675 	 -0.03325 	 0 	 0
0.147 	 -0.033 	 0 	 0
0.14725 	 -0.03275 	 0 	 0
0.1475 	 -0.0325 	 0 	 0
0.14775 	 -0.03225 	 0 	 0
0.148 	 -0.032 	 0 	 0
0.14825 	 -0.03175 	 0 	 0
0.1485 	 -0.0315 	 0 	 0
0.14875 	 -0.03125 	 0 	 0
0.149 	 -0.031 	 0 	 0
0.14925 	 -0.03075 	 0 	 0
0.1495 	 -0.0305 	 0 	 0
0.14975 	 -0.03025 	 0 	 0
0.15 	 -0.03 	 0 	 0
0.15025 	 -0.02975 	 0 	 0
0.1505 	 -0.0295 	 0 	 0
0.15075 	 -0.02925 	 0 	 0
0.151 	 -0.029 	 0 	 0
0.15125 	 -0.02875 	 0 	 0
0.1515 	 -0.0285 	 0 	 0
0.15175 	 -0.02825 	 0 	 0
0.152 	 -0.028 	 0 	 0
0.15225 	 -0.02775 	 0 	 0
0.1525 	 -0.0275 	 0 	 0
0.15275 	 -0.02725 	 0 	 0
0.153 	 -0.027 	 0 	 0
0.15325 	 -0.02675 	 0 	 0
0.1535 	 -0.0265 	 0 	 0
0.15375 	 -0.02625 	 0 	 0
0.154 	 -0.026 	 0 	 0
0.15425 	 -0.02575 	 0 	 0
0.1545 	 -0.0255 	 0 	 0
0.15475 	 -0.02525 	 0 	 0
0.155 	 -0.025 	 0 	 0
0.15525 	 -0.02475 	 0 	 0
0.1555 	 -0.0245 	 0 	 0
0.15575 	 -0.02425 	 0 	 0
0.156 	 -0.024 	 0 	 0
0.15625 	 -0.02375 	 0 	 0
0.1565 	 -0.0235 	 0 	 0
0.15675 	 -0.02325 	 0 	 0
0.157 	 -0.023 	 0 	 0
0.15725 	 -0.02275 	 0 	 0
0.1575 	 -0.0225 	 0 	 0
0.15775 	 -0.02225 	 0 	 0
0.158 	 -0.022 	 0 	 0
0.15825 	 -0.02175 	 0 	 0
0.1585 	 -0.0215 	 0 	 0
0.15875 	 -0.02125 	 0 	 0
0.159 	 -0.021 	 0 	 0
0.15925 	 -0.02075 	 0 	 0
0.1595 	 -0.0205 	 0 	 0
0.15975 	 -0.02025 	 0 	 0
0.16 	 -0.02 	 0 	 0
0.16025 	 -0.01975 	 0 	 0
0.1605 	 -0.0195 	 0 	 0
0.16075 	 -0.01925 	 0 	 0
0.161 	 -0.019 	 0 	 0
0.16125 	 -0.01875 	 0 	 0
0.1615 	 -0.0185 	 0 	 0
0.16175 	 -0.01825 	 0 	 0
0.162 	 -0.018 	 0 	 0
0.16225 	 -0.01775 	 0 	 0
0.1625 	 -0.0175 	 0 	 0
0.16275 	 -0.01725 	 0 	 0
0.163 	 -0.017 	 0 	 0
0.16325 	 -0.01675 	 0 	 0
0.1635 	 -0.0165 	 0 	 0
0.16375 	 -0.01625 	 0 	 0
0.164 	 -0.016 	 0 	 0
0.16425 	 -0.01575 	 0 	 0
0.1645 	 -0.0155 	 0 	 0
0.16475 	 -0.01525 	 0 	 0
0.165 	 -0.015 	 0 	 0
0.16525 	 -0.01475 	 0 	 0
0.1655 	 -0.0145 	 0 	 0
0.16575 	 -0.01425 	 0 	 0
0.166 	 -0.014 	 0 	 0
0.16625 	 -0.01375 	 0 	 0
0.1665 	 -0.0135 	 0 	 0
0.16675 	 -0.01325 	 0 	 0
0.167 	 -0.013 	 0 	 0
0.16725 	 -0.01275 	 0 	 0
0.1675 	 -0.0125 	 0 	 0
0.16775 	 -0.01225 	 0 	 0
0.168 	 -0.012 	 0 	 0
0.16825 	 -0.01175 	 0 	 0
0.1685 	 -0.0115 	 0 	 0
0.16875 	 -0.01125 	 0 	 0
0.169 	 -0.011 	 0 	 0
0.16925 	 -0.01075 	 0 	 0
0.1695 	 -0.0105 	 0 	 0
0.16975 	 -0.01025 	 0 	 0
0.17 	 -0.01 	 0 	 0
0.17025 	 -0.00975 	 0 	 0
0.1705 	 -0.0095 	 0 	 0
0.17075 	 -0.00925 	 0 	 0
0.171 	 -0.009 	 0 	 0
0.17125 	 -0.00875 	 0 	 0
0.1715 	 -0.0085 	 0 	 0
0.17175 	 -0.00825 	 0 	 0
0.172 	 -0.008 	 0 	 0
0.17225 	 -0.00775 	 0 	 0
0.1725 	 -0.0075 	 0 	 0
0.17275 	 -0.00725 	 0 	 0
0.173 	 -0.007 	 0 	 0
0.17325 	 -0.00675 	 0 	 0
0.1735 	 -0.0065 	 0 	 0
0.17375 	 -0.00625 	 0 	 0
0.174 	 -0.006 	 0 	 0
0.17425 	 -0.00575 	 0 	 0
0.1745 	 -0.0055 	 0 	 0
0.17475 	 -0.00525 	 0 	 0
0.175 	 -0.005 	 0 	 0
0.17525 	 -0.00475 	 0 	 0
0.1755 	 -0.0045 	 0 	 0
0.17575 	 -0.00425 	 0 	 0
0.176 	 -0.004 	 0 	 0
0.17625 	 -0.00375 	 0 	 0
0.1765 	 -0.0035 	 0 	 0
0.17675 	 -0.00325 	 0 	 0
0.177 	 -0.003 	 0 	 0
0.17725 	 -0.00275 	 0 	 3.89695e-05
0.1775 	 -0.0025 	 0 	 0.000116744
0.17775 	 -0.00225 	 0 	 0.000193922
0.178 	 -0.002 	 0 	 0.000270404
0.17825 	 -0.00175 	 0 	 0.000346636
0.1785 	 -0.0015 	 0 	 0.000421599
0.17875 	 -0.00125 	 0 	 0.000495734
0.179 	 -0.001 	 0 	 0.000569983
0.17925 	 -0.00075 	 0 	 0.000641341
0.1795 	 -0.0005 	 0 	 0.000714589
0.17975 	 -0.00025 	 0 	 0.000786854
0.18 	 0 	 1 	 0.00085735
0.18025 	 0.00025 	 1 	 0.000928672
0.1805 	 0.0005 	 1 	 0.000995324
0.18075 	 0.00075 	 1 	 0.00106514
0.181 	 0.001 	 1 	 0.00113756
0.18125 	 0.00125 	 1 	 0.00120402
0.1815 	 0.0015 	 1 	 0.00126957
0.18175 	 0.00175 	 1 	 0.00133578
0.182 	 0.002 	 1 	 0.00140529
0.18225 	 0.00225 	 1 	 0.00142839
0.1825 	 0.0025 	 1 	 0.00141524
0.18275 	 0.00275 	 1 	 0.00140134
0.183 	 0.003 	 1 	 0.00138759
0.18325 	 0.00325 	 1 	 0.00137467
0.1835 	 0.0035 	 1 	 0.00136481
0.18375 	 0.00375 	 1 	 0.00135643
0.184 	 0.004 	 1 	 0.00133572
0.18425 	 0.00425 	 1 	 0.00132371
0.1845 	 0.0045 	 1 	 0.00131626
0.18475 	 0.00475 	 1 	 0.00129838
0.185 	 0.005 	 1 	 0.00128673
0.18525 	 0.00525 	 1 	 0.00127959
0.1855 	 0.0055 	 1 	 0.00126253
0.18575 	 0.00575 	 1 	 0.00125642
0.186 	 0.006 	 1 	 0.00124036
0.18625 	 0.00625 	 1 	 0.00121769
0.1865 	 0.0065 	 1 	 0.00121667
0.18675 	 0.00675 	 1 	 0.001211
0.187 	 0.007 	 1 	 0.0011896
0.18725 	 0.00725 	 1 	 0.00117986
0.1875 	 0.0075 	 1 	 0.00117101
0.18775 	 0.00775 	 1 	 0.00116053
0.188 	 0.008 	 1 	 0.00114269
0.18825 	 0.00825 	 1 	 0.0011315
0.1885 	 0.0085 	 1 	 0.00112646
0.18875 	 0.00875 	 1 	 0.0011167
0.189 	 0.009 	 1 	 0.00110034
0.18925 	 0.00925 	 1 	 0.00108903
0.1895 	 0.0095 	 1 	 0.00107779
0.18975 	 0.00975 	 1 	 0.00106776
0.19 	 0.01 	 1 	 0.0010588
0.19025 	 0.01025 	 1 	 0.00104185
0.1905 	 0.0105 	 1 	 0.00104674
0.19075 	 0.01075 	 1 	 0.00102529
0.191 	 0.011 	 1 	 0.00100526
0.19125 	 0.01125 	 1 	 0.00101717
0.1915 	 0.0115 	 1 	 0.000996663
0.19175 	 0.01175 	 1 	 0.000973264
0.192 	 0.012 	 1 	 0.000975272
0.19225 	 0.01225 	 1 	 0.000968206
0.1925 	 0.0125 	 1 	 0.000945502
0.19275 	 0.01275 	 1 	 0.000936234
0.193 	 0.013 	 1 	 0.000945719
0.19325 	 0.01325 	 1 	 0.000923683
0.1935 	 0.0135 	 1 	 0.000906124
0.19375 	 0.01375 	 1 	 0.000903437
0.194 	 0.014 	 1 	 0.000903626
0.19425 	 0.01425 	 1 	 0.000894331
0.1945 	 0.0145 	 1 	 0.000873205
0.19475 	 0.01475 	 1 	 0.000867373
0.195 	 0.015 	 1 	 0.000864518
0.19525 	 0.01525 	 1 	 0.000847088
0.1955 	 0.0155 	 1 	 0.000830118
0.19575 	 0.01575 	 1 	 0.000834151
0.196 	 0.016 	 1 	 0.000825135
0.19625 	 0.01625 	 1 	 0.000806027
0.1965 	 0.0165 	 1 	 0.000803723
0.19675 	 0.01675 	 1 	 0.000800761
0.197 	 0.017 	 1 	 0.000785947
0.19725 	 0.01725 	 1 	 0.000774626
0.1975 	 0.0175 	 1 	 0.000775432
0.19775 	 0.01775 	 1 	 0.000773626
0.198 	 0.018 	 1 	 0.000744477
0.19825 	 0.01825 	 1 	 0.000747345
0.1985 	 0.0185 	 1 	 0.000735723
0.19875 	 0.01875 	 1 	 0.000707951
0.199 	 0.019 	 1 	 0.00071921
0.19925 	 0.01925 	 1 	 0.000711098
0.1995 	 0.0195 	 1 	 0.000703623
0.19975 	 0.01975 	 1 	 0.000698076
0.2 	 0.02 	 1 	 0.00068293
0.20025 	 0.02025 	 1 	 0.000682901
0.2005 	 0.0205 	 1 	 0.000667918
0.20075 	 0.02075 	 1 	 0.00065072
0.201 	 0.021 	 1 	 0.000666177
0.20125 	 0.02125 	 1 	 0.000656745
0.2015 	 0.0215 	 1 	 0.000633553
0.20175 	 0.02175 	 1 	 0.000629746
0.202 	 0.022 	 1 	 0.000626018
0.20225 	 0.02225 	 1 	 0.000618595
0.2025 	 0.0225 	 1 	 0.000607073
0.20275 	 0.02275 	 1 	 0.000594936
0.203 	 0.023 	 1 	 0.000595193
0.20325 	 0.02325 	 1 	 0.000585001
0.2035 	 0.0235 	 1 	 0.000582089
0.20375 	 0.02375 	 1 	 0.000587082
0.204 	 0.024 	 1 	 0.000561272
0.20425 	 0.02425 	 1 	 0.000552087
0.2045 	 0.0245 	 1 	 0.000552761
0.20475 	 0.02475 	 1 	 0.000551169
0.205 	 0.025 	 1 	 0.000534213
0.20525 	 0.02525 	 1 	 0.000522595
0.2055 	 0.0255 	 1 	 0.0005409
0.20575 	 0.02575 	 1 	 0.000534911
0.206 	 0.026 	 1 	 0.000490925
0.20625 	 0.02625 	 1 	 0.000491008
0.2065 	 0.0265 	 1 	 0.00050162
0.20675 	 0.02675 	 1 	 0.000486849
0.207 	 0.027 	 1 	 0.000492222
0.20725 	 0.02725 	 1 	 0.000482551
0.2075 	 0.0275 	 1 	 0.000470893
0.20775 	 0.02775 	 1 	 0.000459815
0.208 	 0.028 	 1 	 0.000463535
0.20825 	 0.02825 	 1 	 0.000465797
0.2085 	 0.0285 	 1 	 0.000456791
0.20875 	 0.02875 	 1 	 0.000448435
0.209 	 0.029 	 1 	 0.000426897
0.20925 	 0.02925 	 1 	 0.000433528
0.2095 	 0.0295 	 1 	 0.000429647
0.20975 	 0.02975 	 1 	 0.000405537
0.21 	 0.03 	 1 	 0.000410003
0.21025 	 0.03025 	 1 	 0.000408074
0.2105 	 0.0305 	 1 	 0.000394709
0.21075 	 0.03075 	 1 	 0.000388935
0.211 	 0.031 	 1 	 0.000412069
0.21125 	 0.03125 	 1 	 0.00039789
0.2115 	 0.0315 	 1 	 0.000380931
0.21175 	 0.03175 	 1 	 0.000376194
0.212 	 0.032 	 1 	 0.000362042
0.21225 	 0.03225 	 1 	 0.000363127
0.2125 	 0.0325 	 1 	 0.000360337
0.21275 	 0.03275 	 1 	 0.000367345
0.213 	 0.033 	 1 	 0.000337784
0.21325 	 0.03325 	 1 	 0.000327122
0.2135 	 0.0335 	 1 	 0.000333093
0.21375 	 0.03375 	 1 	 0.00031835
0.214 	 0.034 	 1 	 0.000347991
0.21425 	 0.03425 	 1 	 0.000335686
0.2145 	 0.0345 	 1 	 0.000311495
0.21475 	 0.03475 	 1 	 0.000314983
0.215 	 0.035 	 1 	 0.000321684
0.21525 	 0.03525 	 1 	 0.000313693
0.2155 	 0.0355 	 1 	 0.000291126
0.21575 	 0.03575 	 1 	 0.000290744
0.216 	 0.036 	 1 	 0.000273763
0.21625 	 0.03625 	 1 	 0.000285438
0.2165 	 0.0365 	 1 	 0.000284787
0.21675 	 0.03675 	 1 	 0.000275885
0.217 	 0.037 	 1 	 0.000270963
0.21725 	 0.03725 	 1 	 0.000269897
0.2175 	 0.0375 	 1 	 0.000258878
0.21775 	 0.03775 	 1 	 0.000251669
0.218 	 0.038 	 1 	 0.000280711
0.21825 	 0.03825 	 1 	 0.000262002
0.2185 	 0.0385 	 1 	 0.000231457
0.21875 	 0.03875 	 1 	 0.000243816
0.219 	 0.039 	 1 	 0.000234882
0.21925 	 0.03925 	 1 	 0.000219755
0.2195 	 0.0395 	 1 	 0.000229703
0.21975 	 0.03975 	 1 	 0.000230089
0.22 	 0.04 	 1 	 0.000211875
0.22025 	 0.04025 	 1 	 0.000212464
0.2205 	 0.0405 	 1 	 0.000221258
0.22075 	 0.04075 	 1 	 0.000218722
0.221 	 0.041 	 1 	 0.000200228
0.22125 	 0.04125 	 1 	 0.000194424
0.2215 	 0.0415 	 1 	 0.000202697
0.22175 	 0.04175 	 1 	 0.000205866
0.222 	 0.042 	 1 	 0.000195874
0.22225 	 0.04225 	 1 	 0.000171063
0.2225 	 0.0425 	 1 	 0.000191081
0.22275 	 0.04275 	 1 	 0.0001774
0.223 	 0.043 	 1 	 0.000157774
0.22325 	 0.04325 	 1 	 0.000184722
0.2235 	 0.0435 	 1 	 0.000184598
0.22375 	 0.04375 	 1 	 0.000168959
0.224 	 0.044 	 1 	 0.000150836
0.22425 	 0.04425 	 1 	 0.000154046
0.2245 	 0.0445 	 1 	 0.000166522
0.22475 	 0.04475 	 1 	 0.000149234
0.225 	 0.045 	 1 	 0.000144562
0.22525 	 0.04525 	 1 	 0.0001472
0.2255 	 0.0455 	 1 	 0.000141456
0.22575 	 0.04575 	 1 	 0.000139998
0.226 	 0.046 	 1 	 0.000154064
0.22625 	 0.04625 	 1 	 0.000137485
0.2265 	 0.0465 	 1 	 0.00012559
0.22675 	 0.04675 	 1 	 0.000118728
0.227 	 0.047 	 1 	 0.00011521
0.22725 	 0.04725 	 1 	 0.000127667
0.2275 	 0.0475 	 1 	 0.000122599
0.22775 	 0.04775 	 1 	 0.000119018
0.228 	 0.048 	 1 	 0.000112809
0.22825 	 0.04825 	 1 	 9.70155e-05
0.2285 	 0.0485 	 1 	 9.27029e-05
0.22875 	 0.04875 	 1 	 0.000111146
0.229 	 0.049 	 1 	 0.000117027
0.22925 	 0.04925 	 1 	 0.000104245
0.2295 	 0.0495 	 1 	 8.69729e-05
0.22975 	 0.04975 	 1 	 9.56013e-05
0.23 	 0.05 	 1 	 9.82361e-05
0.23025 	 0.05025 	 1 	 8.66526e-05
0.2305 	 0.0505 	 1 	 8.39857e-05
0.23075 	 0.05075 	 1 	 7.81312e-05
0.231 	 0.051 	 1 	 7.02039e-05
0.23125 	 0.05125 	 1 	 6.66845e-05
0.2315 	 0.0515 	 1 	 7.71043e-05
0.23175 	 0.05175 	 1 	 8.04803e-05
0.232 	 0.052 	 1 	 6.66024e-05
0.23225 	 0.05225 	 1 	 7.85776e-05
0.2325 	 0.0525 	 1 	 6.56826e-05
0.23275 	 0.05275 	 1 	 5.65282e-05
0.233 	 0.053 	 1 	 6.51614e-05
0.23325 	 0.05325 	 1 	 7.02173e-05
0.2335 	 0.0535 	 1 	 7.08453e-05
0.23375 	 0.05375 	 1 	 3.35018e-05
0.234 	 0.054 	 1 	 3.65976e-05
0.23425 	 0.05425 	 1 	 5.16412e-05
0.2345 	 0.0545 	 1 	 4.4177e-05
0.23475 	 0.05475 	 1 	 4.62537e-05
0.235 	 0.055 	 1 	 4.83574e-05
0.23525 	 0.05525 	 1 	 5.09311e-05
0.2355 	 0.0555 	 1 	 3.39337e-05
0.23575 	 0.05575 	 1 	 2.9004e-05
0.236 	 0.056 	 1 	 4.1627e-05
0.23625 	 0.05625 	 1 	 4.27685e-05
0.2365 	 0.0565 	 1 	 2.33691e-05
0.23675 	 0.05675 	 1 	 2.58279e-05
0.237 	 0.057 	 1 	 3.80218e-05
0.23725 	 0.05725 	 1 	 1.10555e-05
0.2375 	 0.0575 	 1 	 2.52301e-05
0.23775 	 0.05775 	 1 	 2.94009e-05
0.238 	 0.058 	 1 	 -2.17436e-06
0.23825 	 0.05825 	 1 	 -3.99619e-07
0.2385 	 0.0585 	 1 	 2.55453e-05
0.23875 	 0.05875 	 1 	 3.93364e-05
0.239 	 0.059 	 1 	 1.7458e-05
0.23925 	 0.05925 	 1 	 6.41792e-06
0.2395 	 0.0595 	 1 	 6.17209e-06
0.23975 	 0.05975 	 1 	 -3.89727e-06
0.24 	 0.06 	 1 	 -3.52896e-07
0.24025 	 0.06025 	 1 	 2.78648e-06
0.2405 	 0.0605 	 1 	 4.49134e-06
0.24075 	 0.06075 	 1 	 2.06473e-06
0.241 	 0.061 	 1 	 -4.88641e-06
0.24125 	 0.06125 	 1 	 -1.65509e-06
0.2415 	 0.0615 	 1 	 5.3558e-06
0.24175 	 0.06175 	 1 	 -9.1644e-06
0.242 	 0.062 	 1 	 -1.14055e-05
0.24225 	 0.06225 	 1 	 -7.84288e-06
0.2425 	 0.0625 	 1 	 -2.00043e-05
0.24275 	 0.06275 	 1 	 -7.44715e-06
0.243 	 0.063 	 1 	 2.54287e-06
0.24325 	 0.06325 	 1 	 -1.20182e-06
0.2435 	 0.0635 	 1 	 -4.18273e-05
0.24375 	 0.06375 	 1 	 -4.32502e-05
0.244 	 0.064 	 1 	 -4.40097e-06
0.24425 	 0.06425 	 1 	 -1.31155e-05
0.2445 	 0.0645 	 1 	 -1.51919e-05
0.24475 	 0.06475 	 1 	 -2.18092e-05
0.245 	 0.065 	 1 	 -3.10165e-05
0.24525 	 0.06525 	 1 	 -3.84903e-05
0.2455 	 0.0655 	 1 	 -2.87475e-05
0.24575 	 0.06575 	 1 	 -1.20988e-05
0.246 	 0.066 	 1 	 -2.80775e-05
0.24625 	 0.06625 	 1 	 -4.27582e-05
0.2465 	 0.0665 	 1 	 -4.79205e-05
0.24675 	 0.06675 	 1 	 -2.95296e-05
0.247 	 0.067 	 1 	 -2.58381e-05
0.24725 	 0.06725 	 1 	 -3.37358e-05
0.2475 	 0.0675 	 1 	 -4.09791e-05
0.24775 	 0.06775 	 1 	 -4.08478e-05
0.248 	 0.068 	 1 	 -3.46887e-05
0.24825 	 0.06825 	 1 	 -5.56748e-05
0.2485 	 0.0685 	 1 	 -2.56537e-05
0.24875 	 0.06875 	 1 	 -3.1174e-05
0.249 	 0.069 	 1 	 -7.58718e-05
0.24925 	 0.06925 	 1 	 -5.28917e-05
0.2495 	 0.0695 	 1 	 -3.43706e-05
0.24975 	 0.06975 	 1 	 -3.78017e-05
0.25 	 0.07 	 1 	 -4.70826e-05
0.25025 	 0.07025 	 1 	 -3.74725e-05
0.2505 	 0.0705 	 1 	 -5.3105e-05
0.25075 	 0.07075 	 1 	 -6.72613e-05
0.251 	 0.071 	 1 	 -4.51998e-05
0.25125 	 0.07125 	 1 	 -4.62338e-05
0.2515 	 0.0715 	 1 	 -5.4558e-05
0.25175 	 0.07175 	 1 	 -5.6471e-05
0.252 	 0.072 	 1 	 -6.10855e-05
0.25225 	 0.07225 	 1 	 -5.72878e-05
0.2525 	 0.0725 	 1 	 -5.38957e-05
0.25275 	 0.07275 	 1 	 -6.41823e-05
0.253 	 0.073 	 1 	 -6.4235e-05
0.25325 	 0.07325 	 1 	 -6.21496e-05
0.2535 	 0.0735 	 1 	 -6.45684e-05
0.25375 	 0.07375 	 1 	 -4.78884e-05
0.254 	 0.074 	 1 	 -4.44481e-05
0.25425 	 0.07425 	 1 	 -6.16638e-05
0.2545 	 0.0745 	 1 	 -8.35858e-05
0.25475 	 0.07475 	 1 	 -7.07216e-05
0.255 	 0.075 	 1 	 -5.69946e-05
0.25525 	 0.07525 	 1 	 -7.16453e-05
0.2555 	 0.0755 	 1 	 -7.08216e-05
0.25575 	 0.07575 	 1 	 -6.88307e-05
0.256 	 0.076 	 1 	 -7.16364e-05
0.25625 	 0.07625 	 1 	 -7.039e-05
0.2565 	 0.0765 	 1 	 -6.16428e-05
0.25675 	 0.07675 	 1 	 -7.24933e-05
0.257 	 0.077 	 1 	 -7.8688e-05
0.25725 	 0.07725 	 1 	 -6.5644e-05
0.2575 	 0.0775 	 1 	 -6.15731e-05
0.25775 	 0.07775 	 1 	 -7.58138e-05
0.258 	 0.078 	 1 	 -8.08584e-05
0.25825 	 0.07825 	 1 	 -6.33558e-05
0.2585 	 0.0785 	 1 	 -8.10766e-05
0.25875 	 0.07875 	 1 	 -9.56804e-05
0.259 	 0.079 	 1 	 -7.54343e-05
0.25925 	 0.07925 	 1 	 -7.39913e-05
0.2595 	 0.0795 	 1 	 -6.71078e-05
0.25975 	 0.07975 	 1 	 -7.89382e-05
0.26 	 0.08 	 1 	 -9.11158e-05
0.26025 	 0.08025 	 1 	 -7.35928e-05
0.2605 	 0.0805 	 1 	 -6.81933e-05
0.26075 	 0.08075 	 1 	 -8.89165e-05
0.261 	 0.081 	 1 	 -8.57593e-05
0.26125 	 0.08125 	 1 	 -6.70921e-05
0.2615 	 0.0815 	 1 	 -7.87471e-05
0.26175 	 0.08175 	 1 	 -9.11516e-05
0.262 	 0.082 	 1 	 -8.5537e-05
0.26225 	 0.08225 	 1 	 -9.11406e-05
0.2625 	 0.0825 	 1 	 -9.80583e-05
0.26275 	 0.08275 	 1 	 -7.13696e-05
0.263 	 0.083 	 1 	 -7.33773e-05
0.26325 	 0.08325 	 1 	 -9.49932e-05
0.2635 	 0.0835 	 1 	 -8.1344e-05
0.26375 	 0.08375 	 1 	 -7.32333e-05
0.264 	 0.084 	 1 	 -9.83581e-05
0.26425 	 0.08425 	 1 	 -0.000101019
0.2645 	 0.0845 	 1 	 -8.45189e-05
0.26475 	 0.08475 	 1 	 -8.00096e-05
0.265 	 0.085 	 1 	 -8.36279e-05
0.26525 	 0.08525 	 1 	 -9.20569e-05
0.2655 	 0.0855 	 1 	 -8.90082e-05
0.26575 	 0.08575 	 1 	 -8.84469e-05
0.266 	 0.086 	 1 	 -9.86916e-05
0.26625 	 0.08625 	 1 	 -9.69197e-05
0.2665 	 0.0865 	 1 	 -8.58083e-05
0.26675 	 0.08675 	 1 	 -8.82745e-05
0.267 	 0.087 	 1 	 -8.92286e-05
0.26725 	 0.08725 	 1 	 -8.52541e-05
0.2675 	 0.0875 	 1 	 -9.13876e-05
0.26775 	 0.08775 	 1 	 -0.000107227
0.268 	 0.088 	 1 	 -9.40058e-05
0.26825 	 0.08825 	 1 	 -8.51077e-05
0.2685 	 0.0885 	 1 	 -8.91384e-05
0.26875 	 0.08875 	 1 	 -9.83142e-05
0.269 	 0.089 	 1 	 -8.70461e-05
0.26925 	 0.08925 	 1 	 -8.79222e-05
0.2695 	 0.0895 	 1 	 -0.000108729
0.26975 	 0.08975 	 1 	 -9.65036e-05
0.27 	 0.09 	 1 	 -9.39051e-05
0.27025 	 0.09025 	 1 	 -0.000101187
0.2705 	 0.0905 	 1 	 -9.59322e-05
0.27075 	 0.09075 	 1 	 -7.78049e-05
0.271 	 0.091 	 1 	 -9.04207e-05
0.27125 	 0.09125 	 1 	 -0.000106871
0.2715 	 0.0915 	 1 	 -0.000108995
0.27175 	 0.09175 	 1 	 -9.28715e-05
0.272 	 0.092 	 1 	 -8.43117e-05
0.27225 	 0.09225 	 1 	 -9.22991e-05
0.2725 	 0.0925 	 1 	 -0.000101986
0.27275 	 0.09275 	 1 	 -9.81323e-05
0.273 	 0.093 	 1 	 -9.85803e-05
0.27325 	 0.09325 	 1 	 -0.000108316
0.2735 	 0.0935 	 1 	 -0.000103542
0.27375 	 0.09375 	 1 	 -9.09237e-05
0.274 	 0.094 	 1 	 -9.96495e-05
0.27425 	 0.09425 	 1 	 -9.73049e-05
0.2745 	 0.0945 	 1 	 -8.6439e-05
0.27475 	 0.09475 	 1 	 -9.66338e-05
0.275 	 0.095 	 1 	 -9.83499e-05
0.27525 	 0.09525 	 1 	 -0.000104539
0.2755 	 0.0955 	 1 	 -0.000109514
0.27575 	 0.09575 	 1 	 -0.00010612
0.276 	 0.096 	 1 	 -8.59108e-05
0.27625 	 0.09625 	 1 	 -9.17499e-05
0.2765 	 0.0965 	 1 	 -0.000103128
0.27675 	 0.09675 	 1 	 -0.00010876
0.277 	 0.097 	 1 	 -0.000109569
0.27725 	 0.09725 	 1 	 -0.000135036
0.2775 	 0.0975 	 1 	 -0.000205824
0.27775 	 0.09775 	 1 	 -0.000293568
0.278 	 0.098 	 1 	 -0.000371082
0.27825 	 0.09825 	 1 	 -0.000433077
0.2785 	 0.0985 	 1 	 -0.000513634
0.27875 	 0.09875 	 1 	 -0.000593653
0.279 	 0.099 	 1 	 -0.000659183
0.27925 	 0.09925 	 1 	 -0.000737565
0.2795 	 0.0995 	 1 	 -0.000803694
0.27975 	 0.09975 	 1 	 -0.000872613
0.28 	 0.1 	 0 	 -0.000936462
0.28025 	 0.10025 	 0 	 -0.000988956
0.2805 	 0.1005 	 0 	 -0.00105344
0.28075 	 0.10075 	 0 	 -0.00113319
0.281 	 0.101 	 0 	 -0.00121569
0.28125 	 0.10125 	 0 	 -0.001262
0.2815 	 0.1015 	 0 	 -0.001303
0.28175 	 0.10175 	 0 	 -0.00136495
0.282 	 0.102 	 0 	 -0.00144703
0.28225 	 0.10225 	 0 	 -0.00147114
0.2825 	 0.1025 	 0 	 -0.00143983
0.28275 	 0.10275 	 0 	 -0.00142317
0.283 	 0.103 	 0 	 -0.00140534
0.28325 	 0.10325 	 0 	 -0.00138404
0.2835 	 0.1035 	 0 	 -0.00136659
0.28375 	 0.10375 	 0 	 -0.00135284
0.284 	 0.104 	 0 	 -0.00133134
0.28425 	 0.10425 	 0 	 -0.00129633
0.2845 	 0.1045 	 0 	 -0.00129877
0.28475 	 0.10475 	 0 	 -0.00127884
0.285 	 0.105 	 0 	 -0.00125559
0.28525 	 0.10525 	 0 	 -0.00125496
0.2855 	 0.1055 	 0 	 -0.0012349
0.28575 	 0.10575 	 0 	 -0.0012005
0.286 	 0.106 	 0 	 -0.00118688
0.28625 	 0.10625 	 0 	 -0.00118808
0.2865 	 0.1065 	 0 	 -0.00116768
0.28675 	 0.10675 	 0 	 -0.00115372
0.287 	 0.107 	 0 	 -0.00112917
0.28725 	 0.10725 	 0 	 -0.00111694
0.2875 	 0.1075 	 0 	 -0.00110624
0.28775 	 0.10775 	 0 	 -0.00107715
0.288 	 0.108 	 0 	 -0.0010696
0.28825 	 0.10825 	 0 	 -0.0010644
0.2885 	 0.1085 	 0 	 -0.00104704
0.28875 	 0.10875 	 0 	 -0.00102871
0.289 	 0.109 	 0 	 -0.00101449
0.28925 	 0.10925 	 0 	 -0.00100468
0.2895 	 0.1095 	 0 	 -0.000984841
0.28975 	 0.10975 	 0 	 -0.000971676
0.29 	 0.11 	 0 	 -0.000967638
0.29025 	 0.11025 	 0 	 -0.000951259
0.2905 	 0.1105 	 0 	 -0.000936764
0.29075 	 0.11075 	 0 	 -0.000936126
0.291 	 0.111 	 0 	 -0.000908389
0.29125 	 0.11125 	 0 	 -0.000889304
0.2915 	 0.1115 	 0 	 -0.000892607
0.29175 	 0.11175 	 0 	 -0.000870562
0.292 	 0.112 	 0 	 -0.000863568
0.29225 	 0.11225 	 0 	 -0.000852393
0.2925 	 0.1125 	 0 	 -0.000834631
0.29275 	 0.11275 	 0 	 -0.000826686
0.293 	 0.113 	 0 	 -0.000813156
0.29325 	 0.11325 	 0 	 -0.000804143
0.2935 	 0.1135 	 0 	 -0.000797563
0.29375 	 0.11375 	 0 	 -0.000792352
0.294 	 0.114 	 0 	 -0.000774331
0.29425 	 0.11425 	 0 	 -0.000761463
0.2945 	 0.1145 	 0 	 -0.00075309
0.29475 	 0.11475 	 0 	 -0.000744859
0.295 	 0.115 	 0 	 -0.000730633
0.29525 	 0.11525 	 0 	 -0.000708664
0.2955 	 0.1155 	 0 	 -0.000705194
0.29575 	 0.11575 	 0 	 -0.000700727
0.296 	 0.116 	 0 	 -0.000689915
0.29625 	 0.11625 	 0 	 -0.000680323
0.2965 	 0.1165 	 0 	 -0.000674383
0.29675 	 0.11675 	 0 	 -0.000665436
0.297 	 0.117 	 0 	 -0.000651304
0.29725 	 0.11725 	 0 	 -0.00064603
0.2975 	 0.1175 	 0 	 -0.000641503
0.29775 	 0.11775 	 0 	 -0.000633318
0.298 	 0.118 	 0 	 -0.000620123
0.29825 	 0.11825 	 0 	 -0.000604474
0.2985 	 0.1185 	 0 	 -0.000590673
0.29875 	 0.11875 	 0 	 -0.000584863
0.299 	 0.119 	 0 	 -0.000584975
0.29925 	 0.11925 	 0 	 -0.000578332
0.2995 	 0.1195 	 0 	 -0.000570145
0.29975 	 0.11975 	 0 	 -0.000557353
0.3 	 0.12 	 0 	 -0.000550002
0.30025 	 0.12025 	 0 	 -0.000550478
0.3005 	 0.1205 	 0 	 -0.000542199
0.30075 	 0.12075 	 0 	 -0.000526361
0.301 	 0.121 	 0 	 -0.000519094
0.30125 	 0.12125 	 0 	 -0.000513299
0.3015 	 0.1215 	 0 	 -0.000503864
0.30175 	 0.12175 	 0 	 -0.000499635
0.302 	 0.122 	 0 	 -0.000492736
0.30225 	 0.12225 	 0 	 -0.000485985
0.3025 	 0.1225 	 0 	 -0.000473143
0.30275 	 0.12275 	 0 	 -0.000468231
0.303 	 0.123 	 0 	 -0.000470101
0.30325 	 0.12325 	 0 	 -0.000464523
0.3035 	 0.1235 	 0 	 -0.00045447
0.30375 	 0.12375 	 0 	 -0.000441706
0.304 	 0.124 	 0 	 -0.000440423
0.30425 	 0.12425 	 0 	 -0.000433309
0.3045 	 0.1245 	 0 	 -0.00042307
0.30475 	 0.12475 	 0 	 -0.000422885
0.305 	 0.125 	 0 	 -0.000413331
0.30525 	 0.12525 	 0 	 -0.000405485
0.3055 	 0.1255 	 0 	 -0.000402006
0.30575 	 0.12575 	 0 	 -0.000401732
0.306 	 0.126 	 0 	 -0.000395362
0.30625 	 0.12625 	 0 	 -0.000385844
0.3065 	 0.1265 	 0 	 -0.000382651
0.30675 	 0.12675 	 0 	 -0.000375619
0.307 	 0.127 	 0 	 -0.00036921
0.30725 	 0.12725 	 0 	 -0.000365242
0.3075 	 0.1275 	 0 	 -0.000365356
0.30775 	 0.12775 	 0 	 -0.000355175
0.308 	 0.128 	 0 	 -0.000345519
0.30825 	 0.12825 	 0 	 -0.000343083
0.3085 	 0.1285 	 0 	 -0.000343356
0.30875 	 0.12875 	 0 	 -0.000340967
0.309 	 0.129 	 0 	 -0.00032985
0.30925 	 0.12925 	 0 	 -0.000326747
0.3095 	 0.1295 	 0 	 -0.000323914
0.30975 	 0.12975 	 0 	 -0.000317475
0.31 	 0.13 	 0 	 -0.000314202
0.31025 	 0.13025 	 0 	 -0.000312348
0.3105 	 0.1305 	 0 	 -0.000305433
0.31075 	 0.13075 	 0 	 -0.000299251
0.311 	 0.131 	 0 	 -0.000295855
0.31125 	 0.13125 	 0 	 -0.000290565
0.3115 	 0.1315 	 0 	 -0.00028942
0.31175 	 0.13175 	 0 	 -0.000285059
0.312 	 0.132 	 0 	 -0.000278423
0.31225 	 0.13225 	 0 	 -0.000273436
0.3125 	 0.1325 	 0 	 -0.000267234
0.31275 	 0.13275 	 0 	 -0.000268938
0.313 	 0.133 	 0 	 -0.000264693
0.31325 	 0.13325 	 0 	 -0.00026157
0.3135 	 0.1335 	 0 	 -0.000255044
0.31375 	 0.13375 	 0 	 -0.000246459
0.314 	 0.134 	 0 	 -0.000247642
0.31425 	 0.13425 	 0 	 -0.000245038
0.3145 	 0.1345 	 0 	 -0.000240452
0.31475 	 0.13475 	 0 	 -0.000236961
0.315 	 0.135 	 0 	 -0.000236113
0.31525 	 0.13525 	 0 	 -0.000228021
0.3155 	 0.1355 	 0 	 -0.000224533
0.31575 	 0.13575 	 0 	 -0.000224179
0.316 	 0.136 	 0 	 -0.000220295
0.31625 	 0.13625 	 0 	 -0.000216944
0.3165 	 0.1365 	 0 	 -0.000211667
0.31675 	 0.13675 	 0 	 -0.000209664
0.317 	 0.137 	 0 	 -0.000206843
0.31725 	 0.13725 	 0 	 -0.000204177
0.3175 	 0.1375 	 0 	 -0.000202787
0.31775 	 0.13775 	 0 	 -0.000198081
0.318 	 0.138 	 0 	 -0.000193494
0.31825 	 0.13825 	 0 	 -0.000189477
0.3185 	 0.1385 	 0 	 -0.000189927
0.31875 	 0.13875 	 0 	 -0.000187756
0.319 	 0.139 	 0 	 -0.0001833
0.31925 	 0.13925 	 0 	 -0.000181095
0.3195 	 0.1395 	 0 	 -0.000178565
0.31975 	 0.13975 	 0 	 -0.000173997
0.32 	 0.14 	 0 	 -0.000170683
0.32025 	 0.14025 	 0 	 -0.000172181
0.3205 	 0.1405 	 0 	 -0.000167409
0.32075 	 0.14075 	 0 	 -0.000162986
0.321 	 0.141 	 0 	 -0.000162638
0.32125 	 0.14125 	 0 	 -0.000160887
0.3215 	 0.1415 	 0 	 -0.000156415
0.32175 	 0.14175 	 0 	 -0.000153261
0.322 	 0.142 	 0 	 -0.000152404
0.32225 	 0.14225 	 0 	 -0.000149475
0.3225 	 0.1425 	 0 	 -0.000148566
0.32275 	 0.14275 	 0 	 -0.000145745
0.323 	 0.143 	 0 	 -0.000144544
0.32325 	 0.14325 	 0 	 -0.000140639
0.3235 	 0.1435 	 0 	 -0.000137615
0.32375 	 0.14375 	 0 	 -0.00013855
0.324 	 0.144 	 0 	 -0.0001341
0.32425 	 0.14425 	 0 	 -0.000132595
0.3245 	 0.1445 	 0 	 -0.000129611
0.32475 	 0.14475 	 0 	 -0.000129043
0.325 	 0.145 	 0 	 -0.000127346
0.32525 	 0.14525 	 0 	 -0.000123642
0.3255 	 0.1455 	 0 	 -0.000122929
0.32575 	 0.14575 	 0 	 -0.000119875
0.326 	 0.146 	 0 	 -0.00011888
0.32625 	 0.14625 	 0 	 -0.000117474
0.3265 	 0.1465 	 0 	 -0.000116541
0.32675 	 0.14675 	 0 	 -0.000114361
0.327 	 0.147 	 0 	 -0.000111991
0.32725 	 0.14725 	 0 	 -0.000110407
0.3275 	 0.1475 	 0 	 -0.000107258
0.32775 	 0.14775 	 0 	 -0.000106868
0.328 	 0.148 	 0 	 -0.000104661
0.32825 	 0.14825 	 0 	 -0.000103076
0.3285 	 0.1485 	 0 	 -0.000101908
0.32875 	 0.14875 	 0 	 -9.91417e-05
0.329 	 0.149 	 0 	 -9.89173e-05
0.32925 	 0.14925 	 0 	 -9.81714e-05
0.3295 	 0.1495 	 0 	 -9.63228e-05
0.32975 	 0.14975 	 0 	 -9.30091e-05
0.33 	 0.15 	 0 	 -9.18963e-05
0.33025 	 0.15025 	 0 	 -9.1627e-05
0.3305 	 0.1505 	 0 	 -9.00207e-05
0.33075 	 0.15075 	 0 	 -8.8569e-05
0.331 	 0.151 	 0 	 -8.67214e-05
0.33125 	 0.15125 	 0 	 -8.49492e-05
0.3315 	 0.1515 	 0 	 -8.29626e-05
0.33175 	 0.15175 	 0 	 -8.34194e-05
0.332 	 0.152 	 0 	 -8.13965e-05
0.33225 	 0.15225 	 0 	 -7.95336e-05
0.3325 	 0.1525 	 0 	 -7.92263e-05
0.33275 	 0.15275 	 0 	 -7.7263e-05
0.333 	 0.153 	 0 	 -7.6978e-05
0.33325 	 0.15325 	 0 	 -7.55294e-05
0.3335 	 0.1535 	 0 	 -7.38359e-05
0.33375 	 0.15375 	 0 	 -7.33369e-05
0.334 	 0.154 	 0 	 -7.13664e-05
0.33425 	 0.15425 	 0 	 -6.99461e-05
0.3345 	 0.1545 	 0 	 -6.9363e-05
0.33475 	 0.15475 	 0 	 -6.84423e-05
0.335 	 0.155 	 0 	 -6.77152e-05
0.33525 	 0.15525 	 0 	 -6.56355e-05
0.3355 	 0.1555 	 0 	 -6.45776e-05
0.33575 	 0.15575 	 0 	 -6.41844e-05
0.336 	 0.156 	 0 	 -6.31806e-05
0.33625 	 0.15625 	 0 	 -6.21728e-05
0.3365 	 0.1565 	 0 	 -6.10113e-05
0.33675 	 0.15675 	 0 	 -5.9897e-05
0.337 	 0.157 	 0 	 -5.94627e-05
0.33725 	 0.15725 	 0 	 -5.85212e-05
0.3375 	 0.1575 	 0 	 -5.70317e-05
0.33775 	 0.15775 	 0 	 -5.61377e-05
0.338 	 0.158 	 0 	 -5.51535e-05
0.33825 	 0.15825 	 0 	 -5.44844e-05
0.3385 	 0.1585 	 0 	 -5.36706e-05
0.33875 	 0.15875 	 0 	 -5.24633e-05
0.339 	 0.159 	 0 	 -5.18352e-05
0.33925 	 0.15925 	 0 	 -5.08997e-05
0.3395 	 0.1595 	 0 	 -4.98174e-05
0.33975 	 0.15975 	 0 	 -4.94706e-05
0.34 	 0.16 	 0 	 -4.85982e-05
0.34025 	 0.16025 	 0 	 -4.779e-05
0.3405 	 0.1605 	 0 	 -4.72786e-05
0.34075 	 0.16075 	 0 	 -4.6133e-05
0.341 	 0.161 	 0 	 -4.54639e-05
0.34125 	 0.16125 	 0 	 -4.50742e-05
0.3415 	 0.1615 	 0 	 -4.36787e-05
0.34175 	 0.16175 	 0 	 -4.2853e-05
0.342 	 0.162 	 0 	 -4.25213e-05
0.34225 	 0.16225 	 0 	 -4.18951e-05
0.3425 	 0.1625 	 0 	 -4.13626e-05
0.34275 	 0.16275 	 0 	 -4.0288e-05
0.343 	 0.163 	 0 	 -3.94211e-05
0.34325 	 0.16325 	 0 	 -3.91492e-05
0.3435 	 0.1635 	 0 	 -3.87268e-05
0.34375 	 0.16375 	 0 	 -3.84104e-05
0.344 	 0.164 	 0 	 -3.70262e-05
0.34425 	 0.16425 	 0 	 -3.63657e-05
0.3445 	 0.1645 	 0 	 -3.64996e-05
0.34475 	 0.16475 	 0 	 -3.53302e-05
0.345 	 0.165 	 0 	 -3.50294e-05
0.34525 	 0.16525 	 0 	 -3.42755e-05
0.3455 	 0.1655 	 0 	 -3.32397e-05
0.34575 	 0.16575 	 0 	 -3.32512e-05
0.346 	 0.166 	 0 	 -3.23748e-05
0.34625 	 0.16625 	 0 	 -3.21456e-05
0.3465 	 0.1665 	 0 	 -3.17919e-05
0.34675 	 0.16675 	 0 	 -3.08612e-05
0.347 	 0.167 	 0 	 -3.02326e-05
0.34725 	 0.16725 	 0 	 -2.96898e-05
0.3475 	 0.1675 	 0 	 -2.98263e-05
0.34775 	 0.16775 	 0 	 -2.93052e-05
0.348 	 0.168 	 0 	 -2.86308e-05
0.34825 	 0.16825 	 0 	 -2.8022e-05
0.3485 	 0.1685 	 0 	 -2.71052e-05
0.34875 	 0.16875 	 0 	 -2.7044e-05
0.349 	 0.169 	 0 	 -2.67962e-05
0.34925 	 0.16925 	 0 	 -2.60365e-05
0.3495 	 0.1695 	 0 	 -2.5573e-05
0.34975 	 0.16975 	 0 	 -2.50855e-05
0.35 	 0.17 	 0 	 -2.47849e-05
0.35025 	 0.17025 	 0 	 -2.45803e-05
0.3505 	 0.1705 	 0 	 -2.4375e-05
0.35075 	 0.17075 	 0 	 -2.35555e-05
0.351 	 0.171 	 0 	 -2.30786e-05
0.35125 	 0.17125 	 0 	 -2.28139e-05
0.3515 	 0.1715 	 0 	 -2.23881e-05
0.35175 	 0.17175 	 0 	 -2.23803e-05
0.352 	 0.172 	 0 	 -2.18524e-05
0.35225 	 0.17225 	 0 	 -2.1211e-05
0.3525 	 0.1725 	 0 	 -2.07037e-05
0.35275 	 0.17275 	 0 	 -2.04853e-05
0.353 	 0.173 	 0 	 -2.0354e-05
0.35325 	 0.17325 	 0 	 -1.99574e-05
0.3535 	 0.1735 	 0 	 -1.95567e-05
0.35375 	 0.17375 	 0 	 -1.89874e-05
0.354 	 0.174 	 0 	 -1.87763e-05
0.35425 	 0.17425 	 0 	 -1.89611e-05
0.3545 	 0.1745 	 0 	 -1.83613e-05
0.35475 	 0.17475 	 0 	 -1.77962e-05
0.355 	 0.175 	 0 	 -1.75076e-05
0.35525 	 0.17525 	 0 	 -1.71308e-05
0.3555 	 0.1755 	 0 	 -1.71875e-05
0.35575 	 0.17575 	 0 	 -1.70546e-05
0.356 	 0.176 	 0 	 -1.63888e-05
0.35625 	 0.17625 	 0 	 -1.59419e-05
0.3565 	 0.1765 	 0 	 -1.56905e-05
0.35675 	 0.17675 	 0 	 -1.56842e-05
0.357 	 0.177 	 0 	 -1.55356e-05
0.35725 	 0.17725 	 0 	 -1.50028e-05
0.3575 	 0.1775 	 0 	 -1.4678e-05
0.35775 	 0.17775 	 0 	 -1.44143e-05
0.358 	 0.178 	 0 	 -1.44378e-05
0.35825 	 0.17825 	 0 	 -1.41417e-05
0.3585 	 0.1785 	 0 	 -1.37048e-05
0.35875 	 0.17875 	 0 	 -1.34983e-05
0.359 	 0.179 	 0 	 -1.31608e-05
0.35925 	 0.17925 	 0 	 -1.31e-05
0.3595 	 0.1795 	 0 	 -1.30999e-05
0.35975 	 0.17975 	 0 	 -1.2725e-05
0.36 	 0.18 	 0 	 -1.22884e-05
0.36025 	 0.18025 	 0 	 -1.20508e-05
0.3605 	 0.1805 	 0 	 -1.17823e-05
0.36075 	 0.18075 	 0 	 -1.17649e-05
0.361 	 0.181 	 0 	 -1.17625e-05
0.36125 	 0.18125 	 0 	 -1.14075e-05
0.3615 	 0.1815 	 0 	 -1.10612e-05
0.36175 	 0.18175 	 0 	 -1.07818e-05
0.362 	 0.182 	 0 	 -1.07347e-05
0.36225 	 0.18225 	 0 	 -1.06594e-05
0.3625 	 0.1825 	 0 	 -1.04088e-05
0.36275 	 0.18275 	 0 	 -1.01783e-05
0.363 	 0.183 	 0 	 -9.92549e-06
0.36325 	 0.18325 	 0 	 -9.83056e-06
0.3635 	 0.1835 	 0 	 -9.70911e-06
0.36375 	 0.18375 	 0 	 -9.52301e-06
0.364 	 0.184 	 0 	 -9.40616e-06
0.36425 	 0.18425 	 0 	 -9.03697e-06
0.3645 	 0.1845 	 0 	 -8.8046e-06
0.36475 	 0.18475 	 0 	 -8.88709e-06
0.365 	 0.185 	 0 	 -8.78375e-06
0.36525 	 0.18525 	 0 	 -8.50924e-06
0.3655 	 0.1855 	 0 	 -8.36353e-06
0.36575 	 0.18575 	 0 	 -8.13321e-06
0.366 	 0.186 	 0 	 -7.94273e-06
0.36625 	 0.18625 	 0 	 -7.93684e-06
0.3665 	 0.1865 	 0 	 -7.8391e-06
0.36675 	 0.18675 	 0 	 -7.63811e-06
0.367 	 0.187 	 0 	 -7.42884e-06
0.36725 	 0.18725 	 0 	 -7.33766e-06
0.3675 	 0.1875 	 0 	 -7.20583e-06
0.36775 	 0.18775 	 0 	 -7.06982e-06
0.368 	 0.188 	 0 	 -6.89691e-06
0.36825 	 0.18825 	 0 	 -6.79976e-06
0.3685 	 0.1885 	 0 	 -6.76926e-06
0.36875 	 0.18875 	 0 	 -6.61822e-06
0.369 	 0.189 	 0 	 -6.39504e-06
0.36925 	 0.18925 	 0 	 -6.3223e-06
0.3695 	 0.1895 	 0 	 -6.24289e-06
0.36975 	 0.18975 	 0 	 -6.03012e-06
0.37 	 0.19 	 0 	 -5.97703e-06
0.37025 	 0.19025 	 0 	 -5.93322e-06
0.3705 	 0.1905 	 0 	 -5.75434e-06
0.37075 	 0.19075 	 0 	 -5.65097e-06
0.371 	 0.191 	 0 	 -5.57933e-06
0.37125 	 0.19125 	 0 	 -5.43487e-06
0.3715 	 0.1915 	 0 	 -5.33932e-06
0.37175 	 0.19175 	 0 	 -5.23832e-06
0.372 	 0.192 	 0 	 -5.13899e-06
0.37225 	 0.19225 	 0 	 -5.06643e-06
0.3725 	 0.1925 	 0 	 -4.95045e-06
0.37275 	 0.19275 	 0 	 -4.67277e-06
0.373 	 0.193 	 0 	 -4.3656e-06
0.37325 	 0.19325 	 0 	 -4.09898e-06
0.3735 	 0.1935 	 0 	 -3.78951e-06
0.37375 	 0.19375 	 0 	 -3.53345e-06
0.374 	 0.194 	 0 	 -3.31366e-06
0.37425 	 0.19425 	 0 	 -3.00659e-06
0.3745 	 0.1945 	 0 	 -2.74074e-06
0.37475 	 0.19475 	 0 	 -2.52433e-06
0.375 	 0.195 	 0 	 -2.23447e-06
0.37525 	 0.19525 	 0 	 -1.99323e-06
0.3755 	 0.1955 	 0 	 -1.78824e-06
0.37575 	 0.19575 	 0 	 -1.53387e-06
0.376 	 0.196 	 0 	 -1.29525e-06
0.37625 	 0.19625 	 0 	 -1.08205e-06
0.3765 	 0.1965 	 0 	 -8.5114e-07
0.37675 	 0.19675 	 0 	 -6.34984e-07
0.377 	 0.197 	 0 	 -4.23011e-07
0.37725 	 0.19725 	 0 	 -2.04708e-07
0.3775 	 0.1975 	 0 	 -5.08784e-08
0.37775 	 0.19775 	 0 	 0
0.378 	 0.198 	 0 	 0
0.37825 	 0.19825 	 0 	 0
0.3785 	 0.1985 	 0 	 0
0.37875 	 0.19875 	 0 	 0
0.379 	 0.199 	 0 	 0
0.37925 	 0.19925 	 0 	 0
0.3795 	 0.1995 	 0 	 0
0.37975 	 0.19975 	 0 	 0
0.38 	 0.2 	 0 	 0
0.38025 	 0.20025 	 0 	 0
0.3805 	 0.2005 	 0 	 0
0.38075 	 0.20075 	 0 	 0
0.381 	 0.201 	 0 	 0
0.38125 	 0.20125 	 0 	 0
0.3815 	 0.2015 	 0 	 0
0.38175 	 0.20175 	 0 	 0
0.382 	 0.202 	 0 	 0
0.38225 	 0.20225 	 0 	 0
0.3825 	 0.2025 	 0 	 0
0.38275 	 0.20275 	 0 	 0
0.383 	 0.203 	 0 	 0
0.38325 	 0.20325 	 0 	 0
0.3835 	 0.2035 	 0 	 0
0.38375 	 0.20375 	 0 	 0
0.384 	 0.204 	 0 	 0
0.38425 	 0.20425 	 0 	 0
0.3845 	 0.2045 	 0 	 0
0.38475 	 0.20475 	 0 	 0
0.385 	 0.205 	 0 	 0
0.38525 	 0.20525 	 0 	 0
0.3855 	 0.2055 	 0 	 0
0.38575 	 0.20575 	 0 	 0
0.386 	 0.206 	 0 	 0
0.38625 	 0.20625 	 0 	 0
0.3865 	 0.2065 	 0 	 0
0.38675 	 0.20675 	 0 	 0
0.387 	 0.207 	 0 	 0
0.38725 	 0.20725 	 0 	 0
0.3875 	 0.2075 	 0 	 0
0.38775 	 0.20775 	 0 	 0
0.388 	 0.208 	 0 	 0
0.38825 	 0.20825 	 0 	 0
0.3885 	 0.2085 	 0 	 0
0.38875 	 0.20875 	 0 	 0
0.389 	 0.209 	 0 	 0
0.38925 	 0.20925 	 0 	 0
0.3895 	 0.2095 	 0 	 0
0.38975 	 0.20975 	 0 	 0
0.39 	 0.21 	 0 	 0
0.39025 	 0.21025 	 0 	 0
0.3905 	 0.2105 	 0 	 0
0.39075 	 0.21075 	 0 	 0
0.391 	 0.211 	 0 	 0
0.39125 	 0.21125 	 0 	 0
0.3915 	 0.2115 	 0 	 0
0.39175 	 0.21175 	 0 	 0
0.392 	 0.212 	 0 	 0
0.39225 	 0.21225 	 0 	 0
0.3925 	 0.2125 	 0 	 0
0.39275 	 0.21275 	 0 	 0
0.393 	 0.213 	 0 	 0
0.39325 	 0.21325 	 0 	 0
0.3935 	 0.2135 	 0 	 0
0.39375 	 0.21375 	 0 	 0
0.394 	 0.214 	 0 	 0
0.39425 	 0.21425 	 0 	 0
0.3945 	 0.2145 	 0 	 0
0.39475 	 0.21475 	 0 	 0
0.395 	 0.215 	 0 	 0
0.39525 	 0.21525 	 0 	 0
0.3955 	 0.2155 	 0 	 0
0.39575 	 0.21575 	 0 	 0
0.396 	 0.216 	 0 	 0
0.39625 	 0.21625 	 0 	 0
0.3965 	 0.2165 	 0 	 0
0.39675 	 0.21675 	 0 	 0
0.397 	 0.217 	 0 	 0
0.39725 	 0.21725 	 0 	 0
0.3975 	 0.2175 	 0 	 0
0.39775 	 0.21775 	 0 	 0
0.398 	 0.218 	 0 	 0
0.39825 	 0.21825 	 0 	 0
0.3985 	 0.2185 	 0 	 0
0.39875 	 0.21875 	 0 	 0
0.399 	 0.219 	 0 	 0
0.39925 	 0.21925 	 0 	 0
0.3995 	 0.2195 	 0 	 0
0.39975 	 0.21975 	 0 	 0
0.4 	 0.22 	 0 	 0
0.40025 	 0.22025 	 0 	 0
0.4005 	 0.2205 	 0 	 0
0.40075 	 0.22075 	 0 	 0
0.401 	 0.221 	 0 	 0
0.40125 	 0.22125 	 0 	 0
0.4015 	 0.2215 	 0 	 0
0.40175 	 0.22175 	 0 	 0
0.402 	 0.222 	 0 	 0
0.40225 	 0.22225 	 0 	 0
0.4025 	 0.2225 	 0 	 0
0.40275 	 0.22275 	 0 	 0
0.403 	 0.223 	 0 	 0
0.40325 	 0.22325 	 0 	 0
0.4035 	 0.2235 	 0 	 0
0.40375 	 0.22375 	 0 	 0
0.404 	 0.224 	 0 	 0
0.40425 	 0.22425 	 0 	 0
0.4045 	 0.2245 	 0 	 0
0.40475 	 0.22475 	 0 	 0
0.405 	 0.225 	 0 	 0
0.40525 	 0.22525 	 0 	 0
0.4055 	 0.2255 	 0 	 0
0.40575 	 0.22575 	 0 	 0
0.406 	 0.226 	 0 	 0
0.40625 	 0.22625 	 0 	 0
0.4065 	 0.2265 	 0 	 0
0.40675 	 0.22675 	 0 	 0
0.407 	 0.227 	 0 	 0
0.40725 	 0.22725 	 0 	 0
0.4075 	 0.2275 	 0 	 0
0.40775 	 0.22775 	 0 	 0
0.408 	 0.228 	 0 	 0
0.40825 	 0.22825 	 0 	 0
0.4085 	 0.2285 	 0 	 0
0.40875 	 0.22875 	 0 	 0
0.409 	 0.229 	 0 	 0
0.40925 	 0.22925 	 0 	 0
0.4095 	 0.2295 	 0 	 0
0.40975 	 0.22975 	 0 	 0
0.41 	 0.23 	 0 	 0
0.41025 	 0.23025 	 0 	 0
0.4105 	 0.2305 	 0 	 0
0.41075 	 0.23075 	 0 	 0
0.411 	 0.231 	 0 	 0
0.41125 	 0.23125 	 0 	 0
0.4115 	 0.2315 	 0 	 0
0.41175 	 0.23175 	 0 	 0
0.412 	 0.232 	 0 	 0
0.41225 	 0.23225 	 0 	 0
0.4125 	 0.2325 	 0 	 0
0.41275 	 0.23275 	 0 	 0
0.413 	 0.233 	 0 	 0
0.41325 	 0.23325 	 0 	 0
0.4135 	 0.2335 	 0 	 0
0.41375 	 0.23375 	 0 	 0
