# FILE:  main_ispGauss_DGaO2016.py
# TIME:  Tue May 10 08:21:51 2016
# COMPUTATIONAL DOMAIN ----------------------------------------
# zMax   = 0.15
# rhoMax = 0.25
# Nz     = 600
# Nrho   = 5000
# Nphi   = 36
# LAYER PROPERTIES --------------------------------------------
# zIni   = 0.0
# zFin   = 0.1
# ma     = 20.0
# c0      = 1.0
# BEAM PARAMETERS ---------------------------------------------
# a    = 0.1
# MEASUREMENT PARAMETERS --------------------------------------
# zD   = -0.14
# dw   = 0.005
# OPTOACOUSTIC PARAMETERS -------------------------------------
# wD   = 28.0
# D    = 1.4
# SIMULATION RESULTS ------------------------------------------
# (t) 	 (c tau) 	 (p0(ctau)) 	 (p(rD,t))
0 	 -0.14 	 0 	 0
0.00025 	 -0.13975 	 0 	 0
0.0005 	 -0.1395 	 0 	 0
0.00075 	 -0.13925 	 0 	 0
0.001 	 -0.139 	 0 	 0
0.00125 	 -0.13875 	 0 	 0
0.0015 	 -0.1385 	 0 	 0
0.00175 	 -0.13825 	 0 	 0
0.002 	 -0.138 	 0 	 0
0.00225 	 -0.13775 	 0 	 0
0.0025 	 -0.1375 	 0 	 0
0.00275 	 -0.13725 	 0 	 0
0.003 	 -0.137 	 0 	 0
0.00325 	 -0.13675 	 0 	 0
0.0035 	 -0.1365 	 0 	 0
0.00375 	 -0.13625 	 0 	 0
0.004 	 -0.136 	 0 	 0
0.00425 	 -0.13575 	 0 	 0
0.0045 	 -0.1355 	 0 	 0
0.00475 	 -0.13525 	 0 	 0
0.005 	 -0.135 	 0 	 0
0.00525 	 -0.13475 	 0 	 0
0.0055 	 -0.1345 	 0 	 0
0.00575 	 -0.13425 	 0 	 0
0.006 	 -0.134 	 0 	 0
0.00625 	 -0.13375 	 0 	 0
0.0065 	 -0.1335 	 0 	 0
0.00675 	 -0.13325 	 0 	 0
0.007 	 -0.133 	 0 	 0
0.00725 	 -0.13275 	 0 	 0
0.0075 	 -0.1325 	 0 	 0
0.00775 	 -0.13225 	 0 	 0
0.008 	 -0.132 	 0 	 0
0.00825 	 -0.13175 	 0 	 0
0.0085 	 -0.1315 	 0 	 0
0.00875 	 -0.13125 	 0 	 0
0.009 	 -0.131 	 0 	 0
0.00925 	 -0.13075 	 0 	 0
0.0095 	 -0.1305 	 0 	 0
0.00975 	 -0.13025 	 0 	 0
0.01 	 -0.13 	 0 	 0
0.01025 	 -0.12975 	 0 	 0
0.0105 	 -0.1295 	 0 	 0
0.01075 	 -0.12925 	 0 	 0
0.011 	 -0.129 	 0 	 0
0.01125 	 -0.12875 	 0 	 0
0.0115 	 -0.1285 	 0 	 0
0.01175 	 -0.12825 	 0 	 0
0.012 	 -0.128 	 0 	 0
0.01225 	 -0.12775 	 0 	 0
0.0125 	 -0.1275 	 0 	 0
0.01275 	 -0.12725 	 0 	 0
0.013 	 -0.127 	 0 	 0
0.01325 	 -0.12675 	 0 	 0
0.0135 	 -0.1265 	 0 	 0
0.01375 	 -0.12625 	 0 	 0
0.014 	 -0.126 	 0 	 0
0.01425 	 -0.12575 	 0 	 0
0.0145 	 -0.1255 	 0 	 0
0.01475 	 -0.12525 	 0 	 0
0.015 	 -0.125 	 0 	 0
0.01525 	 -0.12475 	 0 	 0
0.0155 	 -0.1245 	 0 	 0
0.01575 	 -0.12425 	 0 	 0
0.016 	 -0.124 	 0 	 0
0.01625 	 -0.12375 	 0 	 0
0.0165 	 -0.1235 	 0 	 0
0.01675 	 -0.12325 	 0 	 0
0.017 	 -0.123 	 0 	 0
0.01725 	 -0.12275 	 0 	 0
0.0175 	 -0.1225 	 0 	 0
0.01775 	 -0.12225 	 0 	 0
0.018 	 -0.122 	 0 	 0
0.01825 	 -0.12175 	 0 	 0
0.0185 	 -0.1215 	 0 	 0
0.01875 	 -0.12125 	 0 	 0
0.019 	 -0.121 	 0 	 0
0.01925 	 -0.12075 	 0 	 0
0.0195 	 -0.1205 	 0 	 0
0.01975 	 -0.12025 	 0 	 0
0.02 	 -0.12 	 0 	 0
0.02025 	 -0.11975 	 0 	 0
0.0205 	 -0.1195 	 0 	 0
0.02075 	 -0.11925 	 0 	 0
0.021 	 -0.119 	 0 	 0
0.02125 	 -0.11875 	 0 	 0
0.0215 	 -0.1185 	 0 	 0
0.02175 	 -0.11825 	 0 	 0
0.022 	 -0.118 	 0 	 0
0.02225 	 -0.11775 	 0 	 0
0.0225 	 -0.1175 	 0 	 0
0.02275 	 -0.11725 	 0 	 0
0.023 	 -0.117 	 0 	 0
0.02325 	 -0.11675 	 0 	 0
0.0235 	 -0.1165 	 0 	 0
0.02375 	 -0.11625 	 0 	 0
0.024 	 -0.116 	 0 	 0
0.02425 	 -0.11575 	 0 	 0
0.0245 	 -0.1155 	 0 	 0
0.02475 	 -0.11525 	 0 	 0
0.025 	 -0.115 	 0 	 0
0.02525 	 -0.11475 	 0 	 0
0.0255 	 -0.1145 	 0 	 0
0.02575 	 -0.11425 	 0 	 0
0.026 	 -0.114 	 0 	 0
0.02625 	 -0.11375 	 0 	 0
0.0265 	 -0.1135 	 0 	 0
0.02675 	 -0.11325 	 0 	 0
0.027 	 -0.113 	 0 	 0
0.02725 	 -0.11275 	 0 	 0
0.0275 	 -0.1125 	 0 	 0
0.02775 	 -0.11225 	 0 	 0
0.028 	 -0.112 	 0 	 0
0.02825 	 -0.11175 	 0 	 0
0.0285 	 -0.1115 	 0 	 0
0.02875 	 -0.11125 	 0 	 0
0.029 	 -0.111 	 0 	 0
0.02925 	 -0.11075 	 0 	 0
0.0295 	 -0.1105 	 0 	 0
0.02975 	 -0.11025 	 0 	 0
0.03 	 -0.11 	 0 	 0
0.03025 	 -0.10975 	 0 	 0
0.0305 	 -0.1095 	 0 	 0
0.03075 	 -0.10925 	 0 	 0
0.031 	 -0.109 	 0 	 0
0.03125 	 -0.10875 	 0 	 0
0.0315 	 -0.1085 	 0 	 0
0.03175 	 -0.10825 	 0 	 0
0.032 	 -0.108 	 0 	 0
0.03225 	 -0.10775 	 0 	 0
0.0325 	 -0.1075 	 0 	 0
0.03275 	 -0.10725 	 0 	 0
0.033 	 -0.107 	 0 	 0
0.03325 	 -0.10675 	 0 	 0
0.0335 	 -0.1065 	 0 	 0
0.03375 	 -0.10625 	 0 	 0
0.034 	 -0.106 	 0 	 0
0.03425 	 -0.10575 	 0 	 0
0.0345 	 -0.1055 	 0 	 0
0.03475 	 -0.10525 	 0 	 0
0.035 	 -0.105 	 0 	 0
0.03525 	 -0.10475 	 0 	 0
0.0355 	 -0.1045 	 0 	 0
0.03575 	 -0.10425 	 0 	 0
0.036 	 -0.104 	 0 	 0
0.03625 	 -0.10375 	 0 	 0
0.0365 	 -0.1035 	 0 	 0
0.03675 	 -0.10325 	 0 	 0
0.037 	 -0.103 	 0 	 0
0.03725 	 -0.10275 	 0 	 0
0.0375 	 -0.1025 	 0 	 0
0.03775 	 -0.10225 	 0 	 0
0.038 	 -0.102 	 0 	 0
0.03825 	 -0.10175 	 0 	 0
0.0385 	 -0.1015 	 0 	 0
0.03875 	 -0.10125 	 0 	 0
0.039 	 -0.101 	 0 	 0
0.03925 	 -0.10075 	 0 	 0
0.0395 	 -0.1005 	 0 	 0
0.03975 	 -0.10025 	 0 	 0
0.04 	 -0.1 	 0 	 0
0.04025 	 -0.09975 	 0 	 0
0.0405 	 -0.0995 	 0 	 0
0.04075 	 -0.09925 	 0 	 0
0.041 	 -0.099 	 0 	 0
0.04125 	 -0.09875 	 0 	 0
0.0415 	 -0.0985 	 0 	 0
0.04175 	 -0.09825 	 0 	 0
0.042 	 -0.098 	 0 	 0
0.04225 	 -0.09775 	 0 	 0
0.0425 	 -0.0975 	 0 	 0
0.04275 	 -0.09725 	 0 	 0
0.043 	 -0.097 	 0 	 0
0.04325 	 -0.09675 	 0 	 0
0.0435 	 -0.0965 	 0 	 0
0.04375 	 -0.09625 	 0 	 0
0.044 	 -0.096 	 0 	 0
0.04425 	 -0.09575 	 0 	 0
0.0445 	 -0.0955 	 0 	 0
0.04475 	 -0.09525 	 0 	 0
0.045 	 -0.095 	 0 	 0
0.04525 	 -0.09475 	 0 	 0
0.0455 	 -0.0945 	 0 	 0
0.04575 	 -0.09425 	 0 	 0
0.046 	 -0.094 	 0 	 0
0.04625 	 -0.09375 	 0 	 0
0.0465 	 -0.0935 	 0 	 0
0.04675 	 -0.09325 	 0 	 0
0.047 	 -0.093 	 0 	 0
0.04725 	 -0.09275 	 0 	 0
0.0475 	 -0.0925 	 0 	 0
0.04775 	 -0.09225 	 0 	 0
0.048 	 -0.092 	 0 	 0
0.04825 	 -0.09175 	 0 	 0
0.0485 	 -0.0915 	 0 	 0
0.04875 	 -0.09125 	 0 	 0
0.049 	 -0.091 	 0 	 0
0.04925 	 -0.09075 	 0 	 0
0.0495 	 -0.0905 	 0 	 0
0.04975 	 -0.09025 	 0 	 0
0.05 	 -0.09 	 0 	 0
0.05025 	 -0.08975 	 0 	 0
0.0505 	 -0.0895 	 0 	 0
0.05075 	 -0.08925 	 0 	 0
0.051 	 -0.089 	 0 	 0
0.05125 	 -0.08875 	 0 	 0
0.0515 	 -0.0885 	 0 	 0
0.05175 	 -0.08825 	 0 	 0
0.052 	 -0.088 	 0 	 0
0.05225 	 -0.08775 	 0 	 0
0.0525 	 -0.0875 	 0 	 0
0.05275 	 -0.08725 	 0 	 0
0.053 	 -0.087 	 0 	 0
0.05325 	 -0.08675 	 0 	 0
0.0535 	 -0.0865 	 0 	 0
0.05375 	 -0.08625 	 0 	 0
0.054 	 -0.086 	 0 	 0
0.05425 	 -0.08575 	 0 	 0
0.0545 	 -0.0855 	 0 	 0
0.05475 	 -0.08525 	 0 	 0
0.055 	 -0.085 	 0 	 0
0.05525 	 -0.08475 	 0 	 0
0.0555 	 -0.0845 	 0 	 0
0.05575 	 -0.08425 	 0 	 0
0.056 	 -0.084 	 0 	 0
0.05625 	 -0.08375 	 0 	 0
0.0565 	 -0.0835 	 0 	 0
0.05675 	 -0.08325 	 0 	 0
0.057 	 -0.083 	 0 	 0
0.05725 	 -0.08275 	 0 	 0
0.0575 	 -0.0825 	 0 	 0
0.05775 	 -0.08225 	 0 	 0
0.058 	 -0.082 	 0 	 0
0.05825 	 -0.08175 	 0 	 0
0.0585 	 -0.0815 	 0 	 0
0.05875 	 -0.08125 	 0 	 0
0.059 	 -0.081 	 0 	 0
0.05925 	 -0.08075 	 0 	 0
0.0595 	 -0.0805 	 0 	 0
0.05975 	 -0.08025 	 0 	 0
0.06 	 -0.08 	 0 	 0
0.06025 	 -0.07975 	 0 	 0
0.0605 	 -0.0795 	 0 	 0
0.06075 	 -0.07925 	 0 	 0
0.061 	 -0.079 	 0 	 0
0.06125 	 -0.07875 	 0 	 0
0.0615 	 -0.0785 	 0 	 0
0.06175 	 -0.07825 	 0 	 0
0.062 	 -0.078 	 0 	 0
0.06225 	 -0.07775 	 0 	 0
0.0625 	 -0.0775 	 0 	 0
0.06275 	 -0.07725 	 0 	 0
0.063 	 -0.077 	 0 	 0
0.06325 	 -0.07675 	 0 	 0
0.0635 	 -0.0765 	 0 	 0
0.06375 	 -0.07625 	 0 	 0
0.064 	 -0.076 	 0 	 0
0.06425 	 -0.07575 	 0 	 0
0.0645 	 -0.0755 	 0 	 0
0.06475 	 -0.07525 	 0 	 0
0.065 	 -0.075 	 0 	 0
0.06525 	 -0.07475 	 0 	 0
0.0655 	 -0.0745 	 0 	 0
0.06575 	 -0.07425 	 0 	 0
0.066 	 -0.074 	 0 	 0
0.06625 	 -0.07375 	 0 	 0
0.0665 	 -0.0735 	 0 	 0
0.06675 	 -0.07325 	 0 	 0
0.067 	 -0.073 	 0 	 0
0.06725 	 -0.07275 	 0 	 0
0.0675 	 -0.0725 	 0 	 0
0.06775 	 -0.07225 	 0 	 0
0.068 	 -0.072 	 0 	 0
0.06825 	 -0.07175 	 0 	 0
0.0685 	 -0.0715 	 0 	 0
0.06875 	 -0.07125 	 0 	 0
0.069 	 -0.071 	 0 	 0
0.06925 	 -0.07075 	 0 	 0
0.0695 	 -0.0705 	 0 	 0
0.06975 	 -0.07025 	 0 	 0
0.07 	 -0.07 	 0 	 0
0.07025 	 -0.06975 	 0 	 0
0.0705 	 -0.0695 	 0 	 0
0.07075 	 -0.06925 	 0 	 0
0.071 	 -0.069 	 0 	 0
0.07125 	 -0.06875 	 0 	 0
0.0715 	 -0.0685 	 0 	 0
0.07175 	 -0.06825 	 0 	 0
0.072 	 -0.068 	 0 	 0
0.07225 	 -0.06775 	 0 	 0
0.0725 	 -0.0675 	 0 	 0
0.07275 	 -0.06725 	 0 	 0
0.073 	 -0.067 	 0 	 0
0.07325 	 -0.06675 	 0 	 0
0.0735 	 -0.0665 	 0 	 0
0.07375 	 -0.06625 	 0 	 0
0.074 	 -0.066 	 0 	 0
0.07425 	 -0.06575 	 0 	 0
0.0745 	 -0.0655 	 0 	 0
0.07475 	 -0.06525 	 0 	 0
0.075 	 -0.065 	 0 	 0
0.07525 	 -0.06475 	 0 	 0
0.0755 	 -0.0645 	 0 	 0
0.07575 	 -0.06425 	 0 	 0
0.076 	 -0.064 	 0 	 0
0.07625 	 -0.06375 	 0 	 0
0.0765 	 -0.0635 	 0 	 0
0.07675 	 -0.06325 	 0 	 0
0.077 	 -0.063 	 0 	 0
0.07725 	 -0.06275 	 0 	 0
0.0775 	 -0.0625 	 0 	 0
0.07775 	 -0.06225 	 0 	 0
0.078 	 -0.062 	 0 	 0
0.07825 	 -0.06175 	 0 	 0
0.0785 	 -0.0615 	 0 	 0
0.07875 	 -0.06125 	 0 	 0
0.079 	 -0.061 	 0 	 0
0.07925 	 -0.06075 	 0 	 0
0.0795 	 -0.0605 	 0 	 0
0.07975 	 -0.06025 	 0 	 0
0.08 	 -0.06 	 0 	 0
0.08025 	 -0.05975 	 0 	 0
0.0805 	 -0.0595 	 0 	 0
0.08075 	 -0.05925 	 0 	 0
0.081 	 -0.059 	 0 	 0
0.08125 	 -0.05875 	 0 	 0
0.0815 	 -0.0585 	 0 	 0
0.08175 	 -0.05825 	 0 	 0
0.082 	 -0.058 	 0 	 0
0.08225 	 -0.05775 	 0 	 0
0.0825 	 -0.0575 	 0 	 0
0.08275 	 -0.05725 	 0 	 0
0.083 	 -0.057 	 0 	 0
0.08325 	 -0.05675 	 0 	 0
0.0835 	 -0.0565 	 0 	 0
0.08375 	 -0.05625 	 0 	 0
0.084 	 -0.056 	 0 	 0
0.08425 	 -0.05575 	 0 	 0
0.0845 	 -0.0555 	 0 	 0
0.08475 	 -0.05525 	 0 	 0
0.085 	 -0.055 	 0 	 0
0.08525 	 -0.05475 	 0 	 0
0.0855 	 -0.0545 	 0 	 0
0.08575 	 -0.05425 	 0 	 0
0.086 	 -0.054 	 0 	 0
0.08625 	 -0.05375 	 0 	 0
0.0865 	 -0.0535 	 0 	 0
0.08675 	 -0.05325 	 0 	 0
0.087 	 -0.053 	 0 	 0
0.08725 	 -0.05275 	 0 	 0
0.0875 	 -0.0525 	 0 	 0
0.08775 	 -0.05225 	 0 	 0
0.088 	 -0.052 	 0 	 0
0.08825 	 -0.05175 	 0 	 0
0.0885 	 -0.0515 	 0 	 0
0.08875 	 -0.05125 	 0 	 0
0.089 	 -0.051 	 0 	 0
0.08925 	 -0.05075 	 0 	 0
0.0895 	 -0.0505 	 0 	 0
0.08975 	 -0.05025 	 0 	 0
0.09 	 -0.05 	 0 	 0
0.09025 	 -0.04975 	 0 	 0
0.0905 	 -0.0495 	 0 	 0
0.09075 	 -0.04925 	 0 	 0
0.091 	 -0.049 	 0 	 0
0.09125 	 -0.04875 	 0 	 0
0.0915 	 -0.0485 	 0 	 0
0.09175 	 -0.04825 	 0 	 0
0.092 	 -0.048 	 0 	 0
0.09225 	 -0.04775 	 0 	 0
0.0925 	 -0.0475 	 0 	 0
0.09275 	 -0.04725 	 0 	 0
0.093 	 -0.047 	 0 	 0
0.09325 	 -0.04675 	 0 	 0
0.0935 	 -0.0465 	 0 	 0
0.09375 	 -0.04625 	 0 	 0
0.094 	 -0.046 	 0 	 0
0.09425 	 -0.04575 	 0 	 0
0.0945 	 -0.0455 	 0 	 0
0.09475 	 -0.04525 	 0 	 0
0.095 	 -0.045 	 0 	 0
0.09525 	 -0.04475 	 0 	 0
0.0955 	 -0.0445 	 0 	 0
0.09575 	 -0.04425 	 0 	 0
0.096 	 -0.044 	 0 	 0
0.09625 	 -0.04375 	 0 	 0
0.0965 	 -0.0435 	 0 	 0
0.09675 	 -0.04325 	 0 	 0
0.097 	 -0.043 	 0 	 0
0.09725 	 -0.04275 	 0 	 0
0.0975 	 -0.0425 	 0 	 0
0.09775 	 -0.04225 	 0 	 0
0.098 	 -0.042 	 0 	 0
0.09825 	 -0.04175 	 0 	 0
0.0985 	 -0.0415 	 0 	 0
0.09875 	 -0.04125 	 0 	 0
0.099 	 -0.041 	 0 	 0
0.09925 	 -0.04075 	 0 	 0
0.0995 	 -0.0405 	 0 	 0
0.09975 	 -0.04025 	 0 	 0
0.1 	 -0.04 	 0 	 0
0.10025 	 -0.03975 	 0 	 0
0.1005 	 -0.0395 	 0 	 0
0.10075 	 -0.03925 	 0 	 0
0.101 	 -0.039 	 0 	 0
0.10125 	 -0.03875 	 0 	 0
0.1015 	 -0.0385 	 0 	 0
0.10175 	 -0.03825 	 0 	 0
0.102 	 -0.038 	 0 	 0
0.10225 	 -0.03775 	 0 	 0
0.1025 	 -0.0375 	 0 	 0
0.10275 	 -0.03725 	 0 	 0
0.103 	 -0.037 	 0 	 0
0.10325 	 -0.03675 	 0 	 0
0.1035 	 -0.0365 	 0 	 0
0.10375 	 -0.03625 	 0 	 0
0.104 	 -0.036 	 0 	 0
0.10425 	 -0.03575 	 0 	 0
0.1045 	 -0.0355 	 0 	 0
0.10475 	 -0.03525 	 0 	 0
0.105 	 -0.035 	 0 	 0
0.10525 	 -0.03475 	 0 	 0
0.1055 	 -0.0345 	 0 	 0
0.10575 	 -0.03425 	 0 	 0
0.106 	 -0.034 	 0 	 0
0.10625 	 -0.03375 	 0 	 0
0.1065 	 -0.0335 	 0 	 0
0.10675 	 -0.03325 	 0 	 0
0.107 	 -0.033 	 0 	 0
0.10725 	 -0.03275 	 0 	 0
0.1075 	 -0.0325 	 0 	 0
0.10775 	 -0.03225 	 0 	 0
0.108 	 -0.032 	 0 	 0
0.10825 	 -0.03175 	 0 	 0
0.1085 	 -0.0315 	 0 	 0
0.10875 	 -0.03125 	 0 	 0
0.109 	 -0.031 	 0 	 0
0.10925 	 -0.03075 	 0 	 0
0.1095 	 -0.0305 	 0 	 0
0.10975 	 -0.03025 	 0 	 0
0.11 	 -0.03 	 0 	 0
0.11025 	 -0.02975 	 0 	 0
0.1105 	 -0.0295 	 0 	 0
0.11075 	 -0.02925 	 0 	 0
0.111 	 -0.029 	 0 	 0
0.11125 	 -0.02875 	 0 	 0
0.1115 	 -0.0285 	 0 	 0
0.11175 	 -0.02825 	 0 	 0
0.112 	 -0.028 	 0 	 0
0.11225 	 -0.02775 	 0 	 0
0.1125 	 -0.0275 	 0 	 0
0.11275 	 -0.02725 	 0 	 0
0.113 	 -0.027 	 0 	 0
0.11325 	 -0.02675 	 0 	 0
0.1135 	 -0.0265 	 0 	 0
0.11375 	 -0.02625 	 0 	 0
0.114 	 -0.026 	 0 	 0
0.11425 	 -0.02575 	 0 	 0
0.1145 	 -0.0255 	 0 	 0
0.11475 	 -0.02525 	 0 	 0
0.115 	 -0.025 	 0 	 0
0.11525 	 -0.02475 	 0 	 0
0.1155 	 -0.0245 	 0 	 0
0.11575 	 -0.02425 	 0 	 0
0.116 	 -0.024 	 0 	 0
0.11625 	 -0.02375 	 0 	 0
0.1165 	 -0.0235 	 0 	 0
0.11675 	 -0.02325 	 0 	 0
0.117 	 -0.023 	 0 	 0
0.11725 	 -0.02275 	 0 	 0
0.1175 	 -0.0225 	 0 	 0
0.11775 	 -0.02225 	 0 	 0
0.118 	 -0.022 	 0 	 0
0.11825 	 -0.02175 	 0 	 0
0.1185 	 -0.0215 	 0 	 0
0.11875 	 -0.02125 	 0 	 0
0.119 	 -0.021 	 0 	 0
0.11925 	 -0.02075 	 0 	 0
0.1195 	 -0.0205 	 0 	 0
0.11975 	 -0.02025 	 0 	 0
0.12 	 -0.02 	 0 	 0
0.12025 	 -0.01975 	 0 	 0
0.1205 	 -0.0195 	 0 	 0
0.12075 	 -0.01925 	 0 	 0
0.121 	 -0.019 	 0 	 0
0.12125 	 -0.01875 	 0 	 0
0.1215 	 -0.0185 	 0 	 0
0.12175 	 -0.01825 	 0 	 0
0.122 	 -0.018 	 0 	 0
0.12225 	 -0.01775 	 0 	 0
0.1225 	 -0.0175 	 0 	 0
0.12275 	 -0.01725 	 0 	 0
0.123 	 -0.017 	 0 	 0
0.12325 	 -0.01675 	 0 	 0
0.1235 	 -0.0165 	 0 	 0
0.12375 	 -0.01625 	 0 	 0
0.124 	 -0.016 	 0 	 0
0.12425 	 -0.01575 	 0 	 0
0.1245 	 -0.0155 	 0 	 0
0.12475 	 -0.01525 	 0 	 0
0.125 	 -0.015 	 0 	 0
0.12525 	 -0.01475 	 0 	 0
0.1255 	 -0.0145 	 0 	 0
0.12575 	 -0.01425 	 0 	 0
0.126 	 -0.014 	 0 	 0
0.12625 	 -0.01375 	 0 	 0
0.1265 	 -0.0135 	 0 	 0
0.12675 	 -0.01325 	 0 	 0
0.127 	 -0.013 	 0 	 0
0.12725 	 -0.01275 	 0 	 0
0.1275 	 -0.0125 	 0 	 0
0.12775 	 -0.01225 	 0 	 0
0.128 	 -0.012 	 0 	 0
0.12825 	 -0.01175 	 0 	 0
0.1285 	 -0.0115 	 0 	 0
0.12875 	 -0.01125 	 0 	 0
0.129 	 -0.011 	 0 	 0
0.12925 	 -0.01075 	 0 	 0
0.1295 	 -0.0105 	 0 	 0
0.12975 	 -0.01025 	 0 	 0
0.13 	 -0.01 	 0 	 0
0.13025 	 -0.00975 	 0 	 0
0.1305 	 -0.0095 	 0 	 0
0.13075 	 -0.00925 	 0 	 0
0.131 	 -0.009 	 0 	 0
0.13125 	 -0.00875 	 0 	 0
0.1315 	 -0.0085 	 0 	 0
0.13175 	 -0.00825 	 0 	 0
0.132 	 -0.008 	 0 	 0
0.13225 	 -0.00775 	 0 	 0
0.1325 	 -0.0075 	 0 	 0
0.13275 	 -0.00725 	 0 	 0
0.133 	 -0.007 	 0 	 0
0.13325 	 -0.00675 	 0 	 0
0.1335 	 -0.0065 	 0 	 0
0.13375 	 -0.00625 	 0 	 0
0.134 	 -0.006 	 0 	 0
0.13425 	 -0.00575 	 0 	 0
0.1345 	 -0.0055 	 0 	 0
0.13475 	 -0.00525 	 0 	 0
0.135 	 -0.005 	 0 	 0
0.13525 	 -0.00475 	 0 	 0
0.1355 	 -0.0045 	 0 	 0
0.13575 	 -0.00425 	 0 	 0
0.136 	 -0.004 	 0 	 0
0.13625 	 -0.00375 	 0 	 0
0.1365 	 -0.0035 	 0 	 0
0.13675 	 -0.00325 	 0 	 0
0.137 	 -0.003 	 0 	 0
0.13725 	 -0.00275 	 0 	 3.91758e-05
0.1375 	 -0.0025 	 0 	 0.000116867
0.13775 	 -0.00225 	 0 	 0.00019494
0.138 	 -0.002 	 0 	 0.000271946
0.13825 	 -0.00175 	 0 	 0.000346913
0.1385 	 -0.0015 	 0 	 0.000422398
0.13875 	 -0.00125 	 0 	 0.000500241
0.139 	 -0.001 	 0 	 0.000573701
0.13925 	 -0.00075 	 0 	 0.00064765
0.1395 	 -0.0005 	 0 	 0.000723014
0.13975 	 -0.00025 	 0 	 0.000791927
0.14 	 0 	 1 	 0.000867791
0.14025 	 0.00025 	 1 	 0.000940348
0.1405 	 0.0005 	 1 	 0.00100943
0.14075 	 0.00075 	 1 	 0.00108237
0.141 	 0.001 	 1 	 0.00115366
0.14125 	 0.00125 	 1 	 0.00122108
0.1415 	 0.0015 	 1 	 0.00129445
0.14175 	 0.00175 	 1 	 0.00136237
0.142 	 0.002 	 1 	 0.00142442
0.14225 	 0.00225 	 1 	 0.0014575
0.1425 	 0.0025 	 1 	 0.00145017
0.14275 	 0.00275 	 1 	 0.00143761
0.143 	 0.003 	 1 	 0.00142331
0.14325 	 0.00325 	 1 	 0.00142034
0.1435 	 0.0035 	 1 	 0.00140627
0.14375 	 0.00375 	 1 	 0.00139083
0.144 	 0.004 	 1 	 0.00138703
0.14425 	 0.00425 	 1 	 0.00137347
0.1445 	 0.0045 	 1 	 0.00136355
0.14475 	 0.00475 	 1 	 0.00135649
0.145 	 0.005 	 1 	 0.00134277
0.14525 	 0.00525 	 1 	 0.00133607
0.1455 	 0.0055 	 1 	 0.0013272
0.14575 	 0.00575 	 1 	 0.00131335
0.146 	 0.006 	 1 	 0.00130204
0.14625 	 0.00625 	 1 	 0.00129623
0.1465 	 0.0065 	 1 	 0.00128145
0.14675 	 0.00675 	 1 	 0.00127087
0.147 	 0.007 	 1 	 0.0012654
0.14725 	 0.00725 	 1 	 0.00125304
0.1475 	 0.0075 	 1 	 0.00124932
0.14775 	 0.00775 	 1 	 0.00123837
0.148 	 0.008 	 1 	 0.00121954
0.14825 	 0.00825 	 1 	 0.00120952
0.1485 	 0.0085 	 1 	 0.00121454
0.14875 	 0.00875 	 1 	 0.00119905
0.149 	 0.009 	 1 	 0.00118213
0.14925 	 0.00925 	 1 	 0.00117865
0.1495 	 0.0095 	 1 	 0.00116659
0.14975 	 0.00975 	 1 	 0.0011598
0.15 	 0.01 	 1 	 0.00114773
0.15025 	 0.01025 	 1 	 0.00113392
0.1505 	 0.0105 	 1 	 0.00112718
0.15075 	 0.01075 	 1 	 0.00112067
0.151 	 0.011 	 1 	 0.00111669
0.15125 	 0.01125 	 1 	 0.00110784
0.1515 	 0.0115 	 1 	 0.00109417
0.15175 	 0.01175 	 1 	 0.00108861
0.152 	 0.012 	 1 	 0.00107811
0.15225 	 0.01225 	 1 	 0.00106377
0.1525 	 0.0125 	 1 	 0.00105214
0.15275 	 0.01275 	 1 	 0.00104327
0.153 	 0.013 	 1 	 0.00105069
0.15325 	 0.01325 	 1 	 0.00103062
0.1535 	 0.0135 	 1 	 0.00100717
0.15375 	 0.01375 	 1 	 0.00102659
0.154 	 0.014 	 1 	 0.00102039
0.15425 	 0.01425 	 1 	 0.000988142
0.1545 	 0.0145 	 1 	 0.00098768
0.15475 	 0.01475 	 1 	 0.000982793
0.155 	 0.015 	 1 	 0.000967066
0.15525 	 0.01525 	 1 	 0.000971673
0.1555 	 0.0155 	 1 	 0.000957726
0.15575 	 0.01575 	 1 	 0.000940632
0.156 	 0.016 	 1 	 0.00092955
0.15625 	 0.01625 	 1 	 0.000919298
0.1565 	 0.0165 	 1 	 0.000919858
0.15675 	 0.01675 	 1 	 0.000920884
0.157 	 0.017 	 1 	 0.000920822
0.15725 	 0.01725 	 1 	 0.000899504
0.1575 	 0.0175 	 1 	 0.000869817
0.15775 	 0.01775 	 1 	 0.000874609
0.158 	 0.018 	 1 	 0.000883538
0.15825 	 0.01825 	 1 	 0.000876247
0.1585 	 0.0185 	 1 	 0.000858089
0.15875 	 0.01875 	 1 	 0.000829631
0.159 	 0.019 	 1 	 0.00082823
0.15925 	 0.01925 	 1 	 0.000840349
0.1595 	 0.0195 	 1 	 0.000814529
0.15975 	 0.01975 	 1 	 0.000817318
0.16 	 0.02 	 1 	 0.000833092
0.16025 	 0.02025 	 1 	 0.00080159
0.1605 	 0.0205 	 1 	 0.000783578
0.16075 	 0.02075 	 1 	 0.000790983
0.161 	 0.021 	 1 	 0.000788266
0.16125 	 0.02125 	 1 	 0.000767246
0.1615 	 0.0215 	 1 	 0.000762185
0.16175 	 0.02175 	 1 	 0.000738599
0.162 	 0.022 	 1 	 0.000736627
0.16225 	 0.02225 	 1 	 0.000752713
0.1625 	 0.0225 	 1 	 0.000757446
0.16275 	 0.02275 	 1 	 0.000727734
0.163 	 0.023 	 1 	 0.000709805
0.16325 	 0.02325 	 1 	 0.000715531
0.1635 	 0.0235 	 1 	 0.000699805
0.16375 	 0.02375 	 1 	 0.000721474
0.164 	 0.024 	 1 	 0.0006896
0.16425 	 0.02425 	 1 	 0.000675589
0.1645 	 0.0245 	 1 	 0.00069755
0.16475 	 0.02475 	 1 	 0.000657938
0.165 	 0.025 	 1 	 0.000639769
0.16525 	 0.02525 	 1 	 0.00065145
0.1655 	 0.0255 	 1 	 0.000661493
0.16575 	 0.02575 	 1 	 0.000639993
0.166 	 0.026 	 1 	 0.000639048
0.16625 	 0.02625 	 1 	 0.000648859
0.1665 	 0.0265 	 1 	 0.000638214
0.16675 	 0.02675 	 1 	 0.000618167
0.167 	 0.027 	 1 	 0.000595182
0.16725 	 0.02725 	 1 	 0.000608171
0.1675 	 0.0275 	 1 	 0.000584155
0.16775 	 0.02775 	 1 	 0.00059408
0.168 	 0.028 	 1 	 0.000578579
0.16825 	 0.02825 	 1 	 0.000565234
0.1685 	 0.0285 	 1 	 0.000588723
0.16875 	 0.02875 	 1 	 0.000548977
0.169 	 0.029 	 1 	 0.000566903
0.16925 	 0.02925 	 1 	 0.000558092
0.1695 	 0.0295 	 1 	 0.000541212
0.16975 	 0.02975 	 1 	 0.00055676
0.17 	 0.03 	 1 	 0.000547341
0.17025 	 0.03025 	 1 	 0.000529762
0.1705 	 0.0305 	 1 	 0.000520225
0.17075 	 0.03075 	 1 	 0.000526811
0.171 	 0.031 	 1 	 0.000506182
0.17125 	 0.03125 	 1 	 0.000475771
0.1715 	 0.0315 	 1 	 0.0004732
0.17175 	 0.03175 	 1 	 0.000520871
0.172 	 0.032 	 1 	 0.000503162
0.17225 	 0.03225 	 1 	 0.000463408
0.1725 	 0.0325 	 1 	 0.000490666
0.17275 	 0.03275 	 1 	 0.000470904
0.173 	 0.033 	 1 	 0.000469994
0.17325 	 0.03325 	 1 	 0.000459575
0.1735 	 0.0335 	 1 	 0.000458219
0.17375 	 0.03375 	 1 	 0.000452948
0.174 	 0.034 	 1 	 0.000430229
0.17425 	 0.03425 	 1 	 0.000438408
0.1745 	 0.0345 	 1 	 0.000419054
0.17475 	 0.03475 	 1 	 0.000423639
0.175 	 0.035 	 1 	 0.00041647
0.17525 	 0.03525 	 1 	 0.000414203
0.1755 	 0.0355 	 1 	 0.000410305
0.17575 	 0.03575 	 1 	 0.00040272
0.176 	 0.036 	 1 	 0.000405567
0.17625 	 0.03625 	 1 	 0.000410001
0.1765 	 0.0365 	 1 	 0.000400244
0.17675 	 0.03675 	 1 	 0.000370238
0.177 	 0.037 	 1 	 0.000373425
0.17725 	 0.03725 	 1 	 0.00038071
0.1775 	 0.0375 	 1 	 0.000362547
0.17775 	 0.03775 	 1 	 0.000363021
0.178 	 0.038 	 1 	 0.000368528
0.17825 	 0.03825 	 1 	 0.000364288
0.1785 	 0.0385 	 1 	 0.000330584
0.17875 	 0.03875 	 1 	 0.000333191
0.179 	 0.039 	 1 	 0.00035607
0.17925 	 0.03925 	 1 	 0.000346743
0.1795 	 0.0395 	 1 	 0.000341624
0.17975 	 0.03975 	 1 	 0.000325347
0.18 	 0.04 	 1 	 0.000310272
0.18025 	 0.04025 	 1 	 0.000311574
0.1805 	 0.0405 	 1 	 0.00031823
0.18075 	 0.04075 	 1 	 0.000310198
0.181 	 0.041 	 1 	 0.000310382
0.18125 	 0.04125 	 1 	 0.000291324
0.1815 	 0.0415 	 1 	 0.000291057
0.18175 	 0.04175 	 1 	 0.000293549
0.182 	 0.042 	 1 	 0.00028741
0.18225 	 0.04225 	 1 	 0.000284024
0.1825 	 0.0425 	 1 	 0.000271213
0.18275 	 0.04275 	 1 	 0.000263929
0.183 	 0.043 	 1 	 0.000254842
0.18325 	 0.04325 	 1 	 0.000265848
0.1835 	 0.0435 	 1 	 0.000285665
0.18375 	 0.04375 	 1 	 0.0002586
0.184 	 0.044 	 1 	 0.000229826
0.18425 	 0.04425 	 1 	 0.000247968
0.1845 	 0.0445 	 1 	 0.000256177
0.18475 	 0.04475 	 1 	 0.000235912
0.185 	 0.045 	 1 	 0.000241566
0.18525 	 0.04525 	 1 	 0.000239684
0.1855 	 0.0455 	 1 	 0.000206488
0.18575 	 0.04575 	 1 	 0.000211937
0.186 	 0.046 	 1 	 0.000219263
0.18625 	 0.04625 	 1 	 0.000220214
0.1865 	 0.0465 	 1 	 0.00021763
0.18675 	 0.04675 	 1 	 0.000208736
0.187 	 0.047 	 1 	 0.000208659
0.18725 	 0.04725 	 1 	 0.00020241
0.1875 	 0.0475 	 1 	 0.000199809
0.18775 	 0.04775 	 1 	 0.000215696
0.188 	 0.048 	 1 	 0.000192265
0.18825 	 0.04825 	 1 	 0.000155231
0.1885 	 0.0485 	 1 	 0.00017876
0.18875 	 0.04875 	 1 	 0.000196541
0.189 	 0.049 	 1 	 0.000180097
0.18925 	 0.04925 	 1 	 0.000164156
0.1895 	 0.0495 	 1 	 0.000145367
0.18975 	 0.04975 	 1 	 0.000158082
0.19 	 0.05 	 1 	 0.000175483
0.19025 	 0.05025 	 1 	 0.000166016
0.1905 	 0.0505 	 1 	 0.000178439
0.19075 	 0.05075 	 1 	 0.000154248
0.191 	 0.051 	 1 	 0.000122732
0.19125 	 0.05125 	 1 	 0.000157015
0.1915 	 0.0515 	 1 	 0.000151221
0.19175 	 0.05175 	 1 	 0.000135413
0.192 	 0.052 	 1 	 0.00012709
0.19225 	 0.05225 	 1 	 0.000114343
0.1925 	 0.0525 	 1 	 0.000132752
0.19275 	 0.05275 	 1 	 0.000123887
0.193 	 0.053 	 1 	 0.000135643
0.19325 	 0.05325 	 1 	 0.000129994
0.1935 	 0.0535 	 1 	 9.43649e-05
0.19375 	 0.05375 	 1 	 0.000109562
0.194 	 0.054 	 1 	 0.000120284
0.19425 	 0.05425 	 1 	 0.000125128
0.1945 	 0.0545 	 1 	 0.000115773
0.19475 	 0.05475 	 1 	 9.40362e-05
0.195 	 0.055 	 1 	 9.76176e-05
0.19525 	 0.05525 	 1 	 9.34632e-05
0.1955 	 0.0555 	 1 	 8.9029e-05
0.19575 	 0.05575 	 1 	 9.30464e-05
0.196 	 0.056 	 1 	 9.6278e-05
0.19625 	 0.05625 	 1 	 8.14061e-05
0.1965 	 0.0565 	 1 	 6.99824e-05
0.19675 	 0.05675 	 1 	 7.6755e-05
0.197 	 0.057 	 1 	 9.13685e-05
0.19725 	 0.05725 	 1 	 8.52212e-05
0.1975 	 0.0575 	 1 	 6.23413e-05
0.19775 	 0.05775 	 1 	 7.30077e-05
0.198 	 0.058 	 1 	 6.06995e-05
0.19825 	 0.05825 	 1 	 7.26677e-05
0.1985 	 0.0585 	 1 	 7.33348e-05
0.19875 	 0.05875 	 1 	 4.01087e-05
0.199 	 0.059 	 1 	 5.80209e-05
0.19925 	 0.05925 	 1 	 5.13604e-05
0.1995 	 0.0595 	 1 	 5.65257e-05
0.19975 	 0.05975 	 1 	 6.24304e-05
0.2 	 0.06 	 1 	 3.89316e-05
0.20025 	 0.06025 	 1 	 3.74832e-05
0.2005 	 0.0605 	 1 	 3.82624e-05
0.20075 	 0.06075 	 1 	 3.4379e-05
0.201 	 0.061 	 1 	 4.80424e-05
0.20125 	 0.06125 	 1 	 4.6321e-05
0.2015 	 0.0615 	 1 	 3.09865e-05
0.20175 	 0.06175 	 1 	 3.70879e-05
0.202 	 0.062 	 1 	 2.387e-05
0.20225 	 0.06225 	 1 	 2.53853e-05
0.2025 	 0.0625 	 1 	 3.23124e-05
0.20275 	 0.06275 	 1 	 1.20131e-05
0.203 	 0.063 	 1 	 2.19906e-05
0.20325 	 0.06325 	 1 	 1.27902e-05
0.2035 	 0.0635 	 1 	 1.52518e-05
0.20375 	 0.06375 	 1 	 2.82457e-05
0.204 	 0.064 	 1 	 6.25317e-06
0.20425 	 0.06425 	 1 	 -1.09964e-06
0.2045 	 0.0645 	 1 	 2.27436e-06
0.20475 	 0.06475 	 1 	 2.13543e-05
0.205 	 0.065 	 1 	 9.05171e-06
0.20525 	 0.06525 	 1 	 -5.98889e-06
0.2055 	 0.0655 	 1 	 1.05041e-05
0.20575 	 0.06575 	 1 	 1.87828e-05
0.206 	 0.066 	 1 	 -1.86254e-05
0.20625 	 0.06625 	 1 	 -1.9461e-05
0.2065 	 0.0665 	 1 	 -4.79546e-06
0.20675 	 0.06675 	 1 	 -2.92909e-05
0.207 	 0.067 	 1 	 -2.18676e-06
0.20725 	 0.06725 	 1 	 -2.37025e-06
0.2075 	 0.0675 	 1 	 -1.42122e-05
0.20775 	 0.06775 	 1 	 -2.58947e-05
0.208 	 0.068 	 1 	 -2.60951e-05
0.20825 	 0.06825 	 1 	 -5.11621e-06
0.2085 	 0.0685 	 1 	 -7.89859e-06
0.20875 	 0.06875 	 1 	 -7.25892e-06
0.209 	 0.069 	 1 	 -3.12894e-05
0.20925 	 0.06925 	 1 	 -2.82758e-05
0.2095 	 0.0695 	 1 	 -2.96069e-05
0.20975 	 0.06975 	 1 	 -4.8828e-05
0.21 	 0.07 	 1 	 -3.26888e-05
0.21025 	 0.07025 	 1 	 -3.39936e-05
0.2105 	 0.0705 	 1 	 -4.26705e-05
0.21075 	 0.07075 	 1 	 -4.54866e-05
0.211 	 0.071 	 1 	 -2.11403e-05
0.21125 	 0.07125 	 1 	 -2.69396e-05
0.2115 	 0.0715 	 1 	 -3.39294e-05
0.21175 	 0.07175 	 1 	 -3.75523e-05
0.212 	 0.072 	 1 	 -5.48557e-05
0.21225 	 0.07225 	 1 	 -4.36403e-05
0.2125 	 0.0725 	 1 	 -4.09029e-05
0.21275 	 0.07275 	 1 	 -2.83669e-05
0.213 	 0.073 	 1 	 -5.76619e-05
0.21325 	 0.07325 	 1 	 -6.98155e-05
0.2135 	 0.0735 	 1 	 -6.41344e-05
0.21375 	 0.07375 	 1 	 -7.1857e-05
0.214 	 0.074 	 1 	 -3.3442e-05
0.21425 	 0.07425 	 1 	 -4.16203e-05
0.2145 	 0.0745 	 1 	 -5.7649e-05
0.21475 	 0.07475 	 1 	 -5.87421e-05
0.215 	 0.075 	 1 	 -5.12963e-05
0.21525 	 0.07525 	 1 	 -4.59035e-05
0.2155 	 0.0755 	 1 	 -6.44116e-05
0.21575 	 0.07575 	 1 	 -6.92121e-05
0.216 	 0.076 	 1 	 -8.01699e-05
0.21625 	 0.07625 	 1 	 -6.57632e-05
0.2165 	 0.0765 	 1 	 -6.29574e-05
0.21675 	 0.07675 	 1 	 -6.15416e-05
0.217 	 0.077 	 1 	 -7.0231e-05
0.21725 	 0.07725 	 1 	 -7.7847e-05
0.2175 	 0.0775 	 1 	 -8.05668e-05
0.21775 	 0.07775 	 1 	 -7.86695e-05
0.218 	 0.078 	 1 	 -4.55461e-05
0.21825 	 0.07825 	 1 	 -5.77968e-05
0.2185 	 0.0785 	 1 	 -9.18728e-05
0.21875 	 0.07875 	 1 	 -7.91794e-05
0.219 	 0.079 	 1 	 -7.65533e-05
0.21925 	 0.07925 	 1 	 -8.97568e-05
0.2195 	 0.0795 	 1 	 -7.58392e-05
0.21975 	 0.07975 	 1 	 -7.54356e-05
0.22 	 0.08 	 1 	 -9.2961e-05
0.22025 	 0.08025 	 1 	 -8.49587e-05
0.2205 	 0.0805 	 1 	 -7.73892e-05
0.22075 	 0.08075 	 1 	 -7.47034e-05
0.221 	 0.081 	 1 	 -9.4729e-05
0.22125 	 0.08125 	 1 	 -9.97994e-05
0.2215 	 0.0815 	 1 	 -8.04634e-05
0.22175 	 0.08175 	 1 	 -7.79419e-05
0.222 	 0.082 	 1 	 -7.94957e-05
0.22225 	 0.08225 	 1 	 -0.00010077
0.2225 	 0.0825 	 1 	 -8.55565e-05
0.22275 	 0.08275 	 1 	 -9.28896e-05
0.223 	 0.083 	 1 	 -0.000109143
0.22325 	 0.08325 	 1 	 -8.19238e-05
0.2235 	 0.0835 	 1 	 -7.49066e-05
0.22375 	 0.08375 	 1 	 -9.20449e-05
0.224 	 0.084 	 1 	 -0.000111453
0.22425 	 0.08425 	 1 	 -0.000102051
0.2245 	 0.0845 	 1 	 -8.97589e-05
0.22475 	 0.08475 	 1 	 -0.000101842
0.225 	 0.085 	 1 	 -0.000103881
0.22525 	 0.08525 	 1 	 -0.000102033
0.2255 	 0.0855 	 1 	 -0.000102012
0.22575 	 0.08575 	 1 	 -9.71156e-05
0.226 	 0.086 	 1 	 -7.63151e-05
0.22625 	 0.08625 	 1 	 -9.61129e-05
0.2265 	 0.0865 	 1 	 -0.000113297
0.22675 	 0.08675 	 1 	 -0.000112808
0.227 	 0.087 	 1 	 -0.000112103
0.22725 	 0.08725 	 1 	 -9.51859e-05
0.2275 	 0.0875 	 1 	 -0.000100887
0.22775 	 0.08775 	 1 	 -0.000108882
0.228 	 0.088 	 1 	 -0.000108127
0.22825 	 0.08825 	 1 	 -0.000120372
0.2285 	 0.0885 	 1 	 -0.000125323
0.22875 	 0.08875 	 1 	 -9.92844e-05
0.229 	 0.089 	 1 	 -9.43448e-05
0.22925 	 0.08925 	 1 	 -0.000108342
0.2295 	 0.0895 	 1 	 -0.000114017
0.22975 	 0.08975 	 1 	 -0.000101039
0.23 	 0.09 	 1 	 -0.000102669
0.23025 	 0.09025 	 1 	 -0.000115142
0.2305 	 0.0905 	 1 	 -0.000112683
0.23075 	 0.09075 	 1 	 -0.000120846
0.231 	 0.091 	 1 	 -0.00012757
0.23125 	 0.09125 	 1 	 -0.000121709
0.2315 	 0.0915 	 1 	 -0.000110175
0.23175 	 0.09175 	 1 	 -0.00011134
0.232 	 0.092 	 1 	 -0.000122702
0.23225 	 0.09225 	 1 	 -0.000106159
0.2325 	 0.0925 	 1 	 -0.000114927
0.23275 	 0.09275 	 1 	 -0.000120894
0.233 	 0.093 	 1 	 -0.000111502
0.23325 	 0.09325 	 1 	 -0.000102751
0.2335 	 0.0935 	 1 	 -9.98529e-05
0.23375 	 0.09375 	 1 	 -0.000140018
0.234 	 0.094 	 1 	 -0.000132304
0.23425 	 0.09425 	 1 	 -0.000118702
0.2345 	 0.0945 	 1 	 -0.000130097
0.23475 	 0.09475 	 1 	 -0.000120968
0.235 	 0.095 	 1 	 -0.000114509
0.23525 	 0.09525 	 1 	 -0.000108282
0.2355 	 0.0955 	 1 	 -0.000126872
0.23575 	 0.09575 	 1 	 -0.000127972
0.236 	 0.096 	 1 	 -0.000114577
0.23625 	 0.09625 	 1 	 -0.000114714
0.2365 	 0.0965 	 1 	 -0.000126754
0.23675 	 0.09675 	 1 	 -0.00012162
0.237 	 0.097 	 1 	 -0.000111288
0.23725 	 0.09725 	 1 	 -0.000176576
0.2375 	 0.0975 	 1 	 -0.000239303
0.23775 	 0.09775 	 1 	 -0.000308808
0.238 	 0.098 	 1 	 -0.000416062
0.23825 	 0.09825 	 1 	 -0.000489009
0.2385 	 0.0985 	 1 	 -0.000533215
0.23875 	 0.09875 	 1 	 -0.00059115
0.239 	 0.099 	 1 	 -0.000682794
0.23925 	 0.09925 	 1 	 -0.000761646
0.2395 	 0.0995 	 1 	 -0.000830601
0.23975 	 0.09975 	 1 	 -0.000911905
0.24 	 0.1 	 0 	 -0.000977585
0.24025 	 0.10025 	 0 	 -0.00103736
0.2405 	 0.1005 	 0 	 -0.00109861
0.24075 	 0.10075 	 0 	 -0.00117277
0.241 	 0.101 	 0 	 -0.00124054
0.24125 	 0.10125 	 0 	 -0.00129729
0.2415 	 0.1015 	 0 	 -0.00135776
0.24175 	 0.10175 	 0 	 -0.00143598
0.242 	 0.102 	 0 	 -0.001497
0.24225 	 0.10225 	 0 	 -0.00151122
0.2425 	 0.1025 	 0 	 -0.00150518
0.24275 	 0.10275 	 0 	 -0.00147858
0.243 	 0.103 	 0 	 -0.00144993
0.24325 	 0.10325 	 0 	 -0.00143473
0.2435 	 0.1035 	 0 	 -0.00145842
0.24375 	 0.10375 	 0 	 -0.00144045
0.244 	 0.104 	 0 	 -0.00138554
0.24425 	 0.10425 	 0 	 -0.00137304
0.2445 	 0.1045 	 0 	 -0.00135975
0.24475 	 0.10475 	 0 	 -0.00135219
0.245 	 0.105 	 0 	 -0.00134716
0.24525 	 0.10525 	 0 	 -0.00133798
0.2455 	 0.1055 	 0 	 -0.00131183
0.24575 	 0.10575 	 0 	 -0.0012778
0.246 	 0.106 	 0 	 -0.00127999
0.24625 	 0.10625 	 0 	 -0.00128279
0.2465 	 0.1065 	 0 	 -0.00126449
0.24675 	 0.10675 	 0 	 -0.00122999
0.247 	 0.107 	 0 	 -0.00121583
0.24725 	 0.10725 	 0 	 -0.00120877
0.2475 	 0.1075 	 0 	 -0.00120165
0.24775 	 0.10775 	 0 	 -0.00118167
0.248 	 0.108 	 0 	 -0.00115917
0.24825 	 0.10825 	 0 	 -0.00116463
0.2485 	 0.1085 	 0 	 -0.00113083
0.24875 	 0.10875 	 0 	 -0.0011243
0.249 	 0.109 	 0 	 -0.00114474
0.24925 	 0.10925 	 0 	 -0.00111715
0.2495 	 0.1095 	 0 	 -0.00108415
0.24975 	 0.10975 	 0 	 -0.00107357
0.25 	 0.11 	 0 	 -0.00106329
0.25025 	 0.11025 	 0 	 -0.00104107
0.2505 	 0.1105 	 0 	 -0.00104369
0.25075 	 0.11075 	 0 	 -0.0010407
0.251 	 0.111 	 0 	 -0.00101422
0.25125 	 0.11125 	 0 	 -0.000997639
0.2515 	 0.1115 	 0 	 -0.000990885
0.25175 	 0.11175 	 0 	 -0.000992472
0.252 	 0.112 	 0 	 -0.000982364
0.25225 	 0.11225 	 0 	 -0.000962641
0.2525 	 0.1125 	 0 	 -0.000943467
0.25275 	 0.11275 	 0 	 -0.000942047
0.253 	 0.113 	 0 	 -0.000937454
0.25325 	 0.11325 	 0 	 -0.000922552
0.2535 	 0.1135 	 0 	 -0.000906959
0.25375 	 0.11375 	 0 	 -0.000883526
0.254 	 0.114 	 0 	 -0.000871848
0.25425 	 0.11425 	 0 	 -0.000870954
0.2545 	 0.1145 	 0 	 -0.000876344
0.25475 	 0.11475 	 0 	 -0.000858607
0.255 	 0.115 	 0 	 -0.000842982
0.25525 	 0.11525 	 0 	 -0.000839413
0.2555 	 0.1155 	 0 	 -0.00082742
0.25575 	 0.11575 	 0 	 -0.000819088
0.256 	 0.116 	 0 	 -0.00081
0.25625 	 0.11625 	 0 	 -0.00079675
0.2565 	 0.1165 	 0 	 -0.00078412
0.25675 	 0.11675 	 0 	 -0.000775709
0.257 	 0.117 	 0 	 -0.000764083
0.25725 	 0.11725 	 0 	 -0.000756002
0.2575 	 0.1175 	 0 	 -0.000750868
0.25775 	 0.11775 	 0 	 -0.000739691
0.258 	 0.118 	 0 	 -0.000735913
0.25825 	 0.11825 	 0 	 -0.000723484
0.2585 	 0.1185 	 0 	 -0.000714486
0.25875 	 0.11875 	 0 	 -0.000714614
0.259 	 0.119 	 0 	 -0.000702803
0.25925 	 0.11925 	 0 	 -0.000692318
0.2595 	 0.1195 	 0 	 -0.000674608
0.25975 	 0.11975 	 0 	 -0.000667637
0.26 	 0.12 	 0 	 -0.000671188
0.26025 	 0.12025 	 0 	 -0.000665194
0.2605 	 0.1205 	 0 	 -0.000649065
0.26075 	 0.12075 	 0 	 -0.000642568
0.261 	 0.121 	 0 	 -0.000630039
0.26125 	 0.12125 	 0 	 -0.000620563
0.2615 	 0.1215 	 0 	 -0.000625288
0.26175 	 0.12175 	 0 	 -0.000617195
0.262 	 0.122 	 0 	 -0.000607495
0.26225 	 0.12225 	 0 	 -0.000592635
0.2625 	 0.1225 	 0 	 -0.000592216
0.26275 	 0.12275 	 0 	 -0.000588803
0.263 	 0.123 	 0 	 -0.000571488
0.26325 	 0.12325 	 0 	 -0.000568353
0.2635 	 0.1235 	 0 	 -0.000561558
0.26375 	 0.12375 	 0 	 -0.000553478
0.264 	 0.124 	 0 	 -0.000547949
0.26425 	 0.12425 	 0 	 -0.000547994
0.2645 	 0.1245 	 0 	 -0.000543883
0.26475 	 0.12475 	 0 	 -0.000525468
0.265 	 0.125 	 0 	 -0.00051626
0.26525 	 0.12525 	 0 	 -0.000511419
0.2655 	 0.1255 	 0 	 -0.000507815
0.26575 	 0.12575 	 0 	 -0.000502675
0.266 	 0.126 	 0 	 -0.000502762
0.26625 	 0.12625 	 0 	 -0.000494407
0.2665 	 0.1265 	 0 	 -0.000481803
0.26675 	 0.12675 	 0 	 -0.00047791
0.267 	 0.127 	 0 	 -0.000471619
0.26725 	 0.12725 	 0 	 -0.000469956
0.2675 	 0.1275 	 0 	 -0.000460697
0.26775 	 0.12775 	 0 	 -0.000456483
0.268 	 0.128 	 0 	 -0.000451117
0.26825 	 0.12825 	 0 	 -0.000440557
0.2685 	 0.1285 	 0 	 -0.000438838
0.26875 	 0.12875 	 0 	 -0.000433752
0.269 	 0.129 	 0 	 -0.000426797
0.26925 	 0.12925 	 0 	 -0.000420543
0.2695 	 0.1295 	 0 	 -0.000416129
0.26975 	 0.12975 	 0 	 -0.000414252
0.27 	 0.13 	 0 	 -0.000410708
0.27025 	 0.13025 	 0 	 -0.0004011
0.2705 	 0.1305 	 0 	 -0.000395775
0.27075 	 0.13075 	 0 	 -0.000391783
0.271 	 0.131 	 0 	 -0.000384085
0.27125 	 0.13125 	 0 	 -0.00038505
0.2715 	 0.1315 	 0 	 -0.000378918
0.27175 	 0.13175 	 0 	 -0.000371081
0.272 	 0.132 	 0 	 -0.000366296
0.27225 	 0.13225 	 0 	 -0.000363672
0.2725 	 0.1325 	 0 	 -0.000359632
0.27275 	 0.13275 	 0 	 -0.000351476
0.273 	 0.133 	 0 	 -0.000349962
0.27325 	 0.13325 	 0 	 -0.000346975
0.2735 	 0.1335 	 0 	 -0.000343115
0.27375 	 0.13375 	 0 	 -0.000337632
0.274 	 0.134 	 0 	 -0.000333034
0.27425 	 0.13425 	 0 	 -0.000325887
0.2745 	 0.1345 	 0 	 -0.000323441
0.27475 	 0.13475 	 0 	 -0.00032001
0.275 	 0.135 	 0 	 -0.000312467
0.27525 	 0.13525 	 0 	 -0.000318208
0.2755 	 0.1355 	 0 	 -0.000309184
0.27575 	 0.13575 	 0 	 -0.000300041
0.276 	 0.136 	 0 	 -0.000298304
0.27625 	 0.13625 	 0 	 -0.000295081
0.2765 	 0.1365 	 0 	 -0.000293923
0.27675 	 0.13675 	 0 	 -0.000286704
0.277 	 0.137 	 0 	 -0.000286378
0.27725 	 0.13725 	 0 	 -0.000280449
0.2775 	 0.1375 	 0 	 -0.00027677
0.27775 	 0.13775 	 0 	 -0.000276543
0.278 	 0.138 	 0 	 -0.000270983
0.27825 	 0.13825 	 0 	 -0.000265523
0.2785 	 0.1385 	 0 	 -0.000259843
0.27875 	 0.13875 	 0 	 -0.000259842
0.279 	 0.139 	 0 	 -0.000258345
0.27925 	 0.13925 	 0 	 -0.000253481
0.2795 	 0.1395 	 0 	 -0.000249422
0.27975 	 0.13975 	 0 	 -0.000247268
0.28 	 0.14 	 0 	 -0.000242726
0.28025 	 0.14025 	 0 	 -0.000236828
0.2805 	 0.1405 	 0 	 -0.000238267
0.28075 	 0.14075 	 0 	 -0.000236444
0.281 	 0.141 	 0 	 -0.000232534
0.28125 	 0.14125 	 0 	 -0.000228496
0.2815 	 0.1415 	 0 	 -0.000223315
0.28175 	 0.14175 	 0 	 -0.000221342
0.282 	 0.142 	 0 	 -0.000220102
0.28225 	 0.14225 	 0 	 -0.000217796
0.2825 	 0.1425 	 0 	 -0.000211863
0.28275 	 0.14275 	 0 	 -0.000209565
0.283 	 0.143 	 0 	 -0.000207271
0.28325 	 0.14325 	 0 	 -0.000206131
0.2835 	 0.1435 	 0 	 -0.000203721
0.28375 	 0.14375 	 0 	 -0.000199055
0.284 	 0.144 	 0 	 -0.000196988
0.28425 	 0.14425 	 0 	 -0.000194527
0.2845 	 0.1445 	 0 	 -0.000194669
0.28475 	 0.14475 	 0 	 -0.000192088
0.285 	 0.145 	 0 	 -0.000188201
0.28525 	 0.14525 	 0 	 -0.000186431
0.2855 	 0.1455 	 0 	 -0.000183211
0.28575 	 0.14575 	 0 	 -0.000180695
0.286 	 0.146 	 0 	 -0.000179294
0.28625 	 0.14625 	 0 	 -0.000177007
0.2865 	 0.1465 	 0 	 -0.000175678
0.28675 	 0.14675 	 0 	 -0.000173015
0.287 	 0.147 	 0 	 -0.000171281
0.28725 	 0.14725 	 0 	 -0.000170273
0.2875 	 0.1475 	 0 	 -0.000167226
0.28775 	 0.14775 	 0 	 -0.000165192
0.288 	 0.148 	 0 	 -0.000162881
0.28825 	 0.14825 	 0 	 -0.000162522
0.2885 	 0.1485 	 0 	 -0.000161492
0.28875 	 0.14875 	 0 	 -0.000158312
0.289 	 0.149 	 0 	 -0.000154788
0.28925 	 0.14925 	 0 	 -0.000150416
0.2895 	 0.1495 	 0 	 -0.000151759
0.28975 	 0.14975 	 0 	 -0.000150717
0.29 	 0.15 	 0 	 -0.000147146
0.29025 	 0.15025 	 0 	 -0.000145031
0.2905 	 0.1505 	 0 	 -0.000141501
0.29075 	 0.15075 	 0 	 -0.00014287
0.291 	 0.151 	 0 	 -0.000141916
0.29125 	 0.15125 	 0 	 -0.000136809
0.2915 	 0.1515 	 0 	 -0.000135232
0.29175 	 0.15175 	 0 	 -0.000133989
0.292 	 0.152 	 0 	 -0.000132016
0.29225 	 0.15225 	 0 	 -0.000131727
0.2925 	 0.1525 	 0 	 -0.000128513
0.29275 	 0.15275 	 0 	 -0.000125419
0.293 	 0.153 	 0 	 -0.000123914
0.29325 	 0.15325 	 0 	 -0.000121405
0.2935 	 0.1535 	 0 	 -0.000122495
0.29375 	 0.15375 	 0 	 -0.000120114
0.294 	 0.154 	 0 	 -0.000117624
0.29425 	 0.15425 	 0 	 -0.000117208
0.2945 	 0.1545 	 0 	 -0.000113517
0.29475 	 0.15475 	 0 	 -0.000113775
0.295 	 0.155 	 0 	 -0.000112007
0.29525 	 0.15525 	 0 	 -0.000109978
0.2955 	 0.1555 	 0 	 -0.000109698
0.29575 	 0.15575 	 0 	 -0.00010616
0.296 	 0.156 	 0 	 -0.000104928
0.29625 	 0.15625 	 0 	 -0.000104266
0.2965 	 0.1565 	 0 	 -0.000102533
0.29675 	 0.15675 	 0 	 -0.000100551
0.297 	 0.157 	 0 	 -9.87096e-05
0.29725 	 0.15725 	 0 	 -9.72922e-05
0.2975 	 0.1575 	 0 	 -9.71111e-05
0.29775 	 0.15775 	 0 	 -9.72196e-05
0.298 	 0.158 	 0 	 -9.45038e-05
0.29825 	 0.15825 	 0 	 -9.24047e-05
0.2985 	 0.1585 	 0 	 -9.02038e-05
0.29875 	 0.15875 	 0 	 -9.04399e-05
0.299 	 0.159 	 0 	 -9.01649e-05
0.29925 	 0.15925 	 0 	 -8.78957e-05
0.2995 	 0.1595 	 0 	 -8.68243e-05
0.29975 	 0.15975 	 0 	 -8.39733e-05
0.3 	 0.16 	 0 	 -8.34432e-05
0.30025 	 0.16025 	 0 	 -8.33836e-05
0.3005 	 0.1605 	 0 	 -8.12695e-05
0.30075 	 0.16075 	 0 	 -7.98522e-05
0.301 	 0.161 	 0 	 -7.83719e-05
0.30125 	 0.16125 	 0 	 -7.81424e-05
0.3015 	 0.1615 	 0 	 -7.83708e-05
0.30175 	 0.16175 	 0 	 -7.67717e-05
0.302 	 0.162 	 0 	 -7.5099e-05
0.30225 	 0.16225 	 0 	 -7.32861e-05
0.3025 	 0.1625 	 0 	 -7.20074e-05
0.30275 	 0.16275 	 0 	 -7.19979e-05
0.303 	 0.163 	 0 	 -7.14415e-05
0.30325 	 0.16325 	 0 	 -6.96118e-05
0.3035 	 0.1635 	 0 	 -6.78058e-05
0.30375 	 0.16375 	 0 	 -6.66472e-05
0.304 	 0.164 	 0 	 -6.67697e-05
0.30425 	 0.16425 	 0 	 -6.58258e-05
0.3045 	 0.1645 	 0 	 -6.43042e-05
0.30475 	 0.16475 	 0 	 -6.41285e-05
0.305 	 0.165 	 0 	 -6.30879e-05
0.30525 	 0.16525 	 0 	 -6.19475e-05
0.3055 	 0.1655 	 0 	 -6.16132e-05
0.30575 	 0.16575 	 0 	 -6.0526e-05
0.306 	 0.166 	 0 	 -5.8994e-05
0.30625 	 0.16625 	 0 	 -5.78737e-05
0.3065 	 0.1665 	 0 	 -5.71308e-05
0.30675 	 0.16675 	 0 	 -5.70093e-05
0.307 	 0.167 	 0 	 -5.61237e-05
0.30725 	 0.16725 	 0 	 -5.48237e-05
0.3075 	 0.1675 	 0 	 -5.37393e-05
0.30775 	 0.16775 	 0 	 -5.23363e-05
0.308 	 0.168 	 0 	 -5.28148e-05
0.30825 	 0.16825 	 0 	 -5.3121e-05
0.3085 	 0.1685 	 0 	 -5.14828e-05
0.30875 	 0.16875 	 0 	 -5.03941e-05
0.309 	 0.169 	 0 	 -4.9018e-05
0.30925 	 0.16925 	 0 	 -4.91844e-05
0.3095 	 0.1695 	 0 	 -4.88269e-05
0.30975 	 0.16975 	 0 	 -4.69924e-05
0.31 	 0.17 	 0 	 -4.66439e-05
0.31025 	 0.17025 	 0 	 -4.57064e-05
0.3105 	 0.1705 	 0 	 -4.49751e-05
0.31075 	 0.17075 	 0 	 -4.48537e-05
0.311 	 0.171 	 0 	 -4.42358e-05
0.31125 	 0.17125 	 0 	 -4.33921e-05
0.3115 	 0.1715 	 0 	 -4.24652e-05
0.31175 	 0.17175 	 0 	 -4.1797e-05
0.312 	 0.172 	 0 	 -4.14429e-05
0.31225 	 0.17225 	 0 	 -4.12901e-05
0.3125 	 0.1725 	 0 	 -4.10525e-05
0.31275 	 0.17275 	 0 	 -4.00368e-05
0.313 	 0.173 	 0 	 -3.8353e-05
0.31325 	 0.17325 	 0 	 -3.78174e-05
0.3135 	 0.1735 	 0 	 -3.8005e-05
0.31375 	 0.17375 	 0 	 -3.74002e-05
0.314 	 0.174 	 0 	 -3.65535e-05
0.31425 	 0.17425 	 0 	 -3.57094e-05
0.3145 	 0.1745 	 0 	 -3.55369e-05
0.31475 	 0.17475 	 0 	 -3.53713e-05
0.315 	 0.175 	 0 	 -3.43562e-05
0.31525 	 0.17525 	 0 	 -3.39725e-05
0.3155 	 0.1755 	 0 	 -3.37397e-05
0.31575 	 0.17575 	 0 	 -3.30345e-05
0.316 	 0.176 	 0 	 -3.28028e-05
0.31625 	 0.17625 	 0 	 -3.2421e-05
0.3165 	 0.1765 	 0 	 -3.14066e-05
0.31675 	 0.17675 	 0 	 -3.08685e-05
0.317 	 0.177 	 0 	 -3.06034e-05
0.31725 	 0.17725 	 0 	 -2.97827e-05
0.3175 	 0.1775 	 0 	 -2.92551e-05
0.31775 	 0.17775 	 0 	 -2.91393e-05
0.318 	 0.178 	 0 	 -2.87726e-05
0.31825 	 0.17825 	 0 	 -2.82186e-05
0.3185 	 0.1785 	 0 	 -2.78095e-05
0.31875 	 0.17875 	 0 	 -2.7412e-05
0.319 	 0.179 	 0 	 -2.71257e-05
0.31925 	 0.17925 	 0 	 -2.68884e-05
0.3195 	 0.1795 	 0 	 -2.59868e-05
0.31975 	 0.17975 	 0 	 -2.59244e-05
0.32 	 0.18 	 0 	 -2.58663e-05
0.32025 	 0.18025 	 0 	 -2.50367e-05
0.3205 	 0.1805 	 0 	 -2.45273e-05
0.32075 	 0.18075 	 0 	 -2.38972e-05
0.321 	 0.181 	 0 	 -2.3514e-05
0.32125 	 0.18125 	 0 	 -2.31374e-05
0.3215 	 0.1815 	 0 	 -2.30288e-05
0.32175 	 0.18175 	 0 	 -2.28089e-05
0.322 	 0.182 	 0 	 -2.22575e-05
0.32225 	 0.18225 	 0 	 -2.22076e-05
0.3225 	 0.1825 	 0 	 -2.18943e-05
0.32275 	 0.18275 	 0 	 -2.13865e-05
0.323 	 0.183 	 0 	 -2.11127e-05
0.32325 	 0.18325 	 0 	 -2.07269e-05
0.3235 	 0.1835 	 0 	 -2.04959e-05
0.32375 	 0.18375 	 0 	 -2.02572e-05
0.324 	 0.184 	 0 	 -1.97337e-05
0.32425 	 0.18425 	 0 	 -1.91741e-05
0.3245 	 0.1845 	 0 	 -1.89392e-05
0.32475 	 0.18475 	 0 	 -1.86194e-05
0.325 	 0.185 	 0 	 -1.82488e-05
0.32525 	 0.18525 	 0 	 -1.80707e-05
0.3255 	 0.1855 	 0 	 -1.78018e-05
0.32575 	 0.18575 	 0 	 -1.78415e-05
0.326 	 0.186 	 0 	 -1.76112e-05
0.32625 	 0.18625 	 0 	 -1.7245e-05
0.3265 	 0.1865 	 0 	 -1.6905e-05
0.32675 	 0.18675 	 0 	 -1.65032e-05
0.327 	 0.187 	 0 	 -1.63531e-05
0.32725 	 0.18725 	 0 	 -1.6123e-05
0.3275 	 0.1875 	 0 	 -1.58419e-05
0.32775 	 0.18775 	 0 	 -1.5375e-05
0.328 	 0.188 	 0 	 -1.49912e-05
0.32825 	 0.18825 	 0 	 -1.48422e-05
0.3285 	 0.1885 	 0 	 -1.46454e-05
0.32875 	 0.18875 	 0 	 -1.4496e-05
0.329 	 0.189 	 0 	 -1.4235e-05
0.32925 	 0.18925 	 0 	 -1.40986e-05
0.3295 	 0.1895 	 0 	 -1.39701e-05
0.32975 	 0.18975 	 0 	 -1.37377e-05
0.33 	 0.19 	 0 	 -1.34845e-05
0.33025 	 0.19025 	 0 	 -1.32583e-05
0.3305 	 0.1905 	 0 	 -1.3056e-05
0.33075 	 0.19075 	 0 	 -1.27465e-05
0.331 	 0.191 	 0 	 -1.2528e-05
0.33125 	 0.19125 	 0 	 -1.22411e-05
0.3315 	 0.1915 	 0 	 -1.19931e-05
0.33175 	 0.19175 	 0 	 -1.18773e-05
0.332 	 0.192 	 0 	 -1.16577e-05
0.33225 	 0.19225 	 0 	 -1.14343e-05
0.3325 	 0.1925 	 0 	 -1.12671e-05
0.33275 	 0.19275 	 0 	 -1.12004e-05
0.333 	 0.193 	 0 	 -1.11743e-05
0.33325 	 0.19325 	 0 	 -1.09055e-05
0.3335 	 0.1935 	 0 	 -1.0706e-05
0.33375 	 0.19375 	 0 	 -1.04787e-05
0.334 	 0.194 	 0 	 -1.0324e-05
0.33425 	 0.19425 	 0 	 -1.01451e-05
0.3345 	 0.1945 	 0 	 -9.98283e-06
0.33475 	 0.19475 	 0 	 -9.77033e-06
0.335 	 0.195 	 0 	 -9.43828e-06
0.33525 	 0.19525 	 0 	 -9.32701e-06
0.3355 	 0.1955 	 0 	 -9.22907e-06
0.33575 	 0.19575 	 0 	 -9.09401e-06
0.336 	 0.196 	 0 	 -8.94818e-06
0.33625 	 0.19625 	 0 	 -8.88519e-06
0.3365 	 0.1965 	 0 	 -8.80445e-06
0.33675 	 0.19675 	 0 	 -8.62102e-06
0.337 	 0.197 	 0 	 -8.44389e-06
0.33725 	 0.19725 	 0 	 -8.25994e-06
0.3375 	 0.1975 	 0 	 -8.1332e-06
0.33775 	 0.19775 	 0 	 -8.00692e-06
0.338 	 0.198 	 0 	 -7.81052e-06
0.33825 	 0.19825 	 0 	 -7.66485e-06
0.3385 	 0.1985 	 0 	 -7.56005e-06
0.33875 	 0.19875 	 0 	 -7.39899e-06
0.339 	 0.199 	 0 	 -7.30498e-06
0.33925 	 0.19925 	 0 	 -7.17393e-06
0.3395 	 0.1995 	 0 	 -7.0025e-06
0.33975 	 0.19975 	 0 	 -6.96489e-06
0.34 	 0.2 	 0 	 -6.93241e-06
0.34025 	 0.20025 	 0 	 -6.80461e-06
0.3405 	 0.2005 	 0 	 -6.62176e-06
0.34075 	 0.20075 	 0 	 -6.47029e-06
0.341 	 0.201 	 0 	 -6.3451e-06
0.34125 	 0.20125 	 0 	 -6.25612e-06
0.3415 	 0.2015 	 0 	 -6.13773e-06
0.34175 	 0.20175 	 0 	 -6.03415e-06
0.342 	 0.202 	 0 	 -5.9396e-06
0.34225 	 0.20225 	 0 	 -5.83739e-06
0.3425 	 0.2025 	 0 	 -5.72625e-06
0.34275 	 0.20275 	 0 	 -5.63018e-06
0.343 	 0.203 	 0 	 -5.53823e-06
0.34325 	 0.20325 	 0 	 -5.44223e-06
0.3435 	 0.2035 	 0 	 -5.33691e-06
0.34375 	 0.20375 	 0 	 -5.1734e-06
0.344 	 0.204 	 0 	 -4.90141e-06
0.34425 	 0.20425 	 0 	 -4.60027e-06
0.3445 	 0.2045 	 0 	 -4.3048e-06
0.34475 	 0.20475 	 0 	 -4.00467e-06
0.345 	 0.205 	 0 	 -3.73165e-06
0.34525 	 0.20525 	 0 	 -3.42623e-06
0.3455 	 0.2055 	 0 	 -3.15046e-06
0.34575 	 0.20575 	 0 	 -2.88133e-06
0.346 	 0.206 	 0 	 -2.61344e-06
0.34625 	 0.20625 	 0 	 -2.36321e-06
0.3465 	 0.2065 	 0 	 -2.0953e-06
0.34675 	 0.20675 	 0 	 -1.83034e-06
0.347 	 0.207 	 0 	 -1.59276e-06
0.34725 	 0.20725 	 0 	 -1.34883e-06
0.3475 	 0.2075 	 0 	 -1.09719e-06
0.34775 	 0.20775 	 0 	 -8.61056e-07
0.348 	 0.208 	 0 	 -6.40158e-07
0.34825 	 0.20825 	 0 	 -4.01029e-07
0.3485 	 0.2085 	 0 	 -1.66026e-07
0.34875 	 0.20875 	 0 	 -3.29871e-08
0.349 	 0.209 	 0 	 0
0.34925 	 0.20925 	 0 	 0
0.3495 	 0.2095 	 0 	 0
0.34975 	 0.20975 	 0 	 0
0.35 	 0.21 	 0 	 0
0.35025 	 0.21025 	 0 	 0
0.3505 	 0.2105 	 0 	 0
0.35075 	 0.21075 	 0 	 0
0.351 	 0.211 	 0 	 0
0.35125 	 0.21125 	 0 	 0
0.3515 	 0.2115 	 0 	 0
0.35175 	 0.21175 	 0 	 0
0.352 	 0.212 	 0 	 0
0.35225 	 0.21225 	 0 	 0
0.3525 	 0.2125 	 0 	 0
0.35275 	 0.21275 	 0 	 0
0.353 	 0.213 	 0 	 0
0.35325 	 0.21325 	 0 	 0
0.3535 	 0.2135 	 0 	 0
0.35375 	 0.21375 	 0 	 0
0.354 	 0.214 	 0 	 0
0.35425 	 0.21425 	 0 	 0
0.3545 	 0.2145 	 0 	 0
0.35475 	 0.21475 	 0 	 0
0.355 	 0.215 	 0 	 0
0.35525 	 0.21525 	 0 	 0
0.3555 	 0.2155 	 0 	 0
0.35575 	 0.21575 	 0 	 0
0.356 	 0.216 	 0 	 0
0.35625 	 0.21625 	 0 	 0
0.3565 	 0.2165 	 0 	 0
0.35675 	 0.21675 	 0 	 0
0.357 	 0.217 	 0 	 0
0.35725 	 0.21725 	 0 	 0
0.3575 	 0.2175 	 0 	 0
0.35775 	 0.21775 	 0 	 0
0.358 	 0.218 	 0 	 0
0.35825 	 0.21825 	 0 	 0
0.3585 	 0.2185 	 0 	 0
0.35875 	 0.21875 	 0 	 0
0.359 	 0.219 	 0 	 0
0.35925 	 0.21925 	 0 	 0
0.3595 	 0.2195 	 0 	 0
0.35975 	 0.21975 	 0 	 0
0.36 	 0.22 	 0 	 0
0.36025 	 0.22025 	 0 	 0
0.3605 	 0.2205 	 0 	 0
0.36075 	 0.22075 	 0 	 0
0.361 	 0.221 	 0 	 0
0.36125 	 0.22125 	 0 	 0
0.3615 	 0.2215 	 0 	 0
0.36175 	 0.22175 	 0 	 0
0.362 	 0.222 	 0 	 0
0.36225 	 0.22225 	 0 	 0
0.3625 	 0.2225 	 0 	 0
0.36275 	 0.22275 	 0 	 0
0.363 	 0.223 	 0 	 0
0.36325 	 0.22325 	 0 	 0
0.3635 	 0.2235 	 0 	 0
0.36375 	 0.22375 	 0 	 0
0.364 	 0.224 	 0 	 0
0.36425 	 0.22425 	 0 	 0
0.3645 	 0.2245 	 0 	 0
0.36475 	 0.22475 	 0 	 0
0.365 	 0.225 	 0 	 0
0.36525 	 0.22525 	 0 	 0
0.3655 	 0.2255 	 0 	 0
0.36575 	 0.22575 	 0 	 0
0.366 	 0.226 	 0 	 0
0.36625 	 0.22625 	 0 	 0
0.3665 	 0.2265 	 0 	 0
0.36675 	 0.22675 	 0 	 0
0.367 	 0.227 	 0 	 0
0.36725 	 0.22725 	 0 	 0
0.3675 	 0.2275 	 0 	 0
0.36775 	 0.22775 	 0 	 0
0.368 	 0.228 	 0 	 0
0.36825 	 0.22825 	 0 	 0
0.3685 	 0.2285 	 0 	 0
0.36875 	 0.22875 	 0 	 0
0.369 	 0.229 	 0 	 0
0.36925 	 0.22925 	 0 	 0
0.3695 	 0.2295 	 0 	 0
0.36975 	 0.22975 	 0 	 0
0.37 	 0.23 	 0 	 0
0.37025 	 0.23025 	 0 	 0
0.3705 	 0.2305 	 0 	 0
0.37075 	 0.23075 	 0 	 0
0.371 	 0.231 	 0 	 0
0.37125 	 0.23125 	 0 	 0
0.3715 	 0.2315 	 0 	 0
0.37175 	 0.23175 	 0 	 0
0.372 	 0.232 	 0 	 0
0.37225 	 0.23225 	 0 	 0
0.3725 	 0.2325 	 0 	 0
0.37275 	 0.23275 	 0 	 0
0.373 	 0.233 	 0 	 0
0.37325 	 0.23325 	 0 	 0
0.3735 	 0.2335 	 0 	 0
0.37375 	 0.23375 	 0 	 0
0.374 	 0.234 	 0 	 0
0.37425 	 0.23425 	 0 	 0
0.3745 	 0.2345 	 0 	 0
0.37475 	 0.23475 	 0 	 0
0.375 	 0.235 	 0 	 0
0.37525 	 0.23525 	 0 	 0
0.3755 	 0.2355 	 0 	 0
0.37575 	 0.23575 	 0 	 0
0.376 	 0.236 	 0 	 0
0.37625 	 0.23625 	 0 	 0
0.3765 	 0.2365 	 0 	 0
0.37675 	 0.23675 	 0 	 0
0.377 	 0.237 	 0 	 0
0.37725 	 0.23725 	 0 	 0
0.3775 	 0.2375 	 0 	 0
0.37775 	 0.23775 	 0 	 0
0.378 	 0.238 	 0 	 0
0.37825 	 0.23825 	 0 	 0
0.3785 	 0.2385 	 0 	 0
0.37875 	 0.23875 	 0 	 0
0.379 	 0.239 	 0 	 0
0.37925 	 0.23925 	 0 	 0
0.3795 	 0.2395 	 0 	 0
0.37975 	 0.23975 	 0 	 0
0.38 	 0.24 	 0 	 0
0.38025 	 0.24025 	 0 	 0
0.3805 	 0.2405 	 0 	 0
0.38075 	 0.24075 	 0 	 0
0.381 	 0.241 	 0 	 0
0.38125 	 0.24125 	 0 	 0
0.3815 	 0.2415 	 0 	 0
0.38175 	 0.24175 	 0 	 0
0.382 	 0.242 	 0 	 0
0.38225 	 0.24225 	 0 	 0
0.3825 	 0.2425 	 0 	 0
