# FILE:  main_inv_EX2.py
# SIMULATION PARAMETERS ---------------------------------------
# zMin  = 0.0
# zMax  = 0.3
# p0-PROFILE --------------------------------------------------
# zAMin = 0.1
# zAMax = 0.2
# N     = 500
# IRRADIATION SOURCE PROFILE ----------------------------------
# a0    = 0.1
# DETECTOR POSITION -------------------------------------------
# zD    = -0.1
# MATERIAL PARAMETERS -----------------------------------------
# c0    = 1.0
# OPTOACOUSTIC PARAMETERS -------------------------------------
# wD    = 20.0
# D     = 0.318309886184
# SIMULATION RESULTS --------------------------------------
-0.0993987975952 0.0 0.0 0.0 0.0 0.0
-0.0987975951904 0.0 0.0 0.0 0.0 0.0
-0.0981963927856 0.0 0.0 0.0 0.0 0.0
-0.0975951903808 0.0 0.0 0.0 0.0 0.0
-0.096993987976 0.0 0.0 0.0 0.0 0.0
-0.0963927855711 0.0 0.0 0.0 0.0 0.0
-0.0957915831663 0.0 0.0 0.0 0.0 0.0
-0.0951903807615 0.0 0.0 0.0 0.0 0.0
-0.0945891783567 0.0 0.0 0.0 0.0 0.0
-0.0939879759519 0.0 0.0 0.0 0.0 0.0
-0.0933867735471 0.0 0.0 0.0 0.0 0.0
-0.0927855711423 0.0 0.0 0.0 0.0 0.0
-0.0921843687375 0.0 0.0 0.0 0.0 0.0
-0.0915831663327 0.0 0.0 0.0 0.0 0.0
-0.0909819639279 0.0 0.0 0.0 0.0 0.0
-0.090380761523 0.0 0.0 0.0 0.0 0.0
-0.0897795591182 0.0 0.0 0.0 0.0 0.0
-0.0891783567134 0.0 0.0 0.0 0.0 0.0
-0.0885771543086 0.0 0.0 0.0 0.0 0.0
-0.0879759519038 0.0 0.0 0.0 0.0 0.0
-0.087374749499 0.0 0.0 0.0 0.0 0.0
-0.0867735470942 0.0 0.0 0.0 0.0 0.0
-0.0861723446894 0.0 0.0 0.0 0.0 0.0
-0.0855711422846 0.0 0.0 0.0 0.0 0.0
-0.0849699398798 0.0 0.0 0.0 0.0 0.0
-0.0843687374749 0.0 0.0 0.0 0.0 0.0
-0.0837675350701 0.0 0.0 0.0 0.0 0.0
-0.0831663326653 0.0 0.0 0.0 0.0 0.0
-0.0825651302605 0.0 0.0 0.0 0.0 0.0
-0.0819639278557 0.0 0.0 0.0 0.0 0.0
-0.0813627254509 0.0 0.0 0.0 0.0 0.0
-0.0807615230461 0.0 0.0 0.0 0.0 0.0
-0.0801603206413 0.0 0.0 0.0 0.0 0.0
-0.0795591182365 0.0 0.0 0.0 0.0 0.0
-0.0789579158317 0.0 0.0 0.0 0.0 0.0
-0.0783567134269 0.0 0.0 0.0 0.0 0.0
-0.077755511022 0.0 0.0 0.0 0.0 0.0
-0.0771543086172 0.0 0.0 0.0 0.0 0.0
-0.0765531062124 0.0 0.0 0.0 0.0 0.0
-0.0759519038076 0.0 0.0 0.0 0.0 0.0
-0.0753507014028 0.0 0.0 0.0 0.0 0.0
-0.074749498998 0.0 0.0 0.0 0.0 0.0
-0.0741482965932 0.0 0.0 0.0 0.0 0.0
-0.0735470941884 0.0 0.0 0.0 0.0 0.0
-0.0729458917836 0.0 0.0 0.0 0.0 0.0
-0.0723446893788 0.0 0.0 0.0 0.0 0.0
-0.0717434869739 0.0 0.0 0.0 0.0 0.0
-0.0711422845691 0.0 0.0 0.0 0.0 0.0
-0.0705410821643 0.0 0.0 0.0 0.0 0.0
-0.0699398797595 0.0 0.0 0.0 0.0 0.0
-0.0693386773547 0.0 0.0 0.0 0.0 0.0
-0.0687374749499 0.0 0.0 0.0 0.0 0.0
-0.0681362725451 0.0 0.0 0.0 0.0 0.0
-0.0675350701403 0.0 0.0 0.0 0.0 0.0
-0.0669338677355 0.0 0.0 0.0 0.0 0.0
-0.0663326653307 0.0 0.0 0.0 0.0 0.0
-0.0657314629259 0.0 0.0 0.0 0.0 0.0
-0.065130260521 0.0 0.0 0.0 0.0 0.0
-0.0645290581162 0.0 0.0 0.0 0.0 0.0
-0.0639278557114 0.0 0.0 0.0 0.0 0.0
-0.0633266533066 0.0 0.0 0.0 0.0 0.0
-0.0627254509018 0.0 0.0 0.0 0.0 0.0
-0.062124248497 0.0 0.0 0.0 0.0 0.0
-0.0615230460922 0.0 0.0 0.0 0.0 0.0
-0.0609218436874 0.0 0.0 0.0 0.0 0.0
-0.0603206412826 0.0 0.0 0.0 0.0 0.0
-0.0597194388778 0.0 0.0 0.0 0.0 0.0
-0.0591182364729 0.0 0.0 0.0 0.0 0.0
-0.0585170340681 0.0 0.0 0.0 0.0 0.0
-0.0579158316633 0.0 0.0 0.0 0.0 0.0
-0.0573146292585 0.0 0.0 0.0 0.0 0.0
-0.0567134268537 0.0 0.0 0.0 0.0 0.0
-0.0561122244489 0.0 0.0 0.0 0.0 0.0
-0.0555110220441 0.0 0.0 0.0 0.0 0.0
-0.0549098196393 0.0 0.0 0.0 0.0 0.0
-0.0543086172345 0.0 0.0 0.0 0.0 0.0
-0.0537074148297 0.0 0.0 0.0 0.0 0.0
-0.0531062124248 0.0 0.0 0.0 0.0 0.0
-0.05250501002 0.0 0.0 0.0 0.0 0.0
-0.0519038076152 0.0 0.0 0.0 0.0 0.0
-0.0513026052104 0.0 0.0 0.0 0.0 0.0
-0.0507014028056 0.0 0.0 0.0 0.0 0.0
-0.0501002004008 0.0 0.0 0.0 0.0 0.0
-0.049498997996 0.0 0.0 0.0 0.0 0.0
-0.0488977955912 0.0 0.0 0.0 0.0 0.0
-0.0482965931864 0.0 0.0 0.0 0.0 0.0
-0.0476953907816 0.0 0.0 0.0 0.0 0.0
-0.0470941883768 0.0 0.0 0.0 0.0 0.0
-0.0464929859719 0.0 0.0 0.0 0.0 0.0
-0.0458917835671 0.0 0.0 0.0 0.0 0.0
-0.0452905811623 0.0 0.0 0.0 0.0 0.0
-0.0446893787575 0.0 0.0 0.0 0.0 0.0
-0.0440881763527 0.0 0.0 0.0 0.0 0.0
-0.0434869739479 0.0 0.0 0.0 0.0 0.0
-0.0428857715431 0.0 0.0 0.0 0.0 0.0
-0.0422845691383 0.0 0.0 0.0 0.0 0.0
-0.0416833667335 0.0 0.0 0.0 0.0 0.0
-0.0410821643287 0.0 0.0 0.0 0.0 0.0
-0.0404809619238 0.0 0.0 0.0 0.0 0.0
-0.039879759519 0.0 0.0 0.0 0.0 0.0
-0.0392785571142 0.0 0.0 0.0 0.0 0.0
-0.0386773547094 0.0 0.0 0.0 0.0 0.0
-0.0380761523046 0.0 0.0 0.0 0.0 0.0
-0.0374749498998 0.0 0.0 0.0 0.0 0.0
-0.036873747495 0.0 0.0 0.0 0.0 0.0
-0.0362725450902 0.0 0.0 0.0 0.0 0.0
-0.0356713426854 0.0 0.0 0.0 0.0 0.0
-0.0350701402806 0.0 0.0 0.0 0.0 0.0
-0.0344689378758 0.0 0.0 0.0 0.0 0.0
-0.0338677354709 0.0 0.0 0.0 0.0 0.0
-0.0332665330661 0.0 0.0 0.0 0.0 0.0
-0.0326653306613 0.0 0.0 0.0 0.0 0.0
-0.0320641282565 0.0 0.0 0.0 0.0 0.0
-0.0314629258517 0.0 0.0 0.0 0.0 0.0
-0.0308617234469 0.0 0.0 0.0 0.0 0.0
-0.0302605210421 0.0 0.0 0.0 0.0 0.0
-0.0296593186373 0.0 0.0 0.0 0.0 0.0
-0.0290581162325 0.0 0.0 0.0 0.0 0.0
-0.0284569138277 0.0 0.0 0.0 0.0 0.0
-0.0278557114228 0.0 0.0 0.0 0.0 0.0
-0.027254509018 0.0 0.0 0.0 0.0 0.0
-0.0266533066132 0.0 0.0 0.0 0.0 0.0
-0.0260521042084 0.0 0.0 0.0 0.0 0.0
-0.0254509018036 0.0 0.0 0.0 0.0 0.0
-0.0248496993988 0.0 0.0 0.0 0.0 0.0
-0.024248496994 0.0 0.0 0.0 0.0 0.0
-0.0236472945892 0.0 0.0 0.0 0.0 0.0
-0.0230460921844 0.0 0.0 0.0 0.0 0.0
-0.0224448897796 0.0 0.0 0.0 0.0 0.0
-0.0218436873747 0.0 0.0 0.0 0.0 0.0
-0.0212424849699 0.0 0.0 0.0 0.0 0.0
-0.0206412825651 0.0 0.0 0.0 0.0 0.0
-0.0200400801603 0.0 0.0 0.0 0.0 0.0
-0.0194388777555 0.0 0.0 0.0 0.0 0.0
-0.0188376753507 0.0 0.0 0.0 0.0 0.0
-0.0182364729459 0.0 0.0 0.0 0.0 0.0
-0.0176352705411 0.0 0.0 0.0 0.0 0.0
-0.0170340681363 0.0 0.0 0.0 0.0 0.0
-0.0164328657315 0.0 0.0 0.0 0.0 0.0
-0.0158316633267 0.0 0.0 0.0 0.0 0.0
-0.0152304609218 0.0 0.0 0.0 0.0 0.0
-0.014629258517 0.0 0.0 0.0 0.0 0.0
-0.0140280561122 0.0 0.0 0.0 0.0 0.0
-0.0134268537074 0.0 0.0 0.0 0.0 0.0
-0.0128256513026 0.0 0.0 0.0 0.0 0.0
-0.0122244488978 0.0 0.0 0.0 0.0 0.0
-0.011623246493 0.0 0.0 0.0 0.0 0.0
-0.0110220440882 0.0 0.0 0.0 0.0 0.0
-0.0104208416834 0.0 0.0 0.0 0.0 0.0
-0.00981963927856 0.0 0.0 0.0 0.0 0.0
-0.00921843687375 0.0 0.0 0.0 0.0 0.0
-0.00861723446894 0.0 0.0 0.0 0.0 0.0
-0.00801603206413 0.0 0.0 0.0 0.0 0.0
-0.00741482965932 0.0 0.0 0.0 0.0 0.0
-0.00681362725451 0.0 0.0 0.0 0.0 0.0
-0.0062124248497 0.0 0.0 0.0 0.0 0.0
-0.00561122244489 0.0 0.0 0.0 0.0 0.0
-0.00501002004008 0.0 0.0 0.0 0.0 0.0
-0.00440881763527 0.0 0.0 0.0 0.0 0.0
-0.00380761523046 0.0 0.0 0.0 0.0 0.0
-0.00320641282565 0.0 0.0 0.0 0.0 0.0
-0.00260521042084 0.0 0.0 0.0 0.0 0.0
-0.00200400801603 0.0 0.0 0.0 0.0 0.0
-0.00140280561122 0.0 0.0 0.0 0.0 0.0
-0.000801603206413 0.0 0.0 0.0 0.0 6.29179557584e-43
-0.000200400801603 1.0 0.993987975952 1.0 1.0 1.0
0.000400801603206 1.0 0.982107639857 1.0 1.0 1.0
0.00100200400802 1.0 0.97036929811 1.0 1.0 1.0
0.00160320641283 1.0 0.958771253589 1.0 1.0 1.0
0.00220440881764 1.0 0.947311829453 1.0 1.0 1.0
0.00280561122244 1.0 0.935989368906 1.0 1.0 1.0
0.00340681362725 1.0 0.924802234952 1.0 1.0 1.0
0.00400801603206 1.0 0.913748810161 1.0 1.0 1.0
0.00460921843687 1.0 0.902827496434 1.0 1.0 1.0
0.00521042084168 1.0 0.892036714775 1.0 1.0 1.0
0.00581162324649 1.0 0.881374905057 1.0 1.0 1.0
0.0064128256513 1.0 0.870840525802 1.0 1.0 1.0
0.00701402805611 1.0 0.860432053954 1.0 1.0 1.0
0.00761523046092 1.0 0.850147984662 1.0 1.0 1.0
0.00821643286573 1.0 0.839986831061 1.0 1.0 1.0
0.00881763527054 1.0 0.829947124056 1.0 1.0 1.0
0.00941883767535 1.0 0.820027412113 1.0 1.0 1.0
0.0100200400802 1.0 0.810226261044 1.0 1.0 1.0
0.010621242485 1.0 0.800542253803 1.0 1.0 1.0
0.0112224448898 1.0 0.790973990283 1.0 1.0 1.0
0.0118236472946 1.0 0.781520087109 1.0 1.0 1.0
0.0124248496994 1.0 0.772179177441 1.0 1.0 1.0
0.0130260521042 1.0 0.762949910773 1.0 1.0 1.0
0.013627254509 1.0 0.753830952745 1.0 1.0 1.0
0.0142284569138 1.0 0.744820984942 1.0 1.0 1.0
0.0148296593186 1.0 0.735918704708 1.0 1.0 1.0
0.0154308617234 1.0 0.727122824955 1.0 1.0 1.0
0.0160320641283 1.0 0.718432073979 1.0 1.0 1.0
0.0166332665331 1.0 0.709845195278 1.0 1.0 1.0
0.0172344689379 1.0 0.701360947364 1.0 1.0 1.0
0.0178356713427 1.0 0.692978103588 1.0 1.0 1.0
0.0184368737475 1.0 0.684695451965 1.0 1.0 1.0
0.0190380761523 1.0 0.676511794993 1.0 1.0 1.0
0.0196392785571 1.0 0.668425949482 1.0 1.0 1.0
0.0202404809619 1.0 0.660436746385 1.0 1.0 1.0
0.0208416833667 1.0 0.652543030629 1.0 1.0 1.0
0.0214428857715 1.0 0.644743660942 1.0 1.0 1.0
0.0220440881764 1.0 0.637037509697 1.0 1.0 1.0
0.0226452905812 1.0 0.629423462743 1.0 1.0 1.0
0.023246492986 1.0 0.621900419244 1.0 1.0 1.0
0.0238476953908 1.0 0.614467291522 1.0 1.0 1.0
0.0244488977956 1.0 0.607123004901 1.0 1.0 1.0
0.0250501002004 1.0 0.599866497547 1.0 1.0 1.0
0.0256513026052 1.0 0.592696720317 1.0 1.0 1.0
0.02625250501 1.0 0.58561263661 1.0 1.0 1.0
0.0268537074148 1.0 0.578613222212 1.0 1.0 1.0
0.0274549098196 1.0 0.571697465151 1.0 1.0 1.0
0.0280561122244 1.0 0.564864365552 1.0 1.0 1.0
0.0286573146293 1.0 0.558112935488 1.0 1.0 1.0
0.0292585170341 1.0 0.55144219884 1.0 1.0 1.0
0.0298597194389 1.0 0.544851191158 1.0 1.0 1.0
0.0304609218437 1.0 0.538338959516 1.0 1.0 1.0
0.0310621242485 1.0 0.53190456238 1.0 1.0 1.0
0.0316633266533 1.0 0.525547069469 1.0 1.0 1.0
0.0322645290581 1.0 0.519265561618 1.0 1.0 1.0
0.0328657314629 1.0 0.513059130651 1.0 1.0 1.0
0.0334669338677 1.0 0.506926879246 1.0 1.0 1.0
0.0340681362725 1.0 0.500867920805 1.0 1.0 1.0
0.0346693386774 1.0 0.494881379326 1.0 1.0 1.0
0.0352705410822 1.0 0.488966389279 1.0 1.0 1.0
0.035871743487 1.0 0.483122095477 1.0 1.0 1.0
0.0364729458918 1.0 0.477347652956 1.0 1.0 1.0
0.0370741482966 1.0 0.47164222685 1.0 1.0 1.0
0.0376753507014 1.0 0.466004992271 1.0 1.0 1.0
0.0382765531062 1.0 0.46043513419 1.0 1.0 1.0
0.038877755511 1.0 0.454931847322 1.0 1.0 1.0
0.0394789579158 1.0 0.449494336003 1.0 1.0 1.0
0.0400801603206 1.0 0.44412181408 1.0 1.0 1.0
0.0406813627255 1.0 0.438813504798 1.0 1.0 1.0
0.0412825651303 1.0 0.433568640684 1.0 1.0 1.0
0.0418837675351 1.0 0.428386463438 1.0 1.0 1.0
0.0424849699399 1.0 0.423266223824 1.0 1.0 1.0
0.0430861723447 1.0 0.418207181559 1.0 1.0 1.0
0.0436873747495 1.0 0.413208605212 1.0 1.0 1.0
0.0442885771543 1.0 0.408269772089 1.0 1.0 1.0
0.0448897795591 1.0 0.403389968137 1.0 1.0 1.0
0.0454909819639 1.0 0.398568487837 1.0 1.0 1.0
0.0460921843687 1.0 0.393804634101 1.0 1.0 1.0
0.0466933867735 1.0 0.389097718174 1.0 1.0 1.0
0.0472945891784 1.0 0.384447059533 1.0 1.0 1.0
0.0478957915832 1.0 0.379851985787 1.0 1.0 1.0
0.048496993988 1.0 0.375311832584 1.0 1.0 1.0
0.0490981963928 1.0 0.370825943511 1.0 1.0 1.0
0.0496993987976 1.0 0.366393669999 1.0 1.0 1.0
0.0503006012024 1.0 0.362014371233 1.0 1.0 1.0
0.0509018036072 1.0 0.357687414057 1.0 1.0 1.0
0.051503006012 1.0 0.353412172881 1.0 1.0 1.0
0.0521042084168 1.0 0.349188029594 1.0 1.0 1.0
0.0527054108216 1.0 0.34501437347 1.0 1.0 1.0
0.0533066132265 1.0 0.340890601085 1.0 1.0 1.0
0.0539078156313 1.0 0.336816116226 1.0 1.0 1.0
0.0545090180361 1.0 0.332790329805 1.0 1.0 1.0
0.0551102204409 1.0 0.328812659778 1.0 1.0 1.0
0.0557114228457 1.0 0.324882531054 1.0 1.0 1.0
0.0563126252505 1.0 0.320999375418 1.0 1.0 1.0
0.0569138276553 1.0 0.317162631444 1.0 1.0 1.0
0.0575150300601 1.0 0.313371744419 1.0 1.0 1.0
0.0581162324649 1.0 0.309626166258 1.0 1.0 1.0
0.0587174348697 1.0 0.305925355428 1.0 1.0 1.0
0.0593186372745 1.0 0.302268776866 1.0 1.0 1.0
0.0599198396794 1.0 0.298655901908 1.0 1.0 1.0
0.0605210420842 1.0 0.295086208204 1.0 1.0 1.0
0.061122244489 1.0 0.291559179652 1.0 1.0 1.0
0.0617234468938 1.0 0.288074306314 1.0 1.0 1.0
0.0623246492986 1.0 0.28463108435 1.0 1.0 1.0
0.0629258517034 1.0 0.281229015941 1.0 1.0 1.0
0.0635270541082 1.0 0.277867609217 1.0 1.0 1.0
0.064128256513 1.0 0.274546378187 1.0 1.0 1.0
0.0647294589178 1.0 0.271264842671 1.0 1.0 1.0
0.0653306613226 1.0 0.268022528225 1.0 1.0 1.0
0.0659318637275 1.0 0.264818966077 1.0 1.0 1.0
0.0665330661323 1.0 0.261653693058 1.0 1.0 1.0
0.0671342685371 1.0 0.258526251535 1.0 1.0 1.0
0.0677354709419 1.0 0.255436189343 1.0 1.0 1.0
0.0683366733467 1.0 0.252383059722 1.0 1.0 1.0
0.0689378757515 1.0 0.249366421254 1.0 1.0 1.0
0.0695390781563 1.0 0.246385837794 1.0 1.0 1.0
0.0701402805611 1.0 0.243440878411 1.0 1.0 1.0
0.0707414829659 1.0 0.240531117324 1.0 1.0 1.0
0.0713426853707 1.0 0.237656133842 1.0 1.0 1.0
0.0719438877756 1.0 0.2348155123 1.0 1.0 1.0
0.0725450901804 1.0 0.232008842004 1.0 1.0 1.0
0.0731462925852 1.0 0.229235717166 1.0 1.0 1.0
0.07374749499 1.0 0.226495736849 1.0 1.0 1.0
0.0743486973948 1.0 0.223788504909 1.0 1.0 1.0
0.0749498997996 1.0 0.221113629936 1.0 1.0 1.0
0.0755511022044 1.0 0.218470725196 1.0 1.0 1.0
0.0761523046092 1.0 0.215859408582 1.0 1.0 1.0
0.076753507014 1.0 0.213279302549 1.0 1.0 1.0
0.0773547094188 1.0 0.210730034067 1.0 1.0 1.0
0.0779559118236 1.0 0.208211234565 1.0 1.0 1.0
0.0785571142285 1.0 0.205722539876 1.0 1.0 1.0
0.0791583166333 1.0 0.203263590185 1.0 1.0 1.0
0.0797595190381 1.0 0.200834029979 1.0 1.0 1.0
0.0803607214429 1.0 0.198433507994 1.0 1.0 1.0
0.0809619238477 1.0 0.196061677163 1.0 1.0 1.0
0.0815631262525 1.0 0.193718194568 1.0 1.0 1.0
0.0821643286573 1.0 0.19140272139 1.0 1.0 1.0
0.0827655310621 1.0 0.189114922858 1.0 1.0 1.0
0.0833667334669 1.0 0.186854468205 1.0 1.0 1.0
0.0839679358717 1.0 0.184621030615 1.0 1.0 1.0
0.0845691382766 1.0 0.182414287177 1.0 1.0 1.0
0.0851703406814 1.0 0.180233918844 0.999999999999 0.999999999999 1.0
0.0857715430862 1.0 0.178079610378 0.999999999999 0.999999999999 0.999999999999
0.086372745491 1.0 0.17595105031 0.999999999999 0.999999999999 0.999999999999
0.0869739478958 1.0 0.173847930895 0.999999999999 0.999999999999 0.999999999999
0.0875751503006 1.0 0.171769948063 0.999999999999 0.999999999999 0.999999999999
0.0881763527054 1.0 0.169716801383 0.999999999999 0.999999999999 0.999999999999
0.0887775551102 1.0 0.167688194011 0.999999999999 0.999999999999 0.999999999999
0.089378757515 1.0 0.165683832651 0.999999999999 0.999999999999 0.999999999999
0.0899799599198 1.0 0.163703427515 0.999999999999 0.999999999999 0.999999999999
0.0905811623246 1.0 0.161746692276 0.999999999999 0.999999999999 0.999999999999
0.0911823647295 1.0 0.159813344031 0.999999999998 0.999999999998 0.999999999999
0.0917835671343 1.0 0.157903103257 0.999999999998 0.999999999998 0.999999999998
0.0923847695391 1.0 0.156015693773 0.999999999998 0.999999999998 0.999999999998
0.0929859719439 1.0 0.154150842697 0.999999999998 0.999999999998 0.999999999998
0.0935871743487 1.0 0.152308280412 0.999999999998 0.999999999998 0.999999999998
0.0941883767535 1.0 0.150487740519 0.999999999997 0.999999999997 0.999999999998
0.0947895791583 1.0 0.148688959807 0.999999999997 0.999999999997 0.999999999997
0.0953907815631 1.0 0.146911678208 0.999999999997 0.999999999997 0.999999999997
0.0959919839679 1.0 0.145155638765 0.999999999996 0.999999999996 0.999999999997
0.0965931863727 1.0 0.143420587589 0.999999999996 0.999999999996 0.999999999997
0.0971943887776 1.0 0.141706273829 0.999999999996 0.999999999996 0.999999999996
0.0977955911824 1.0 0.140012449629 0.999999999995 0.999999999995 0.999999999996
0.0983967935872 1.0 0.138338870097 0.999999999995 0.999999999995 0.999999999995
0.098997995992 1.0 0.136685293269 0.999999999994 0.999999999994 0.999999999995
0.0995991983968 0.0 -0.858936495882 -6.39832631322e-12 -6.39832631322e-12 -5.68933788969e-12
0.100200400802 0.0 -0.848670445572 -7.04436509125e-12 -7.04436509125e-12 -6.25943741284e-12
0.100801603206 0.0 -0.838527095589 -7.75068897951e-12 -7.75068897951e-12 -6.88227252965e-12
0.101402805611 0.0 -0.828504979412 -8.52273807084e-12 -8.52273807084e-12 -7.56239515454e-12
0.102004008016 0.0 -0.818602648051 -9.36573041344e-12 -9.36573041344e-12 -8.3045792465e-12
0.102605210421 0.0 -0.80881866983 -1.02858832562e-11 -1.02858832562e-11 -9.11404285375e-12
0.103206412826 0.0 -0.799151630187 -1.12895248705e-11 -1.12895248705e-11 -9.99633709142e-12
0.10380761523 0.0 -0.789600131467 -1.23837606836e-11 -1.23837606836e-11 -1.09575681861e-11
0.104408817635 0.0 -0.780162792719 -1.3576140212e-11 -1.3576140212e-11 -1.20040644092e-11
0.10501002004 0.0 -0.770838249498 -1.48746570616e-11 -1.48746570616e-11 -1.31429311878e-11
0.105611222445 0.0 -0.761625153666 -1.62878599497e-11 -1.62878599497e-11 -1.43814959941e-11
0.10621242485 0.0 -0.752522173198 -1.78250747496e-11 -1.78250747496e-11 -1.57277524337e-11
0.106813627255 0.0 -0.743527991991 -1.94964044908e-11 -1.94964044908e-11 -1.71903602464e-11
0.107414829659 0.0 -0.73464130967 -2.13126183368e-11 -2.13126183368e-11 -1.87784232608e-11
0.108016032064 0.0 -0.725860841403 -2.32850405624e-11 -2.32850405624e-11 -2.05018224619e-11
0.108617234469 0.0 -0.717185317716 -2.54258836208e-11 -2.54258836208e-11 -2.23711049685e-11
0.109218436874 0.0 -0.708613484305 -2.77485812106e-11 -2.77485812106e-11 -2.43975950553e-11
0.109819639279 0.0 -0.700144101859 -3.02671221419e-11 -3.02671221419e-11 -2.65932831311e-11
0.110420841683 0.0 -0.691775945879 -3.29969385149e-11 -3.29969385149e-11 -2.89712698276e-11
0.111022044088 0.0 -0.683507806503 -3.59539065187e-11 -3.59539065187e-11 -3.15453219102e-11
0.111623246493 0.0 -0.675338488325 -3.91557897217e-11 -3.91557897217e-11 -3.43303163675e-11
0.112224448898 0.0 -0.667266810232 -4.26207957815e-11 -4.26207957815e-11 -3.73419073441e-11
0.112825651303 0.0 -0.659291605223 -4.63687976904e-11 -4.63687976904e-11 -4.05970812523e-11
0.113426853707 0.0 -0.651411720248 -5.0421000708e-11 -5.0421000708e-11 -4.41137126828e-11
0.114028056112 0.0 -0.643626016038 -5.4800053384e-11 -5.4800053384e-11 -4.79111195162e-11
0.114629258517 0.0 -0.635933366938 -5.95301585804e-11 -5.95301585804e-11 -5.20098408785e-11
0.115230460922 0.0 -0.628332660751 -6.46368514268e-11 -6.46368514268e-11 -5.6431637141e-11
0.115831663327 0.0 -0.620822798569 -7.01478874987e-11 -7.01478874987e-11 -6.11997119648e-11
0.116432865731 0.0 -0.613402694621 -7.60922436172e-11 -7.60922436172e-11 -6.63388233235e-11
0.117034068136 0.0 -0.606071276113 -8.25013390937e-11 -8.25013390937e-11 -7.18755055473e-11
0.117635270541 0.0 -0.598827483071 -8.94084806191e-11 -8.94084806191e-11 -7.78379583011e-11
0.118236472946 0.0 -0.591670268193 -9.68489732855e-11 -9.68489732855e-11 -8.42559355618e-11
0.118837675351 0.0 -0.58459859669 -1.04860453654e-10 -1.04860453654e-10 -9.11610786858e-11
0.119438877756 0.0 -0.577611446146 -1.13483111797e-10 -1.13483111797e-10 -9.85872494752e-11
0.12004008016 0.0 -0.570707806361 -1.22759580279e-10 -1.22759580279e-10 -1.06570419156e-10
0.120641282565 0.0 -0.56388667921 -1.32735267222e-10 -1.32735267222e-10 -1.151487794e-10
0.12124248497 0.0 -0.5571470785 -1.43458134261e-10 -1.43458134261e-10 -1.24362631304e-10
0.121843687375 0.0 -0.550488029821 -1.54979584721e-10 -1.54979584721e-10 -1.34254940498e-10
0.12244488978 0.0 -0.543908570412 -1.67354019531e-10 -1.67354019531e-10 -1.44871559193e-10
0.123046092184 0.0 -0.537407749019 -1.80639170289e-10 -1.80639170289e-10 -1.56260671069e-10
0.123647294589 0.0 -0.530984625755 -1.94896321304e-10 -1.94896321304e-10 -1.68473568429e-10
0.124248496994 0.0 -0.52463827197 -2.1019019858e-10 -2.1019019858e-10 -1.81564652202e-10
0.124849699399 0.0 -0.518367770111 -2.26590080032e-10 -2.26590080032e-10 -1.95591542962e-10
0.125450901804 0.0 -0.512172213591 -2.44168907315e-10 -2.44168907315e-10 -2.10615191953e-10
0.126052104208 0.0 -0.506050706661 -2.63004062973e-10 -2.63004062973e-10 -2.26700103134e-10
0.126653306613 0.0 -0.500002364276 -2.83177592486e-10 -2.83177592486e-10 -2.43914666243e-10
0.127254509018 0.0 -0.49402631197 -3.04776537341e-10 -3.04776537341e-10 -2.62331212308e-10
0.127855711423 0.0 -0.488121685728 -3.27892768492e-10 -3.27892768492e-10 -2.8202629121e-10
0.128456913828 0.0 -0.482287631864 -3.526236525e-10 -3.526236525e-10 -3.03080727182e-10
0.129058116232 0.0 -0.476523306892 -3.79072162549e-10 -3.79072162549e-10 -3.25579951888e-10
0.129659318637 0.0 -0.470827877409 -4.07347267029e-10 -4.07347267029e-10 -3.4961433748e-10
0.130260521042 0.0 -0.465200519973 -4.37564096067e-10 -4.37564096067e-10 -3.75279252118e-10
0.130861723447 0.0 -0.459640420984 -4.6984438562e-10 -4.6984438562e-10 -4.02675448541e-10
0.131462925852 0.0 -0.454146776566 -5.04316810535e-10 -5.04316810535e-10 -4.31909341625e-10
0.132064128257 0.0 -0.44871879245 -5.41117095576e-10 -5.41117095576e-10 -4.63093063896e-10
0.132665330661 0.0 -0.443355683861 -5.80388792581e-10 -5.80388792581e-10 -4.9634502064e-10
0.133266533066 0.0 -0.438056675404 -6.2228328046e-10 -6.2228328046e-10 -5.31790056435e-10
0.133867735471 0.0 -0.43282100095 -6.66960375817e-10 -6.66960375817e-10 -5.69559788222e-10
0.134468937876 0.0 -0.42764790353 -7.14588666018e-10 -7.14588666018e-10 -6.09792993878e-10
0.135070140281 0.0 -0.422536635219 -7.65345897769e-10 -7.65345897769e-10 -6.52635778753e-10
0.135671342685 0.0 -0.417486457033 -8.19419587739e-10 -8.19419587739e-10 -6.98242130781e-10
0.13627254509 0.0 -0.412496638819 -8.77007300115e-10 -8.77007300115e-10 -7.46774198035e-10
0.136873747495 0.0 -0.407566459152 -9.38317146204e-10 -9.38317146204e-10 -7.98402566282e-10
0.1374749499 0.0 -0.40269520523 -1.00356845056e-09 -1.00356845056e-09 -8.53306869608e-10
0.138076152305 0.0 -0.397882172769 -1.07299225061e-09 -1.07299225061e-09 -9.11676178994e-10
0.138677354709 0.0 -0.393126665904 -1.14683162966e-09 -1.14683162966e-09 -9.73709113339e-10
0.139278557114 0.0 -0.388427997085 -1.22534243863e-09 -1.22534243863e-09 -1.03961467213e-09
0.139879759519 0.0 -0.383785486982 -1.3087939621e-09 -1.3087939621e-09 -1.1096125685e-09
0.140480961924 0.0 -0.379198464383 -1.39746941796e-09 -1.39746941796e-09 -1.1839335623e-09
0.141082164329 0.0 -0.374666266099 -1.49166662355e-09 -1.49166662355e-09 -1.26282018176e-09
0.141683366733 0.0 -0.370188236866 -1.59169871727e-09 -1.59169871727e-09 -1.34652711203e-09
0.142284569138 0.0 -0.365763729255 -1.69789482474e-09 -1.69789482474e-09 -1.43532191688e-09
0.142885771543 0.0 -0.361392103571 -1.81060072491e-09 -1.81060072491e-09 -1.52948526067e-09
0.143486973948 0.0 -0.357072727768 -1.93017962724e-09 -1.93017962724e-09 -1.62931179659e-09
0.144088176353 0.0 -0.352804977352 -2.05701305989e-09 -2.05701305989e-09 -1.73511061075e-09
0.144689378758 0.0 -0.348588235294 -2.19150148029e-09 -2.19150148029e-09 -1.84720599927e-09
0.145290581162 0.0 -0.34442189194 -2.3340653299e-09 -2.3340653299e-09 -1.96593791246e-09
0.145891783567 0.0 -0.340305344922 -2.48514570034e-09 -2.48514570034e-09 -2.09166273191e-09
0.146492985972 0.0 -0.336237999072 -2.64520538806e-09 -2.64520538806e-09 -2.22475404765e-09
0.147094188377 0.0 -0.332219266336 -2.81472972707e-09 -2.81472972707e-09 -2.36560321332e-09
0.147695390782 0.0 -0.328248565686 -2.99422769912e-09 -2.99422769912e-09 -2.51462023426e-09
0.148296593186 0.0 -0.324325323042 -3.18423287737e-09 -3.18423287737e-09 -2.67223454475e-09
0.148897795591 0.0 -0.320448971182 -3.38530437016e-09 -3.38530437016e-09 -2.83889561858e-09
0.149498997996 0.0 -0.316618949666 -3.59802798666e-09 -3.59802798666e-09 -3.01507402378e-09
0.150100200401 0.0 -0.312834704751 -3.82301751367e-09 -3.82301751367e-09 -3.20126231079e-09
0.150701402806 0.0 -0.309095689314 -4.06091554828e-09 -4.06091554828e-09 -3.39797556759e-09
0.15130260521 0.0 -0.305401362769 -4.31239505216e-09 -4.31239505216e-09 -3.60575264091e-09
0.151903807615 0.0 -0.301751190993 -4.57816040633e-09 -4.57816040633e-09 -3.82515713548e-09
0.15250501002 0.0 -0.298144646245 -4.85894868785e-09 -4.85894868785e-09 -4.05677813564e-09
0.153106212425 0.0 -0.294581207094 -5.15553111313e-09 -5.15553111313e-09 -4.3012314821e-09
0.15370741483 0.0 -0.291060358338 -5.46871437024e-09 -5.46871437024e-09 -4.55916054909e-09
0.154308617234 0.0 -0.287581590937 -5.79934211764e-09 -5.79934211764e-09 -4.83123768769e-09
0.154909819639 0.0 -0.28414440193 -6.14829637202e-09 -6.14829637202e-09 -5.11816500293e-09
0.155511022044 0.0 -0.280748294372 -6.51649911809e-09 -6.51649911809e-09 -5.4206756861e-09
0.156112224449 0.0 -0.277392777255 -6.90491380739e-09 -6.90491380739e-09 -5.73953534699e-09
0.156713426854 0.0 -0.27407736544 -7.31454730118e-09 -7.31454730118e-09 -6.07554290211e-09
0.157314629259 0.0 -0.270801579586 -7.74645098067e-09 -7.74645098067e-09 -6.42953212893e-09
0.157915831663 0.0 -0.267564946082 -8.20172318949e-09 -8.20172318949e-09 -6.80237299822e-09
0.158517034068 0.0 -0.264366996978 -8.68151056599e-09 -8.68151056599e-09 -7.19497283974e-09
0.159118236473 0.0 -0.261207269915 -9.18701020813e-09 -9.18701020813e-09 -7.60827784108e-09
0.159719438878 0.0 -0.258085308062 -9.71947139439e-09 -9.71947139439e-09 -8.04327471293e-09
0.160320641283 0.0 -0.255000660047 -1.02801975266e-08 -1.02801975266e-08 -8.50099168836e-09
0.160921843687 0.0 -0.251952879894 -1.08705486834e-08 -1.08705486834e-08 -8.98250063219e-09
0.161523046092 0.0 -0.248941526955 -1.14919431471e-08 -1.14919431471e-08 -9.48891823449e-09
0.162124248497 0.0 -0.245966165852 -1.21458600122e-08 -1.21458600122e-08 -1.00214077869e-08
0.162725450902 0.0 -0.243026366408 -1.28338412675e-08 -1.28338412675e-08 -1.05811808759e-08
0.163326653307 0.0 -0.240121703588 -1.35574942106e-08 -1.35574942106e-08 -1.11694991034e-08
0.163927855711 0.0 -0.237251757438 -1.43184938628e-08 -1.43184938628e-08 -1.17876758909e-08
0.164529058116 0.0 -0.234416113022 -1.51185854946e-08 -1.51185854946e-08 -1.24370782839e-08
0.165130260521 0.0 -0.231614360365 -1.59595871241e-08 -1.59595871241e-08 -1.31191290054e-08
0.165731462926 0.0 -0.22884609439 -1.6843392181e-08 -1.6843392181e-08 -1.38353081491e-08
0.166332665331 0.0 -0.226110914863 -1.77719723105e-08 -1.77719723105e-08 -1.45871554558e-08
0.166933867735 0.0 -0.223408426334 -1.8747380176e-08 -1.8747380176e-08 -1.53762722555e-08
0.16753507014 0.0 -0.220738238077 -1.97717523187e-08 -1.97717523187e-08 -1.62043235774e-08
0.168136272545 0.0 -0.218099964039 -2.08473121821e-08 -2.08473121821e-08 -1.70730404259e-08
0.16873747495 0.0 -0.215493222779 -2.19763731935e-08 -2.19763731935e-08 -1.79842220005e-08
0.169338677355 0.0 -0.212917637416 -2.31613419555e-08 -2.31613419555e-08 -1.89397380557e-08
0.16993987976 0.0 -0.210372835573 -2.44047214659e-08 -2.44047214659e-08 -1.99415312319e-08
0.170541082164 0.0 -0.207858449324 -2.57091145595e-08 -2.57091145595e-08 -2.09916194982e-08
0.171142284569 0.0 -0.205374115141 -2.70772273214e-08 -2.70772273214e-08 -2.20920987615e-08
0.171743486974 0.0 -0.202919473839 -2.85118726406e-08 -2.85118726406e-08 -2.32451454196e-08
0.172344689379 0.0 -0.200494170528 -3.00159739841e-08 -3.00159739841e-08 -2.44530189986e-08
0.172945891784 0.0 -0.198097854559 -3.15925690331e-08 -3.15925690331e-08 -2.57180649277e-08
0.173547094188 0.0 -0.195730179474 -3.32448137075e-08 -3.32448137075e-08 -2.7042717371e-08
0.174148296593 0.0 -0.193390802955 -3.49759860241e-08 -3.49759860241e-08 -2.84295020303e-08
0.174749498998 0.0 -0.191079386777 -3.6789490343e-08 -3.6789490343e-08 -2.98810391708e-08
0.175350701403 0.0 -0.188795596756 -3.86888615034e-08 -3.86888615034e-08 -3.14000467017e-08
0.175951903808 0.0 -0.186539102703 -4.06777692086e-08 -4.06777692086e-08 -3.29893432849e-08
0.176553106212 0.0 -0.184309578376 -4.2760022495e-08 -4.2760022495e-08 -3.46518514716e-08
0.177154308617 0.0 -0.18210670143 -4.49395742841e-08 -4.49395742841e-08 -3.63906010603e-08
0.177755511022 0.0 -0.179930153376 -4.72205261837e-08 -4.72205261837e-08 -3.82087325113e-08
0.178356713427 0.0 -0.177779619529 -4.9607133179e-08 -4.9607133179e-08 -4.01095002767e-08
0.178957915832 0.0 -0.175654788966 -5.21038087953e-08 -5.21038087953e-08 -4.20962764924e-08
0.179559118236 0.0 -0.17355535448 -5.47151301211e-08 -5.47151301211e-08 -4.41725546141e-08
0.180160320641 0.0 -0.171481012536 -5.74458430269e-08 -5.74458430269e-08 -4.63419530528e-08
0.180761523046 0.0 -0.169431463227 -6.03008676603e-08 -6.03008676603e-08 -4.86082191165e-08
0.181362725451 0.0 -0.167406410229 -6.32853038307e-08 -6.32853038307e-08 -5.09752328404e-08
0.181963927856 0.0 -0.165405560763 -6.64044367826e-08 -6.64044367826e-08 -5.34470110947e-08
0.182565130261 0.0 -0.163428625545 -6.96637430797e-08 -6.96637430797e-08 -5.60277116368e-08
0.183166332665 0.0 -0.161475318752 -7.30688964612e-08 -7.30688964612e-08 -5.87216374415e-08
0.18376753507 0.0 -0.159545357976 -7.66257740592e-08 -7.66257740592e-08 -6.15332408638e-08
0.184368737475 0.0 -0.157638464184 -8.03404626437e-08 -8.03404626437e-08 -6.44671282746e-08
0.18496993988 0.0 -0.155754361678 -8.42192651451e-08 -8.42192651451e-08 -6.75280643625e-08
0.185571142285 0.0 -0.153892778057 -8.82687072323e-08 -8.82687072323e-08 -7.07209770745e-08
0.186172344689 0.0 -0.152053444172 -9.24955440851e-08 -9.24955440851e-08 -7.40509620567e-08
0.186773547094 0.0 -0.150236094094 -9.69067674161e-08 -9.69067674161e-08 -7.75232877614e-08
0.187374749499 0.0 -0.148440465071 -1.01509612521e-07 -1.01509612521e-07 -8.11434003045e-08
0.187975951904 0.0 -0.146666297493 -1.06311565634e-07 -1.06311565634e-07 -8.49169286554e-08
0.188577154309 0.0 -0.144913334852 -1.11320371421e-07 -1.11320371421e-07 -8.88496897167e-08
0.189178356713 0.0 -0.143181323704 -1.16544040668e-07 -1.16544040668e-07 -9.29476938472e-08
0.189779559118 0.0 -0.141470013636 -1.2199085811e-07 -1.2199085811e-07 -9.72171501357e-08
0.190380761523 0.0 -0.139779157229 -1.27669390532e-07 -1.27669390532e-07 -1.01664472119e-07
0.190981963928 0.0 -0.138108510019 -1.33588494933e-07 -1.33588494933e-07 -1.06296283359e-07
0.191583166333 0.0 -0.136457830465 -1.397573271e-07 -1.397573271e-07 -1.11119423413e-07
0.192184368737 0.0 -0.134826879912 -1.46185350131e-07 -1.46185350131e-07 -1.16140953743e-07
0.192785571142 0.0 -0.133215422559 -1.52882343368e-07 -1.52882343368e-07 -1.21368163769e-07
0.193386773547 0.0 -0.131623225421 -1.59858411397e-07 -1.59858411397e-07 -1.26808577083e-07
0.193987975952 0.0 -0.130050058301 -1.67123993394e-07 -1.67123993394e-07 -1.32469957947e-07
0.194589178357 0.0 -0.128495693749 -1.74689872595e-07 -1.74689872595e-07 -1.38360317675e-07
0.195190380762 0.0 -0.126959907037 -1.82567185897e-07 -1.82567185897e-07 -1.44487921239e-07
0.195791583166 0.0 -0.125442476122 -1.90767434016e-07 -1.90767434016e-07 -1.50861294179e-07
0.196392785571 0.0 -0.123943181614 -1.99302491413e-07 -1.99302491413e-07 -1.57489229421e-07
0.196993987976 0.0 -0.122461806746 -2.08184616837e-07 -2.08184616837e-07 -1.64380794407e-07
0.197595190381 0.0 -0.120998137342 -2.17426463847e-07 -2.17426463847e-07 -1.71545338254e-07
0.198196392786 0.0 -0.119551961785 -2.27041091788e-07 -2.27041091788e-07 -1.78992499197e-07
0.19879759519 0.0 -0.118123070988 -2.37041976811e-07 -2.37041976811e-07 -1.86732212012e-07
0.199398797595 0.0 -0.116711258362 -2.47443023238e-07 -2.47443023238e-07 -1.94774715759e-07
# PL     : (pIni=0) (pIni=pD) (pIni=Int(pD))
# PL-ITER: 18 17 18
# PL-MSE : 1.56456304917e-15 1.56456304917e-15 9.83526092494e-16
