# FILE:  main_inv_EX2.py
# SIMULATION PARAMETERS ---------------------------------------
# zMin  = 0.0
# zMax  = 0.3
# p0-PROFILE --------------------------------------------------
# zAMin = 0.1
# zAMax = 0.2
# N     = 500
# IRRADIATION SOURCE PROFILE ----------------------------------
# a0    = 0.1
# DETECTOR POSITION -------------------------------------------
# zD    = -0.01
# MATERIAL PARAMETERS -----------------------------------------
# c0    = 1.0
# OPTOACOUSTIC PARAMETERS -------------------------------------
# wD    = 2.0
# D     = 0.0318309886184
# SIMULATION RESULTS --------------------------------------
-0.0993987975952 0.0 0.0 0.0 0.0 0.0
-0.0987975951904 0.0 0.0 0.0 0.0 0.0
-0.0981963927856 0.0 0.0 0.0 0.0 0.0
-0.0975951903808 0.0 0.0 0.0 0.0 0.0
-0.096993987976 0.0 0.0 0.0 0.0 0.0
-0.0963927855711 0.0 0.0 0.0 0.0 0.0
-0.0957915831663 0.0 0.0 0.0 0.0 0.0
-0.0951903807615 0.0 0.0 0.0 0.0 0.0
-0.0945891783567 0.0 0.0 0.0 0.0 0.0
-0.0939879759519 0.0 0.0 0.0 0.0 0.0
-0.0933867735471 0.0 0.0 0.0 0.0 0.0
-0.0927855711423 0.0 0.0 0.0 0.0 0.0
-0.0921843687375 0.0 0.0 0.0 0.0 0.0
-0.0915831663327 0.0 0.0 0.0 0.0 0.0
-0.0909819639279 0.0 0.0 0.0 0.0 0.0
-0.090380761523 0.0 0.0 0.0 0.0 0.0
-0.0897795591182 0.0 0.0 0.0 0.0 0.0
-0.0891783567134 0.0 0.0 0.0 0.0 0.0
-0.0885771543086 0.0 0.0 0.0 0.0 0.0
-0.0879759519038 0.0 0.0 0.0 0.0 0.0
-0.087374749499 0.0 0.0 0.0 0.0 0.0
-0.0867735470942 0.0 0.0 0.0 0.0 0.0
-0.0861723446894 0.0 0.0 0.0 0.0 0.0
-0.0855711422846 0.0 0.0 0.0 0.0 0.0
-0.0849699398798 0.0 0.0 0.0 0.0 0.0
-0.0843687374749 0.0 0.0 0.0 0.0 0.0
-0.0837675350701 0.0 0.0 0.0 0.0 0.0
-0.0831663326653 0.0 0.0 0.0 0.0 0.0
-0.0825651302605 0.0 0.0 0.0 0.0 0.0
-0.0819639278557 0.0 0.0 0.0 0.0 0.0
-0.0813627254509 0.0 0.0 0.0 0.0 0.0
-0.0807615230461 0.0 0.0 0.0 0.0 0.0
-0.0801603206413 0.0 0.0 0.0 0.0 0.0
-0.0795591182365 0.0 0.0 0.0 0.0 0.0
-0.0789579158317 0.0 0.0 0.0 0.0 0.0
-0.0783567134269 0.0 0.0 0.0 0.0 0.0
-0.077755511022 0.0 0.0 0.0 0.0 0.0
-0.0771543086172 0.0 0.0 0.0 0.0 0.0
-0.0765531062124 0.0 0.0 0.0 0.0 0.0
-0.0759519038076 0.0 0.0 0.0 0.0 0.0
-0.0753507014028 0.0 0.0 0.0 0.0 0.0
-0.074749498998 0.0 0.0 0.0 0.0 0.0
-0.0741482965932 0.0 0.0 0.0 0.0 0.0
-0.0735470941884 0.0 0.0 0.0 0.0 0.0
-0.0729458917836 0.0 0.0 0.0 0.0 0.0
-0.0723446893788 0.0 0.0 0.0 0.0 0.0
-0.0717434869739 0.0 0.0 0.0 0.0 0.0
-0.0711422845691 0.0 0.0 0.0 0.0 0.0
-0.0705410821643 0.0 0.0 0.0 0.0 0.0
-0.0699398797595 0.0 0.0 0.0 0.0 0.0
-0.0693386773547 0.0 0.0 0.0 0.0 0.0
-0.0687374749499 0.0 0.0 0.0 0.0 0.0
-0.0681362725451 0.0 0.0 0.0 0.0 0.0
-0.0675350701403 0.0 0.0 0.0 0.0 0.0
-0.0669338677355 0.0 0.0 0.0 0.0 0.0
-0.0663326653307 0.0 0.0 0.0 0.0 0.0
-0.0657314629259 0.0 0.0 0.0 0.0 0.0
-0.065130260521 0.0 0.0 0.0 0.0 0.0
-0.0645290581162 0.0 0.0 0.0 0.0 0.0
-0.0639278557114 0.0 0.0 0.0 0.0 0.0
-0.0633266533066 0.0 0.0 0.0 0.0 0.0
-0.0627254509018 0.0 0.0 0.0 0.0 0.0
-0.062124248497 0.0 0.0 0.0 0.0 0.0
-0.0615230460922 0.0 0.0 0.0 0.0 0.0
-0.0609218436874 0.0 0.0 0.0 0.0 0.0
-0.0603206412826 0.0 0.0 0.0 0.0 0.0
-0.0597194388778 0.0 0.0 0.0 0.0 0.0
-0.0591182364729 0.0 0.0 0.0 0.0 0.0
-0.0585170340681 0.0 0.0 0.0 0.0 0.0
-0.0579158316633 0.0 0.0 0.0 0.0 0.0
-0.0573146292585 0.0 0.0 0.0 0.0 0.0
-0.0567134268537 0.0 0.0 0.0 0.0 0.0
-0.0561122244489 0.0 0.0 0.0 0.0 0.0
-0.0555110220441 0.0 0.0 0.0 0.0 0.0
-0.0549098196393 0.0 0.0 0.0 0.0 0.0
-0.0543086172345 0.0 0.0 0.0 0.0 0.0
-0.0537074148297 0.0 0.0 0.0 0.0 0.0
-0.0531062124248 0.0 0.0 0.0 0.0 0.0
-0.05250501002 0.0 0.0 0.0 0.0 0.0
-0.0519038076152 0.0 0.0 0.0 0.0 0.0
-0.0513026052104 0.0 0.0 0.0 0.0 0.0
-0.0507014028056 0.0 0.0 0.0 0.0 0.0
-0.0501002004008 0.0 0.0 0.0 0.0 0.0
-0.049498997996 0.0 0.0 0.0 0.0 0.0
-0.0488977955912 0.0 0.0 0.0 0.0 0.0
-0.0482965931864 0.0 0.0 0.0 0.0 0.0
-0.0476953907816 0.0 0.0 0.0 0.0 0.0
-0.0470941883768 0.0 0.0 0.0 0.0 0.0
-0.0464929859719 0.0 0.0 0.0 0.0 0.0
-0.0458917835671 0.0 0.0 0.0 0.0 0.0
-0.0452905811623 0.0 0.0 0.0 0.0 0.0
-0.0446893787575 0.0 0.0 0.0 0.0 0.0
-0.0440881763527 0.0 0.0 0.0 0.0 0.0
-0.0434869739479 0.0 0.0 0.0 0.0 0.0
-0.0428857715431 0.0 0.0 0.0 0.0 0.0
-0.0422845691383 0.0 0.0 0.0 0.0 0.0
-0.0416833667335 0.0 0.0 0.0 0.0 0.0
-0.0410821643287 0.0 0.0 0.0 0.0 0.0
-0.0404809619238 0.0 0.0 0.0 0.0 0.0
-0.039879759519 0.0 0.0 0.0 0.0 0.0
-0.0392785571142 0.0 0.0 0.0 0.0 0.0
-0.0386773547094 0.0 0.0 0.0 0.0 0.0
-0.0380761523046 0.0 0.0 0.0 0.0 0.0
-0.0374749498998 0.0 0.0 0.0 0.0 0.0
-0.036873747495 0.0 0.0 0.0 0.0 0.0
-0.0362725450902 0.0 0.0 0.0 0.0 0.0
-0.0356713426854 0.0 0.0 0.0 0.0 0.0
-0.0350701402806 0.0 0.0 0.0 0.0 0.0
-0.0344689378758 0.0 0.0 0.0 0.0 0.0
-0.0338677354709 0.0 0.0 0.0 0.0 0.0
-0.0332665330661 0.0 0.0 0.0 0.0 0.0
-0.0326653306613 0.0 0.0 0.0 0.0 0.0
-0.0320641282565 0.0 0.0 0.0 0.0 0.0
-0.0314629258517 0.0 0.0 0.0 0.0 0.0
-0.0308617234469 0.0 0.0 0.0 0.0 0.0
-0.0302605210421 0.0 0.0 0.0 0.0 0.0
-0.0296593186373 0.0 0.0 0.0 0.0 0.0
-0.0290581162325 0.0 0.0 0.0 0.0 0.0
-0.0284569138277 0.0 0.0 0.0 0.0 0.0
-0.0278557114228 0.0 0.0 0.0 0.0 0.0
-0.027254509018 0.0 0.0 0.0 0.0 0.0
-0.0266533066132 0.0 0.0 0.0 0.0 0.0
-0.0260521042084 0.0 0.0 0.0 0.0 0.0
-0.0254509018036 0.0 0.0 0.0 0.0 0.0
-0.0248496993988 0.0 0.0 0.0 0.0 0.0
-0.024248496994 0.0 0.0 0.0 0.0 0.0
-0.0236472945892 0.0 0.0 0.0 0.0 0.0
-0.0230460921844 0.0 0.0 0.0 0.0 0.0
-0.0224448897796 0.0 0.0 0.0 0.0 0.0
-0.0218436873747 0.0 0.0 0.0 0.0 0.0
-0.0212424849699 0.0 0.0 0.0 0.0 0.0
-0.0206412825651 0.0 0.0 0.0 0.0 0.0
-0.0200400801603 0.0 0.0 0.0 0.0 0.0
-0.0194388777555 0.0 0.0 0.0 0.0 0.0
-0.0188376753507 0.0 0.0 0.0 0.0 0.0
-0.0182364729459 0.0 0.0 0.0 0.0 0.0
-0.0176352705411 0.0 0.0 0.0 0.0 0.0
-0.0170340681363 0.0 0.0 0.0 0.0 0.0
-0.0164328657315 0.0 0.0 0.0 0.0 0.0
-0.0158316633267 0.0 0.0 0.0 0.0 0.0
-0.0152304609218 0.0 0.0 0.0 0.0 0.0
-0.014629258517 0.0 0.0 0.0 0.0 0.0
-0.0140280561122 0.0 0.0 0.0 0.0 0.0
-0.0134268537074 0.0 0.0 0.0 0.0 0.0
-0.0128256513026 0.0 0.0 0.0 0.0 0.0
-0.0122244488978 0.0 0.0 0.0 0.0 0.0
-0.011623246493 0.0 0.0 0.0 0.0 0.0
-0.0110220440882 0.0 0.0 0.0 0.0 0.0
-0.0104208416834 0.0 0.0 0.0 0.0 0.0
-0.00981963927856 0.0 0.0 0.0 0.0 0.0
-0.00921843687375 0.0 0.0 0.0 0.0 0.0
-0.00861723446894 0.0 0.0 0.0 0.0 0.0
-0.00801603206413 0.0 0.0 0.0 0.0 0.0
-0.00741482965932 0.0 0.0 0.0 0.0 0.0
-0.00681362725451 0.0 0.0 0.0 0.0 0.0
-0.0062124248497 0.0 0.0 0.0 0.0 0.0
-0.00561122244489 0.0 0.0 0.0 0.0 0.0
-0.00501002004008 0.0 0.0 0.0 0.0 0.0
-0.00440881763527 0.0 0.0 0.0 0.0 0.0
-0.00380761523046 0.0 0.0 0.0 0.0 0.0
-0.00320641282565 0.0 0.0 0.0 0.0 0.0
-0.00260521042084 0.0 0.0 0.0 0.0 0.0
-0.00200400801603 0.0 0.0 0.0 0.0 0.0
-0.00140280561122 0.0 0.0 0.0 0.0 0.0
-0.000801603206413 0.0 0.0 0.0 0.0 1.02547530052e-29
-0.000200400801603 1.0 0.999398797595 1.0 1.0 1.0
0.000400801603206 1.0 0.998197837694 1.0 1.0 1.0
0.00100200400802 1.0 0.996998320965 1.0 1.0 1.0
0.00160320641283 1.0 0.995800245674 1.0 1.0 1.0
0.00220440881764 1.0 0.994603610089 1.0 1.0 1.0
0.00280561122244 1.0 0.993408412479 1.0 1.0 1.0
0.00340681362725 1.0 0.992214651117 1.0 1.0 1.0
0.00400801603206 1.0 0.991022324277 1.0 1.0 1.0
0.00460921843687 1.0 0.989831430235 1.0 1.0 1.0
0.00521042084168 1.0 0.988641967269 1.0 1.0 1.0
0.00581162324649 1.0 0.987453933659 1.0 1.0 1.0
0.0064128256513 1.0 0.986267327689 1.0 1.0 1.0
0.00701402805611 1.0 0.985082147641 1.0 1.0 1.0
0.00761523046092 1.0 0.983898391804 1.0 1.0 1.0
0.00821643286573 1.0 0.982716058464 1.0 1.0 1.0
0.00881763527054 1.0 0.981535145914 1.0 1.0 1.0
0.00941883767535 1.0 0.980355652445 1.0 1.0 1.0
0.0100200400802 1.0 0.979177576353 1.0 1.0 1.0
0.010621242485 1.0 0.978000915934 1.0 1.0 1.0
0.0112224448898 1.0 0.976825669486 1.0 1.0 1.0
0.0118236472946 1.0 0.975651835312 1.0 1.0 1.0
0.0124248496994 1.0 0.974479411713 1.0 1.0 1.0
0.0130260521042 1.0 0.973308396994 1.0 1.0 1.0
0.013627254509 1.0 0.972138789463 1.0 1.0 1.0
0.0142284569138 1.0 0.970970587429 1.0 1.0 1.0
0.0148296593186 1.0 0.969803789202 1.0 1.0 1.0
0.0154308617234 1.0 0.968638393096 1.0 1.0 1.0
0.0160320641283 1.0 0.967474397426 1.0 1.0 1.0
0.0166332665331 1.0 0.966311800509 1.0 1.0 1.0
0.0172344689379 1.0 0.965150600663 1.0 1.0 1.0
0.0178356713427 1.0 0.963990796211 1.0 1.0 1.0
0.0184368737475 1.0 0.962832385475 1.0 1.0 1.0
0.0190380761523 1.0 0.961675366781 1.0 1.0 1.0
0.0196392785571 1.0 0.960519738456 1.0 1.0 1.0
0.0202404809619 1.0 0.959365498828 1.0 1.0 1.0
0.0208416833667 1.0 0.95821264623 1.0 1.0 1.0
0.0214428857715 1.0 0.957061178994 1.0 1.0 1.0
0.0220440881764 1.0 0.955911095456 1.0 1.0 1.0
0.0226452905812 1.0 0.954762393953 1.0 1.0 1.0
0.023246492986 1.0 0.953615072824 1.0 1.0 1.0
0.0238476953908 1.0 0.952469130411 1.0 1.0 1.0
0.0244488977956 1.0 0.951324565056 1.0 1.0 1.0
0.0250501002004 1.0 0.950181375105 1.0 1.0 1.0
0.0256513026052 1.0 0.949039558905 1.0 1.0 1.0
0.02625250501 1.0 0.947899114805 1.0 1.0 1.0
0.0268537074148 1.0 0.946760041156 1.0 1.0 1.0
0.0274549098196 1.0 0.945622336312 1.0 1.0 1.0
0.0280561122244 1.0 0.944485998628 1.0 1.0 1.0
0.0286573146293 1.0 0.94335102646 1.0 1.0 1.0
0.0292585170341 1.0 0.942217418169 1.0 1.0 1.0
0.0298597194389 1.0 0.941085172114 1.0 1.0 1.0
0.0304609218437 1.0 0.939954286659 1.0 1.0 1.0
0.0310621242485 1.0 0.93882476017 1.0 1.0 1.0
0.0316633266533 1.0 0.937696591012 1.0 1.0 1.0
0.0322645290581 1.0 0.936569777554 1.0 1.0 1.0
0.0328657314629 1.0 0.935444318169 1.0 1.0 1.0
0.0334669338677 1.0 0.934320211228 1.0 1.0 1.0
0.0340681362725 1.0 0.933197455106 1.0 1.0 1.0
0.0346693386774 1.0 0.932076048181 1.0 1.0 1.0
0.0352705410822 1.0 0.93095598883 1.0 1.0 1.0
0.035871743487 1.0 0.929837275435 1.0 1.0 1.0
0.0364729458918 1.0 0.928719906377 1.0 1.0 1.0
0.0370741482966 1.0 0.927603880042 1.0 1.0 1.0
0.0376753507014 1.0 0.926489194816 1.0 1.0 1.0
0.0382765531062 1.0 0.925375849088 1.0 1.0 1.0
0.038877755511 1.0 0.924263841247 1.0 1.0 1.0
0.0394789579158 1.0 0.923153169686 1.0 1.0 1.0
0.0400801603206 1.0 0.9220438328 1.0 1.0 1.0
0.0406813627255 1.0 0.920935828984 1.0 1.0 1.0
0.0412825651303 1.0 0.919829156636 1.0 1.0 1.0
0.0418837675351 1.0 0.918723814157 1.0 1.0 1.0
0.0424849699399 1.0 0.917619799948 1.0 1.0 1.0
0.0430861723447 1.0 0.916517112414 1.0 1.0 1.0
0.0436873747495 1.0 0.91541574996 1.0 1.0 1.0
0.0442885771543 1.0 0.914315710993 1.0 1.0 1.0
0.0448897795591 1.0 0.913216993923 1.0 1.0 1.0
0.0454909819639 1.0 0.912119597162 1.0 1.0 1.0
0.0460921843687 1.0 0.911023519124 1.0 1.0 1.0
0.0466933867735 1.0 0.909928758223 1.0 1.0 1.0
0.0472945891784 1.0 0.908835312876 1.0 1.0 1.0
0.0478957915832 1.0 0.907743181503 1.0 1.0 1.0
0.048496993988 1.0 0.906652362526 1.0 1.0 1.0
0.0490981963928 1.0 0.905562854366 1.0 1.0 1.0
0.0496993987976 1.0 0.904474655448 1.0 1.0 1.0
0.0503006012024 1.0 0.9033877642 1.0 1.0 1.0
0.0509018036072 1.0 0.90230217905 1.0 1.0 1.0
0.051503006012 1.0 0.901217898428 1.0 1.0 1.0
0.0521042084168 1.0 0.900134920767 1.0 1.0 1.0
0.0527054108216 1.0 0.8990532445 1.0 1.0 1.0
0.0533066132265 1.0 0.897972868065 1.0 1.0 1.0
0.0539078156313 1.0 0.896893789899 1.0 1.0 1.0
0.0545090180361 1.0 0.895816008442 1.0 1.0 1.0
0.0551102204409 1.0 0.894739522136 0.999999999999 0.999999999999 0.999999999999
0.0557114228457 1.0 0.893664329425 0.999999999999 0.999999999999 0.999999999999
0.0563126252505 1.0 0.892590428753 0.999999999999 0.999999999999 0.999999999999
0.0569138276553 1.0 0.891517818569 0.999999999999 0.999999999999 0.999999999999
0.0575150300601 1.0 0.890446497321 0.999999999999 0.999999999999 0.999999999999
0.0581162324649 1.0 0.889376463461 0.999999999999 0.999999999999 0.999999999999
0.0587174348697 1.0 0.888307715441 0.999999999999 0.999999999999 0.999999999999
0.0593186372745 1.0 0.887240251717 0.999999999999 0.999999999999 0.999999999999
0.0599198396794 1.0 0.886174070746 0.999999999999 0.999999999999 0.999999999999
0.0605210420842 1.0 0.885109170984 0.999999999999 0.999999999999 0.999999999999
0.061122244489 1.0 0.884045550894 0.999999999999 0.999999999999 0.999999999999
0.0617234468938 1.0 0.882983208938 0.999999999999 0.999999999999 0.999999999999
0.0623246492986 1.0 0.881922143579 0.999999999999 0.999999999999 0.999999999999
0.0629258517034 1.0 0.880862353283 0.999999999999 0.999999999999 0.999999999999
0.0635270541082 1.0 0.879803836518 0.999999999998 0.999999999998 0.999999999998
0.064128256513 1.0 0.878746591754 0.999999999998 0.999999999998 0.999999999998
0.0647294589178 1.0 0.877690617462 0.999999999998 0.999999999998 0.999999999998
0.0653306613226 1.0 0.876635912116 0.999999999998 0.999999999998 0.999999999998
0.0659318637275 1.0 0.875582474191 0.999999999998 0.999999999998 0.999999999998
0.0665330661323 1.0 0.874530302163 0.999999999998 0.999999999998 0.999999999998
0.0671342685371 1.0 0.873479394511 0.999999999998 0.999999999998 0.999999999998
0.0677354709419 1.0 0.872429749717 0.999999999997 0.999999999997 0.999999999997
0.0683366733467 1.0 0.871381366262 0.999999999997 0.999999999997 0.999999999997
0.0689378757515 1.0 0.87033424263 0.999999999997 0.999999999997 0.999999999997
0.0695390781563 1.0 0.869288377309 0.999999999997 0.999999999997 0.999999999997
0.0701402805611 1.0 0.868243768785 0.999999999997 0.999999999997 0.999999999997
0.0707414829659 1.0 0.867200415549 0.999999999996 0.999999999996 0.999999999996
0.0713426853707 1.0 0.866158316092 0.999999999996 0.999999999996 0.999999999996
0.0719438877756 1.0 0.865117468907 0.999999999996 0.999999999996 0.999999999996
0.0725450901804 1.0 0.86407787249 0.999999999995 0.999999999995 0.999999999996
0.0731462925852 1.0 0.863039525337 0.999999999995 0.999999999995 0.999999999995
0.07374749499 1.0 0.862002425948 0.999999999995 0.999999999995 0.999999999995
0.0743486973948 1.0 0.860966572822 0.999999999995 0.999999999995 0.999999999995
0.0749498997996 1.0 0.859931964463 0.999999999994 0.999999999994 0.999999999994
0.0755511022044 1.0 0.858898599374 0.999999999994 0.999999999994 0.999999999994
0.0761523046092 1.0 0.857866476062 0.999999999993 0.999999999993 0.999999999993
0.076753507014 1.0 0.856835593034 0.999999999993 0.999999999993 0.999999999993
0.0773547094188 1.0 0.855805948799 0.999999999993 0.999999999993 0.999999999993
0.0779559118236 1.0 0.85477754187 0.999999999992 0.999999999992 0.999999999992
0.0785571142285 1.0 0.853750370759 0.999999999992 0.999999999992 0.999999999992
0.0791583166333 1.0 0.852724433982 0.999999999991 0.999999999991 0.999999999991
0.0797595190381 1.0 0.851699730054 0.999999999991 0.999999999991 0.999999999991
0.0803607214429 1.0 0.850676257495 0.99999999999 0.99999999999 0.99999999999
0.0809619238477 1.0 0.849654014824 0.999999999989 0.999999999989 0.99999999999
0.0815631262525 1.0 0.848633000565 0.999999999989 0.999999999989 0.999999999989
0.0821643286573 1.0 0.84761321324 0.999999999988 0.999999999988 0.999999999988
0.0827655310621 1.0 0.846594651375 0.999999999987 0.999999999987 0.999999999988
0.0833667334669 1.0 0.845577313498 0.999999999987 0.999999999987 0.999999999987
0.0839679358717 1.0 0.844561198138 0.999999999986 0.999999999986 0.999999999986
0.0845691382766 1.0 0.843546303826 0.999999999985 0.999999999985 0.999999999985
0.0851703406814 1.0 0.842532629094 0.999999999984 0.999999999984 0.999999999984
0.0857715430862 1.0 0.841520172477 0.999999999983 0.999999999983 0.999999999984
0.086372745491 1.0 0.840508932511 0.999999999982 0.999999999982 0.999999999983
0.0869739478958 1.0 0.839498907734 0.999999999981 0.999999999981 0.999999999982
0.0875751503006 1.0 0.838490096686 0.99999999998 0.99999999998 0.999999999981
0.0881763527054 1.0 0.837482497908 0.999999999979 0.999999999979 0.99999999998
0.0887775551102 1.0 0.836476109944 0.999999999978 0.999999999978 0.999999999979
0.089378757515 1.0 0.835470931339 0.999999999977 0.999999999977 0.999999999977
0.0899799599198 1.0 0.834466960638 0.999999999976 0.999999999976 0.999999999976
0.0905811623246 1.0 0.833464196391 0.999999999974 0.999999999974 0.999999999975
0.0911823647295 1.0 0.832462637149 0.999999999973 0.999999999973 0.999999999974
0.0917835671343 1.0 0.831462281462 0.999999999972 0.999999999972 0.999999999972
0.0923847695391 1.0 0.830463127885 0.99999999997 0.99999999997 0.999999999971
0.0929859719439 1.0 0.829465174973 0.999999999969 0.999999999969 0.999999999969
0.0935871743487 1.0 0.828468421283 0.999999999967 0.999999999967 0.999999999968
0.0941883767535 1.0 0.827472865374 0.999999999965 0.999999999965 0.999999999966
0.0947895791583 1.0 0.826478505807 0.999999999964 0.999999999964 0.999999999964
0.0953907815631 1.0 0.825485341144 0.999999999962 0.999999999962 0.999999999963
0.0959919839679 1.0 0.82449336995 0.99999999996 0.99999999996 0.999999999961
0.0965931863727 1.0 0.82350259079 0.999999999958 0.999999999958 0.999999999959
0.0971943887776 1.0 0.822513002231 0.999999999956 0.999999999956 0.999999999957
0.0977955911824 1.0 0.821524602844 0.999999999953 0.999999999953 0.999999999955
0.0983967935872 1.0 0.820537391198 0.999999999951 0.999999999951 0.999999999952
0.098997995992 1.0 0.819551365867 0.999999999949 0.999999999949 0.99999999995
0.0995991983968 0.0 -0.18083227217 -5.36480027069e-11 -5.36480027069e-11 -5.24235932442e-11
0.100200400802 0.0 -0.180614969245 -5.62196955656e-11 -5.62196955656e-11 -5.49291445662e-11
0.100801603206 0.0 -0.18039792745 -5.88978865679e-11 -5.88978865679e-11 -5.75380576517e-11
0.101402805611 0.0 -0.180181146469 -6.16862949609e-11 -6.16862949609e-11 -6.02538852146e-11
0.102004008016 0.0 -0.179964625991 -6.45887232587e-11 -6.45887232587e-11 -6.30803742574e-11
0.102605210421 0.0 -0.179748365701 -6.76091682639e-11 -6.76091682639e-11 -6.60212995385e-11
0.103206412826 0.0 -0.179532365288 -7.07516267795e-11 -7.07516267795e-11 -6.9080574594e-11
0.10380761523 0.0 -0.179316624438 -7.40202343863e-11 -7.40202343863e-11 -7.22621684712e-11
0.104408817635 0.0 -0.179101142841 -7.74192931985e-11 -7.74192931985e-11 -7.5570216751e-11
0.10501002004 0.0 -0.178885920183 -8.0953188597e-11 -8.0953188597e-11 -7.90089937919e-11
0.105611222445 0.0 -0.178670956155 -8.46264169851e-11 -8.46264169851e-11 -8.25827739526e-11
0.10621242485 0.0 -0.178456250446 -8.84436412996e-11 -8.84436412996e-11 -8.62960536363e-11
0.106813627255 0.0 -0.178241802744 -9.24095799881e-11 -9.24095799881e-11 -9.01534125131e-11
0.107414829659 0.0 -0.178027612741 -9.65291735433e-11 -9.65291735433e-11 -9.41596245418e-11
0.108016032064 0.0 -0.177813680126 -1.00807390213e-10 -1.00807390213e-10 -9.83194359261e-11
0.108617234469 0.0 -0.177600004589 -1.05249392535e-10 -1.05249392535e-10 -1.02637870425e-10
0.109218436874 0.0 -0.177386585823 -1.09860454067e-10 -1.09860454067e-10 -1.07119951798e-10
0.109819639279 0.0 -0.177173423519 -1.14646014904e-10 -1.14646014904e-10 -1.11770925848e-10
0.110420841683 0.0 -0.176960517367 -1.19611626159e-10 -1.19611626159e-10 -1.16596177158e-10
0.111022044088 0.0 -0.176747867062 -1.24763060994e-10 -1.24763060994e-10 -1.21601173575e-10
0.111623246493 0.0 -0.176535472294 -1.30106120322e-10 -1.30106120322e-10 -1.26791549482e-10
0.112224448898 0.0 -0.176323332758 -1.35646799349e-10 -1.35646799349e-10 -1.32173078038e-10
0.112825651303 0.0 -0.176111448145 -1.41391287567e-10 -1.41391287567e-10 -1.37751698936e-10
0.113426853707 0.0 -0.175899818151 -1.47345913248e-10 -1.47345913248e-10 -1.43533490649e-10
0.114028056112 0.0 -0.175688442469 -1.53517115686e-10 -1.53517115686e-10 -1.49524670423e-10
0.114629258517 0.0 -0.175477320793 -1.59911528463e-10 -1.59911528463e-10 -1.55731594287e-10
0.115230460922 0.0 -0.175266452818 -1.66535979451e-10 -1.66535979451e-10 -1.62160812556e-10
0.115831663327 0.0 -0.175055838239 -1.73397435299e-10 -1.73397435299e-10 -1.68819042079e-10
0.116432865731 0.0 -0.174845476753 -1.80503084701e-10 -1.80503084701e-10 -1.75713138484e-10
0.117034068136 0.0 -0.174635368054 -1.87860199619e-10 -1.87860199619e-10 -1.82850096175e-10
0.117635270541 0.0 -0.174425511839 -1.95476301812e-10 -1.95476301812e-10 -1.90237159359e-10
0.118236472946 0.0 -0.174215907804 -2.0335905182e-10 -2.0335905182e-10 -1.97881655506e-10
0.118837675351 0.0 -0.174006555647 -2.11516304471e-10 -2.11516304471e-10 -2.05791134134e-10
0.119438877756 0.0 -0.173797455064 -2.19956136638e-10 -2.19956136638e-10 -2.13973366803e-10
0.12004008016 0.0 -0.173588605754 -2.28686791726e-10 -2.28686791726e-10 -2.22436236097e-10
0.120641282565 0.0 -0.173380007415 -2.3771670743e-10 -2.3771670743e-10 -2.31187818889e-10
0.12124248497 0.0 -0.173171659744 -2.47054515734e-10 -2.47054515734e-10 -2.4023638634e-10
0.121843687375 0.0 -0.172963562441 -2.56709070667e-10 -2.56709070667e-10 -2.49590431656e-10
0.12244488978 0.0 -0.172755715205 -2.66689392792e-10 -2.66689392792e-10 -2.59258670088e-10
0.123046092184 0.0 -0.172548117735 -2.7700480798e-10 -2.7700480798e-10 -2.69249927909e-10
0.123647294589 0.0 -0.172340769732 -2.87664725374e-10 -2.87664725374e-10 -2.79573281192e-10
0.124248496994 0.0 -0.172133670895 -2.98678859423e-10 -2.98678859423e-10 -2.902380003e-10
0.124849699399 0.0 -0.171926820925 -3.10057118869e-10 -3.10057118869e-10 -3.01253549884e-10
0.125450901804 0.0 -0.171720219522 -3.2180960674e-10 -3.2180960674e-10 -3.1262967215e-10
0.126052104208 0.0 -0.171513866389 -3.33946731379e-10 -3.33946731379e-10 -3.2437627584e-10
0.126653306613 0.0 -0.171307761227 -3.46479039903e-10 -3.46479039903e-10 -3.36503463982e-10
0.127254509018 0.0 -0.171101903738 -3.59417384743e-10 -3.59417384743e-10 -3.49021644919e-10
0.127855711423 0.0 -0.170896293624 -3.72772840374e-10 -3.72772840374e-10 -3.61941365767e-10
0.128456913828 0.0 -0.170690930588 -3.86556731069e-10 -3.86556731069e-10 -3.75273478959e-10
0.129058116232 0.0 -0.170485814333 -4.00780603149e-10 -4.00780603149e-10 -3.89029003456e-10
0.129659318637 0.0 -0.170280944563 -4.15456280489e-10 -4.15456280489e-10 -4.0321929129e-10
0.130260521042 0.0 -0.170076320981 -4.30595809009e-10 -4.30595809009e-10 -4.17855805512e-10
0.130861723447 0.0 -0.169871943292 -4.46211595451e-10 -4.46211595451e-10 -4.32950397755e-10
0.131462925852 0.0 -0.1696678112 -4.62316185335e-10 -4.62316185335e-10 -4.48515058427e-10
0.132064128257 0.0 -0.169463924409 -4.78922485003e-10 -4.78922485003e-10 -4.64562111002e-10
0.132665330661 0.0 -0.169260282626 -4.96043622844e-10 -4.96043622844e-10 -4.81104073247e-10
0.133266533066 0.0 -0.169056885555 -5.13693032556e-10 -5.13693032556e-10 -4.98153823747e-10
0.133867735471 0.0 -0.168853732903 -5.31884397637e-10 -5.31884397637e-10 -5.15724379868e-10
0.134468937876 0.0 -0.168650824376 -5.50631734653e-10 -5.50631734653e-10 -5.33829092042e-10
0.135070140281 0.0 -0.168448159681 -5.6994930997e-10 -5.6994930997e-10 -5.52481588256e-10
0.135671342685 0.0 -0.168245738524 -5.89851723021e-10 -5.89851723021e-10 -5.71695829565e-10
0.13627254509 0.0 -0.168043560613 -6.10353850794e-10 -6.10353850794e-10 -5.91485943557e-10
0.136873747495 0.0 -0.167841625656 -6.31470875589e-10 -6.31470875589e-10 -6.11866446398e-10
0.1374749499 0.0 -0.16763993336 -6.53218340529e-10 -6.53218340529e-10 -6.3285213181e-10
0.138076152305 0.0 -0.167438483434 -6.75612010781e-10 -6.75612010781e-10 -6.54458015559e-10
0.138677354709 0.0 -0.167237275587 -6.98668040089e-10 -6.98668040089e-10 -6.76699474234e-10
0.139278557114 0.0 -0.167036309528 -7.2240288751e-10 -7.2240288751e-10 -6.9959221749e-10
0.139879759519 0.0 -0.166835584967 -7.46833372922e-10 -7.46833372922e-10 -7.23152204785e-10
0.140480961924 0.0 -0.166635101612 -7.71976593761e-10 -7.71976593761e-10 -7.47395756395e-10
0.141082164329 0.0 -0.166434859175 -7.97849980527e-10 -7.97849980527e-10 -7.72339497912e-10
0.141683366733 0.0 -0.166234857365 -8.24471380056e-10 -8.24471380056e-10 -7.98000360236e-10
0.142284569138 0.0 -0.166035095894 -8.51858944495e-10 -8.51858944495e-10 -8.24395607335e-10
0.142885771543 0.0 -0.165835574473 -8.80031186812e-10 -8.80031186812e-10 -8.51542864e-10
0.143486973948 0.0 -0.165636292814 -9.09007008554e-10 -9.09007008554e-10 -8.79460088088e-10
0.144088176353 0.0 -0.165437250627 -9.38805644335e-10 -9.38805644335e-10 -9.08165570523e-10
0.144689378758 0.0 -0.165238447626 -9.69446661836e-10 -9.69446661836e-10 -9.37677935298e-10
0.145290581162 0.0 -0.165039883523 -1.00095007283e-09 -1.00095007283e-09 -9.6801619498e-10
0.145891783567 0.0 -0.164841558031 -1.03333627766e-09 -1.03333627766e-09 -9.99199695206e-10
0.146492985972 0.0 -0.164643470863 -1.06662598198e-09 -1.06662598198e-09 -1.03124811468e-09
0.147094188377 0.0 -0.164445621733 -1.10084036331e-09 -1.10084036331e-09 -1.06418160395e-09
0.147695390782 0.0 -0.164248010355 -1.13600093221e-09 -1.13600093221e-09 -1.09802056336e-09
0.148296593186 0.0 -0.164050636443 -1.1721296711e-09 -1.1721296711e-09 -1.13278583735e-09
0.148897795591 0.0 -0.163853499711 -1.20924892322e-09 -1.20924892322e-09 -1.16849865894e-09
0.149498997996 0.0 -0.163656599875 -1.24738147589e-09 -1.24738147589e-09 -1.20518062197e-09
0.150100200401 0.0 -0.163459936651 -1.28655050502e-09 -1.28655050502e-09 -1.24285370884e-09
0.150701402806 0.0 -0.163263509753 -1.32677963061e-09 -1.32677963061e-09 -1.28154031831e-09
0.15130260521 0.0 -0.163067318897 -1.36809291673e-09 -1.36809291673e-09 -1.32126329322e-09
0.151903807615 0.0 -0.162871363801 -1.41051484381e-09 -1.41051484381e-09 -1.36204580947e-09
0.15250501002 0.0 -0.162675644181 -1.4540703086e-09 -1.4540703086e-09 -1.40391148706e-09
0.153106212425 0.0 -0.162480159753 -1.49878470745e-09 -1.49878470745e-09 -1.44688439008e-09
0.15370741483 0.0 -0.162284910235 -1.54468382529e-09 -1.54468382529e-09 -1.49098894342e-09
0.154308617234 0.0 -0.162089895346 -1.59179402992e-09 -1.59179402992e-09 -1.5362500716e-09
0.154909819639 0.0 -0.161895114802 -1.64014204995e-09 -1.64014204995e-09 -1.58269311545e-09
0.155511022044 0.0 -0.161700568322 -1.68975508585e-09 -1.68975508585e-09 -1.63034388767e-09
0.156112224449 0.0 -0.161506255626 -1.7406608932e-09 -1.7406608932e-09 -1.67922858951e-09
0.156713426854 0.0 -0.161312176432 -1.79288767166e-09 -1.79288767166e-09 -1.72937389409e-09
0.157314629259 0.0 -0.161118330459 -1.84646412049e-09 -1.84646412049e-09 -1.78080697411e-09
0.157915831663 0.0 -0.160924717427 -1.90141938305e-09 -1.90141938305e-09 -1.83355539085e-09
0.158517034068 0.0 -0.160731337057 -1.95778318557e-09 -1.95778318557e-09 -1.88764723297e-09
0.159118236473 0.0 -0.160538189069 -2.01558569835e-09 -2.01558569835e-09 -1.94311106094e-09
0.159719438878 0.0 -0.160345273183 -2.07485767456e-09 -2.07485767456e-09 -1.99997590711e-09
0.160320641283 0.0 -0.160152589121 -2.13563033924e-09 -2.13563033924e-09 -2.05827127564e-09
0.160921843687 0.0 -0.159960136603 -2.19793547251e-09 -2.19793547251e-09 -2.11802719807e-09
0.161523046092 0.0 -0.159767915353 -2.26180535412e-09 -2.26180535412e-09 -2.17927417778e-09
0.162124248497 0.0 -0.159575925091 -2.32727284666e-09 -2.32727284666e-09 -2.2420432455e-09
0.162725450902 0.0 -0.159384165541 -2.39437136784e-09 -2.39437136784e-09 -2.30636590381e-09
0.163326653307 0.0 -0.159192636424 -2.46313486274e-09 -2.46313486274e-09 -2.37227426592e-09
0.163927855711 0.0 -0.159001337465 -2.53359785929e-09 -2.53359785929e-09 -2.43980083359e-09
0.164529058116 0.0 -0.158810268386 -2.60579544054e-09 -2.60579544054e-09 -2.50897871923e-09
0.165130260521 0.0 -0.158619428912 -2.6797632724e-09 -2.6797632724e-09 -2.57984159036e-09
0.165731462926 0.0 -0.158428818766 -2.75553765916e-09 -2.75553765916e-09 -2.65242366959e-09
0.166332665331 0.0 -0.158238437673 -2.83315534921e-09 -2.83315534921e-09 -2.72675959589e-09
0.166933867735 0.0 -0.158048285357 -2.91265384034e-09 -2.91265384034e-09 -2.80288472987e-09
0.16753507014 0.0 -0.157858361544 -2.99407115767e-09 -2.99407115767e-09 -2.88083484845e-09
0.168136272545 0.0 -0.157668665959 -3.07744596473e-09 -3.07744596473e-09 -2.96064639471e-09
0.16873747495 0.0 -0.157479198328 -3.1628175079e-09 -3.1628175079e-09 -3.04235636683e-09
0.169338677355 0.0 -0.157289958377 -3.25022569969e-09 -3.25022569969e-09 -3.12600234587e-09
0.16993987976 0.0 -0.157100945832 -3.33971109101e-09 -3.33971109101e-09 -3.21162246797e-09
0.170541082164 0.0 -0.15691216042 -3.43131481562e-09 -3.43131481562e-09 -3.29925547993e-09
0.171142284569 0.0 -0.156723601869 -3.52507872892e-09 -3.52507872892e-09 -3.3889407669e-09
0.171743486974 0.0 -0.156535269904 -3.62104526919e-09 -3.62104526919e-09 -3.48071821366e-09
0.172344689379 0.0 -0.156347164255 -3.71925759635e-09 -3.71925759635e-09 -3.57462842659e-09
0.172945891784 0.0 -0.156159284649 -3.81975953645e-09 -3.81975953645e-09 -3.67071259499e-09
0.173547094188 0.0 -0.155971630815 -3.92259549842e-09 -3.92259549842e-09 -3.76901251875e-09
0.174148296593 0.0 -0.155784202481 -4.02781069608e-09 -4.02781069608e-09 -3.86957066389e-09
0.174749498998 0.0 -0.155596999376 -4.1354509539e-09 -4.1354509539e-09 -3.97243010708e-09
0.175350701403 0.0 -0.15541002123 -4.24556284573e-09 -4.24556284573e-09 -4.07763459109e-09
0.175951903808 0.0 -0.155223267772 -4.35819366706e-09 -4.35819366706e-09 -4.1852284971e-09
0.176553106212 0.0 -0.155036738732 -4.47339132403e-09 -4.47339132403e-09 -4.29525684464e-09
0.177154308617 0.0 -0.154850433841 -4.59120455543e-09 -4.59120455543e-09 -4.40776537491e-09
0.177755511022 0.0 -0.15466435283 -4.71168279392e-09 -4.71168279392e-09 -4.52280046748e-09
0.178356713427 0.0 -0.154478495428 -4.8348762216e-09 -4.8348762216e-09 -4.64040919579e-09
0.178957915832 0.0 -0.154292861368 -4.96083571444e-09 -4.96083571444e-09 -4.76063935495e-09
0.179559118236 0.0 -0.154107450382 -5.08961292556e-09 -5.08961292556e-09 -4.88353935069e-09
0.180160320641 0.0 -0.1539222622 -5.22126034075e-09 -5.22126034075e-09 -5.00915833812e-09
0.180761523046 0.0 -0.153737296556 -5.3558311397e-09 -5.3558311397e-09 -5.13754622178e-09
0.181362725451 0.0 -0.153552553181 -5.49337927924e-09 -5.49337927924e-09 -5.26875354456e-09
0.181963927856 0.0 -0.15336803181 -5.63395952113e-09 -5.63395952113e-09 -5.40283162653e-09
0.182565130261 0.0 -0.153183732174 -5.77762743204e-09 -5.77762743204e-09 -5.53983253715e-09
0.183166332665 0.0 -0.152999654008 -5.92443935576e-09 -5.92443935576e-09 -5.679809012e-09
0.18376753507 0.0 -0.152815797046 -6.07445246881e-09 -6.07445246881e-09 -5.82281456385e-09
0.184368737475 0.0 -0.152632161021 -6.22772475256e-09 -6.22772475256e-09 -5.96890351034e-09
0.18496993988 0.0 -0.152448745668 -6.38431504885e-09 -6.38431504885e-09 -6.11813086304e-09
0.185571142285 0.0 -0.152265550723 -6.54428294888e-09 -6.54428294888e-09 -6.2705524384e-09
0.186172344689 0.0 -0.152082575919 -6.70768898758e-09 -6.70768898758e-09 -6.42622480229e-09
0.186773547094 0.0 -0.151899820993 -6.87459447701e-09 -6.87459447701e-09 -6.58520529773e-09
0.187374749499 0.0 -0.15171728568 -7.04506161742e-09 -7.04506161742e-09 -6.74755210039e-09
0.187975951904 0.0 -0.151534969717 -7.21915346946e-09 -7.21915346946e-09 -6.91332413538e-09
0.188577154309 0.0 -0.15135287284 -7.396933982e-09 -7.396933982e-09 -7.08258113269e-09
0.189178356713 0.0 -0.151170994785 -7.5784680198e-09 -7.5784680198e-09 -7.25538371049e-09
0.189779559118 0.0 -0.15098933529 -7.76382125256e-09 -7.76382125256e-09 -7.43179320861e-09
0.190380761523 0.0 -0.150807894092 -7.95306034918e-09 -7.95306034918e-09 -7.61187185505e-09
0.190981963928 0.0 -0.150626670928 -8.14625283896e-09 -8.14625283896e-09 -7.79568273823e-09
0.191583166333 0.0 -0.150445665537 -8.34346716716e-09 -8.34346716716e-09 -7.98328969598e-09
0.192184368737 0.0 -0.150264877657 -8.54477275047e-09 -8.54477275047e-09 -8.1747575098e-09
0.192785571142 0.0 -0.150084307027 -8.75023992153e-09 -8.75023992153e-09 -8.37015179389e-09
0.193386773547 0.0 -0.149903953385 -8.95993992889e-09 -8.95993992889e-09 -8.56953896733e-09
0.193987975952 0.0 -0.149723816471 -9.17394502031e-09 -9.17394502031e-09 -8.7729863929e-09
0.194589178357 0.0 -0.149543896024 -9.3923283595e-09 -9.3923283595e-09 -8.98056229381e-09
0.195190380762 0.0 -0.149364191785 -9.61516416487e-09 -9.61516416487e-09 -9.1923358092e-09
0.195791583166 0.0 -0.149184703492 -9.84252754299e-09 -9.84252754299e-09 -9.40837693864e-09
0.196392785571 0.0 -0.149005430888 -1.00744946552e-08 -1.00744946552e-08 -9.62875662536e-09
0.196993987976 0.0 -0.148826373713 -1.03111426342e-08 -1.03111426342e-08 -9.85354667304e-09
0.197595190381 0.0 -0.148647531707 -1.05525496674e-08 -1.05525496674e-08 -1.00828198568e-08
0.198196392786 0.0 -0.148468904612 -1.07987948861e-08 -1.07987948861e-08 -1.03166498677e-08
0.19879759519 0.0 -0.148290492171 -1.1049958476e-08 -1.1049958476e-08 -1.05551113128e-08
0.199398797595 0.0 -0.148112294124 -1.13061217055e-08 -1.13061217055e-08 -1.07982797704e-08
# PL     : (pIni=0) (pIni=pD) (pIni=Int(pD))
# PL-ITER: 8 7 8
# PL-MSE : 5.61853817944e-18 5.61853817944e-18 5.15080294798e-18
