# FILE:  main_inv_EX2.py
# SIMULATION PARAMETERS ---------------------------------------
# zMin  = 0.0
# zMax  = 0.3
# p0-PROFILE --------------------------------------------------
# zAMin = 0.1
# zAMax = 0.2
# N     = 500
# IRRADIATION SOURCE PROFILE ----------------------------------
# a0    = 0.1
# DETECTOR POSITION -------------------------------------------
# zD    = -0.5
# MATERIAL PARAMETERS -----------------------------------------
# c0    = 1.0
# OPTOACOUSTIC PARAMETERS -------------------------------------
# wD    = 100.0
# D     = 1.59154943092
# SIMULATION RESULTS --------------------------------------
-0.0993987975952 0.0 0.0 0.0 0.0 0.0
-0.0987975951904 0.0 0.0 0.0 0.0 0.0
-0.0981963927856 0.0 0.0 0.0 0.0 0.0
-0.0975951903808 0.0 0.0 0.0 0.0 0.0
-0.096993987976 0.0 0.0 0.0 0.0 0.0
-0.0963927855711 0.0 0.0 0.0 0.0 0.0
-0.0957915831663 0.0 0.0 0.0 0.0 0.0
-0.0951903807615 0.0 0.0 0.0 0.0 0.0
-0.0945891783567 0.0 0.0 0.0 0.0 0.0
-0.0939879759519 0.0 0.0 0.0 0.0 0.0
-0.0933867735471 0.0 0.0 0.0 0.0 0.0
-0.0927855711423 0.0 0.0 0.0 0.0 0.0
-0.0921843687375 0.0 0.0 0.0 0.0 0.0
-0.0915831663327 0.0 0.0 0.0 0.0 0.0
-0.0909819639279 0.0 0.0 0.0 0.0 0.0
-0.090380761523 0.0 0.0 0.0 0.0 0.0
-0.0897795591182 0.0 0.0 0.0 0.0 0.0
-0.0891783567134 0.0 0.0 0.0 0.0 0.0
-0.0885771543086 0.0 0.0 0.0 0.0 0.0
-0.0879759519038 0.0 0.0 0.0 0.0 0.0
-0.087374749499 0.0 0.0 0.0 0.0 0.0
-0.0867735470942 0.0 0.0 0.0 0.0 0.0
-0.0861723446894 0.0 0.0 0.0 0.0 0.0
-0.0855711422846 0.0 0.0 0.0 0.0 0.0
-0.0849699398798 0.0 0.0 0.0 0.0 0.0
-0.0843687374749 0.0 0.0 0.0 0.0 0.0
-0.0837675350701 0.0 0.0 0.0 0.0 0.0
-0.0831663326653 0.0 0.0 0.0 0.0 0.0
-0.0825651302605 0.0 0.0 0.0 0.0 0.0
-0.0819639278557 0.0 0.0 0.0 0.0 0.0
-0.0813627254509 0.0 0.0 0.0 0.0 0.0
-0.0807615230461 0.0 0.0 0.0 0.0 0.0
-0.0801603206413 0.0 0.0 0.0 0.0 0.0
-0.0795591182365 0.0 0.0 0.0 0.0 0.0
-0.0789579158317 0.0 0.0 0.0 0.0 0.0
-0.0783567134269 0.0 0.0 0.0 0.0 0.0
-0.077755511022 0.0 0.0 0.0 0.0 0.0
-0.0771543086172 0.0 0.0 0.0 0.0 0.0
-0.0765531062124 0.0 0.0 0.0 0.0 0.0
-0.0759519038076 0.0 0.0 0.0 0.0 0.0
-0.0753507014028 0.0 0.0 0.0 0.0 0.0
-0.074749498998 0.0 0.0 0.0 0.0 0.0
-0.0741482965932 0.0 0.0 0.0 0.0 0.0
-0.0735470941884 0.0 0.0 0.0 0.0 0.0
-0.0729458917836 0.0 0.0 0.0 0.0 0.0
-0.0723446893788 0.0 0.0 0.0 0.0 0.0
-0.0717434869739 0.0 0.0 0.0 0.0 0.0
-0.0711422845691 0.0 0.0 0.0 0.0 0.0
-0.0705410821643 0.0 0.0 0.0 0.0 0.0
-0.0699398797595 0.0 0.0 0.0 0.0 0.0
-0.0693386773547 0.0 0.0 0.0 0.0 0.0
-0.0687374749499 0.0 0.0 0.0 0.0 0.0
-0.0681362725451 0.0 0.0 0.0 0.0 0.0
-0.0675350701403 0.0 0.0 0.0 0.0 0.0
-0.0669338677355 0.0 0.0 0.0 0.0 0.0
-0.0663326653307 0.0 0.0 0.0 0.0 0.0
-0.0657314629259 0.0 0.0 0.0 0.0 0.0
-0.065130260521 0.0 0.0 0.0 0.0 0.0
-0.0645290581162 0.0 0.0 0.0 0.0 0.0
-0.0639278557114 0.0 0.0 0.0 0.0 0.0
-0.0633266533066 0.0 0.0 0.0 0.0 0.0
-0.0627254509018 0.0 0.0 0.0 0.0 0.0
-0.062124248497 0.0 0.0 0.0 0.0 0.0
-0.0615230460922 0.0 0.0 0.0 0.0 0.0
-0.0609218436874 0.0 0.0 0.0 0.0 0.0
-0.0603206412826 0.0 0.0 0.0 0.0 0.0
-0.0597194388778 0.0 0.0 0.0 0.0 0.0
-0.0591182364729 0.0 0.0 0.0 0.0 0.0
-0.0585170340681 0.0 0.0 0.0 0.0 0.0
-0.0579158316633 0.0 0.0 0.0 0.0 0.0
-0.0573146292585 0.0 0.0 0.0 0.0 0.0
-0.0567134268537 0.0 0.0 0.0 0.0 0.0
-0.0561122244489 0.0 0.0 0.0 0.0 0.0
-0.0555110220441 0.0 0.0 0.0 0.0 0.0
-0.0549098196393 0.0 0.0 0.0 0.0 0.0
-0.0543086172345 0.0 0.0 0.0 0.0 0.0
-0.0537074148297 0.0 0.0 0.0 0.0 0.0
-0.0531062124248 0.0 0.0 0.0 0.0 0.0
-0.05250501002 0.0 0.0 0.0 0.0 0.0
-0.0519038076152 0.0 0.0 0.0 0.0 0.0
-0.0513026052104 0.0 0.0 0.0 0.0 0.0
-0.0507014028056 0.0 0.0 0.0 0.0 0.0
-0.0501002004008 0.0 0.0 0.0 0.0 0.0
-0.049498997996 0.0 0.0 0.0 0.0 0.0
-0.0488977955912 0.0 0.0 0.0 0.0 0.0
-0.0482965931864 0.0 0.0 0.0 0.0 0.0
-0.0476953907816 0.0 0.0 0.0 0.0 0.0
-0.0470941883768 0.0 0.0 0.0 0.0 0.0
-0.0464929859719 0.0 0.0 0.0 0.0 0.0
-0.0458917835671 0.0 0.0 0.0 0.0 0.0
-0.0452905811623 0.0 0.0 0.0 0.0 0.0
-0.0446893787575 0.0 0.0 0.0 0.0 0.0
-0.0440881763527 0.0 0.0 0.0 0.0 0.0
-0.0434869739479 0.0 0.0 0.0 0.0 0.0
-0.0428857715431 0.0 0.0 0.0 0.0 0.0
-0.0422845691383 0.0 0.0 0.0 0.0 0.0
-0.0416833667335 0.0 0.0 0.0 0.0 0.0
-0.0410821643287 0.0 0.0 0.0 0.0 0.0
-0.0404809619238 0.0 0.0 0.0 0.0 0.0
-0.039879759519 0.0 0.0 0.0 0.0 0.0
-0.0392785571142 0.0 0.0 0.0 0.0 0.0
-0.0386773547094 0.0 0.0 0.0 0.0 0.0
-0.0380761523046 0.0 0.0 0.0 0.0 0.0
-0.0374749498998 0.0 0.0 0.0 0.0 0.0
-0.036873747495 0.0 0.0 0.0 0.0 0.0
-0.0362725450902 0.0 0.0 0.0 0.0 0.0
-0.0356713426854 0.0 0.0 0.0 0.0 0.0
-0.0350701402806 0.0 0.0 0.0 0.0 0.0
-0.0344689378758 0.0 0.0 0.0 0.0 0.0
-0.0338677354709 0.0 0.0 0.0 0.0 0.0
-0.0332665330661 0.0 0.0 0.0 0.0 0.0
-0.0326653306613 0.0 0.0 0.0 0.0 0.0
-0.0320641282565 0.0 0.0 0.0 0.0 0.0
-0.0314629258517 0.0 0.0 0.0 0.0 0.0
-0.0308617234469 0.0 0.0 0.0 0.0 0.0
-0.0302605210421 0.0 0.0 0.0 0.0 0.0
-0.0296593186373 0.0 0.0 0.0 0.0 0.0
-0.0290581162325 0.0 0.0 0.0 0.0 0.0
-0.0284569138277 0.0 0.0 0.0 0.0 0.0
-0.0278557114228 0.0 0.0 0.0 0.0 0.0
-0.027254509018 0.0 0.0 0.0 0.0 0.0
-0.0266533066132 0.0 0.0 0.0 0.0 0.0
-0.0260521042084 0.0 0.0 0.0 0.0 0.0
-0.0254509018036 0.0 0.0 0.0 0.0 0.0
-0.0248496993988 0.0 0.0 0.0 0.0 0.0
-0.024248496994 0.0 0.0 0.0 0.0 0.0
-0.0236472945892 0.0 0.0 0.0 0.0 0.0
-0.0230460921844 0.0 0.0 0.0 0.0 0.0
-0.0224448897796 0.0 0.0 0.0 0.0 0.0
-0.0218436873747 0.0 0.0 0.0 0.0 0.0
-0.0212424849699 0.0 0.0 0.0 0.0 0.0
-0.0206412825651 0.0 0.0 0.0 0.0 0.0
-0.0200400801603 0.0 0.0 0.0 0.0 0.0
-0.0194388777555 0.0 0.0 0.0 0.0 0.0
-0.0188376753507 0.0 0.0 0.0 0.0 0.0
-0.0182364729459 0.0 0.0 0.0 0.0 0.0
-0.0176352705411 0.0 0.0 0.0 0.0 0.0
-0.0170340681363 0.0 0.0 0.0 0.0 0.0
-0.0164328657315 0.0 0.0 0.0 0.0 0.0
-0.0158316633267 0.0 0.0 0.0 0.0 0.0
-0.0152304609218 0.0 0.0 0.0 0.0 0.0
-0.014629258517 0.0 0.0 0.0 0.0 0.0
-0.0140280561122 0.0 0.0 0.0 0.0 0.0
-0.0134268537074 0.0 0.0 0.0 0.0 0.0
-0.0128256513026 0.0 0.0 0.0 0.0 0.0
-0.0122244488978 0.0 0.0 0.0 0.0 0.0
-0.011623246493 0.0 0.0 0.0 0.0 0.0
-0.0110220440882 0.0 0.0 0.0 0.0 0.0
-0.0104208416834 0.0 0.0 0.0 0.0 0.0
-0.00981963927856 0.0 0.0 0.0 0.0 0.0
-0.00921843687375 0.0 0.0 0.0 0.0 0.0
-0.00861723446894 0.0 0.0 0.0 0.0 0.0
-0.00801603206413 0.0 0.0 0.0 0.0 0.0
-0.00741482965932 0.0 0.0 0.0 0.0 0.0
-0.00681362725451 0.0 0.0 0.0 0.0 0.0
-0.0062124248497 0.0 0.0 0.0 0.0 0.0
-0.00561122244489 0.0 0.0 0.0 0.0 0.0
-0.00501002004008 0.0 0.0 0.0 0.0 0.0
-0.00440881763527 0.0 0.0 0.0 0.0 0.0
-0.00380761523046 0.0 0.0 0.0 0.0 0.0
-0.00320641282565 0.0 0.0 0.0 0.0 0.0
-0.00260521042084 0.0 0.0 0.0 0.0 0.0
-0.00200400801603 0.0 0.0 0.0 0.0 0.0
-0.00140280561122 0.0 0.0 0.0 0.0 0.0
-0.000801603206413 0.0 0.0 0.0 0.0 9.42578726863e-71
-0.000200400801603 1.0 0.96993987976 1.0 1.0 1.0
0.000400801603206 1.0 0.913327577024 1.0 1.0 1.0
0.00100200400802 1.0 0.860018528434 1.0 1.0 1.0
0.00160320641283 1.0 0.809819993411 1.0 1.0 1.0
0.00220440881764 1.0 0.76255047754 1.0 1.0 1.0
0.00280561122244 1.0 0.718039076368 1.0 1.0 1.0
0.00340681362725 1.0 0.676124857492 1.0 1.0 1.0
0.00400801603206 1.0 0.636656278708 1.0 1.0 1.0
0.00460921843687 1.0 0.599490640101 1.0 1.0 1.0
0.00521042084168 1.0 0.564493568111 1.0 1.0 1.0
0.00581162324649 1.0 0.531538529699 1.0 1.0 1.0
0.0064128256513 1.0 0.500506374866 1.0 1.0 1.0
0.00701402805611 1.0 0.471284905858 1.0 1.0 1.0
0.00761523046092 1.0 0.443768471515 1.0 1.0 1.0
0.00821643286573 1.0 0.417857585285 1.0 1.0 1.0
0.00881763527054 1.0 0.393458565526 1.0 1.0 1.0
0.00941883767535 1.0 0.370483196798 1.0 1.0 1.0
0.0100200400802 1.0 0.348848410918 1.0 1.0 1.0
0.010621242485 1.0 0.328475986621 1.0 1.0 1.0
0.0112224448898 1.0 0.309292266754 1.0 1.0 1.0
0.0118236472946 1.0 0.291227891961 1.0 1.0 1.0
0.0124248496994 1.0 0.274217549914 1.0 1.0 1.0
0.0130260521042 1.0 0.258199739175 1.0 1.0 1.0
0.013627254509 1.0 0.243116546835 1.0 1.0 1.0
0.0142284569138 1.0 0.228913439127 1.0 1.0 1.0
0.0148296593186 1.0 0.215539064258 1.0 1.0 1.0
0.0154308617234 1.0 0.202945066748 1.0 1.0 1.0
0.0160320641283 1.0 0.191085912593 1.0 1.0 1.0
0.0166332665331 1.0 0.17991872464 1.0 1.0 1.0
0.0172344689379 1.0 0.169403127562 1.0 1.0 1.0
0.0178356713427 1.0 0.159501101881 1.0 1.0 1.0
0.0184368737475 1.0 0.150176846504 1.0 1.0 1.0
0.0190380761523 1.0 0.141396649287 1.0 1.0 1.0
0.0196392785571 1.0 0.133128765144 1.0 1.0 1.0
0.0202404809619 1.0 0.125343301275 1.0 1.0 1.0
0.0208416833667 1.0 0.118012109084 1.0 1.0 1.0
0.0214428857715 1.0 0.111108682411 1.0 1.0 1.0
0.0220440881764 1.0 0.104608061695 1.0 1.0 1.0
0.0226452905812 1.0 0.0984867437331 1.0 1.0 1.0
0.023246492986 1.0 0.0927225967031 1.0 1.0 1.0
0.0238476953908 1.0 0.0872947801464 1.0 1.0 1.0
0.0244488977956 1.0 0.0821836696179 1.0 1.0 1.0
0.0250501002004 1.0 0.0773707857331 1.0 1.0 1.0
0.0256513026052 1.0 0.0728387273558 1.0 1.0 1.0
0.02625250501 1.0 0.0685711086834 1.0 1.0 1.0
0.0268537074148 1.0 0.0645525000033 1.0 1.0 1.0
0.0274549098196 1.0 0.0607683719067 1.0 1.0 1.0
0.0280561122244 1.0 0.057205042757 1.0 1.0 1.0
0.0286573146293 1.0 0.0538496292231 1.0 1.0 1.0
0.0292585170341 1.0 0.0506899996996 1.0 1.0 1.0
0.0298597194389 1.0 0.0477147304445 1.0 1.0 1.0
0.0304609218437 1.0 0.044913064276 1.0 1.0 1.0
0.0310621242485 1.0 0.0422748716802 1.0 1.0 1.0
0.0316633266533 1.0 0.0397906141871 1.0 1.0 1.0
0.0322645290581 1.0 0.0374513098837 1.0 1.0 1.0
0.0328657314629 1.0 0.0352485009402 1.0 1.0 1.0
0.0334669338677 1.0 0.0331742230302 1.0 1.0 1.0
0.0340681362725 1.0 0.0312209765351 1.0 1.0 1.0
0.0346693386774 1.0 0.0293816994296 1.0 1.0 1.0
0.0352705410822 1.0 0.0276497417481 1.0 1.0 1.0
0.035871743487 1.0 0.026018841542 1.0 1.0 1.0
0.0364729458918 1.0 0.0244831022393 1.0 1.0 1.0
0.0370741482966 1.0 0.023036971325 1.0 1.0 1.0
0.0376753507014 1.0 0.0216752202665 1.0 1.0 1.0
0.0382765531062 1.0 0.0203929256091 1.0 1.0 1.0
0.038877755511 1.0 0.0191854511751 1.0 1.0 1.0
0.0394789579158 1.0 0.018048431302 1.0 1.0 1.0
0.0400801603206 1.0 0.0169777550579 1.0 1.0 1.0
0.0406813627255 1.0 0.0159695513784 1.0 1.0 1.0
0.0412825651303 1.0 0.0150201750708 1.0 1.0 1.0
0.0418837675351 1.0 0.0141261936345 1.0 1.0 1.0
0.0424849699399 1.0 0.0132843748509 1.0 1.0 1.0
0.0430861723447 1.0 0.0124916750971 1.0 1.0 1.0
0.0436873747495 1.0 0.0117452283417 1.0 1.0 1.0
0.0442885771543 1.0 0.0110423357825 1.0 1.0 1.0
0.0448897795591 1.0 0.0103804560888 1.0 1.0 1.0
0.0454909819639 1.0 0.00975719621341 1.0 1.0 1.0
0.0460921843687 1.0 0.00917030274013 1.0 1.0 1.0
0.0466933867735 1.0 0.00861765373678 1.0 1.0 1.0
0.0472945891784 1.0 0.00809725108312 1.0 1.0 1.0
0.0478957915832 1.0 0.00760721324666 1.0 1.0 1.0
0.048496993988 1.0 0.00714576847984 1.0 1.0 1.0
0.0490981963928 1.0 0.00671124841428 1.0 1.0 1.0
0.0496993987976 1.0 0.00630208202873 1.0 1.0 1.0
0.0503006012024 1.0 0.00591678996897 1.0 1.0 1.0
0.0509018036072 1.0 0.00555397919919 1.0 1.0 1.0
0.051503006012 1.0 0.00521233796537 1.0 1.0 1.0
0.0521042084168 1.0 0.00489063105268 1.0 1.0 1.0
0.0527054108216 1.0 0.00458769531942 1.0 1.0 1.0
0.0533066132265 1.0 0.00430243549173 1.0 1.0 1.0
0.0539078156313 1.0 0.00403382020352 1.0 1.0 1.0
0.0545090180361 1.0 0.0037808782676 1.0 1.0 1.0
0.0551102204409 1.0 0.00354269516426 1.0 1.0 1.0
0.0557114228457 1.0 0.00331840973485 1.0 1.0 1.0
0.0563126252505 1.0 0.00310721106819 1.0 1.0 1.0
0.0569138276553 1.0 0.00290833556871 1.0 1.0 1.0
0.0575150300601 1.0 0.00272106419565 1.0 1.0 1.0
0.0581162324649 1.0 0.00254471986335 1.0 1.0 1.0
0.0587174348697 1.0 0.00237866499321 1.0 1.0 1.0
0.0593186372745 1.0 0.00222229920852 1.0 1.0 1.0
0.0599198396794 1.0 0.00207505716374 1.0 1.0 1.0
0.0605210420842 1.0 0.00193640650054 1.0 1.0 1.0
0.061122244489 1.0 0.001805845923 1.0 1.0 1.0
0.0617234468938 1.0 0.00168290338514 1.0 1.0 1.0
0.0623246492986 1.0 0.00156713438427 1.0 1.0 1.0
0.0629258517034 1.0 0.00145812035385 1.0 1.0 1.0
0.0635270541082 1.0 0.00135546715016 1.0 1.0 1.0
0.064128256513 1.0 0.00125880362722 1.0 1.0 1.0
0.0647294589178 1.0 0.00116778029498 1.0 1.0 1.0
0.0653306613226 1.0 0.00108206805564 1.0 1.0 1.0
0.0659318637275 1.0 0.00100135701386 1.0 1.0 1.0
0.0665330661323 1.0 0.000925355356268 1.0 1.0 1.0
0.0671342685371 1.0 0.000853788296428 1.0 1.0 1.0
0.0677354709419 1.0 0.000786397081337 1.0 1.0 1.0
0.0683366733467 1.0 0.000722938055892 1.0 1.0 1.0
0.0689378757515 1.0 0.000663181781947 1.0 1.0 1.0
0.0695390781563 1.0 0.000606912208774 1.0 1.0 1.0
0.0701402805611 1.0 0.000553925891922 1.0 1.0 1.0
0.0707414829659 1.0 0.000504031257662 1.0 1.0 1.0
0.0713426853707 1.0 0.00045704791034 1.0 1.0 1.0
0.0719438877756 1.0 0.000412805980153 1.0 1.0 1.0
0.0725450901804 1.0 0.000371145508982 1.0 1.0 1.0
0.0731462925852 1.0 0.000331915872055 1.0 1.0 1.0
0.07374749499 1.0 0.000294975233359 1.0 1.0 1.0
0.0743486973948 1.0 0.000260190032828 1.0 1.0 1.0
0.0749498997996 1.0 0.000227434503451 1.0 1.0 1.0
0.0755511022044 1.0 0.00019659021656 1.0 1.0 1.0
0.0761523046092 1.0 0.000167545653645 1.0 1.0 1.0
0.076753507014 1.0 0.000140195803155 1.0 1.0 1.0
0.0773547094188 1.0 0.000114441780827 1.0 1.0 1.0
0.0779559118236 1.0 9.01904721653e-05 1.0 1.0 1.0
0.0785571142285 1.0 6.73541957849e-05 1.0 1.0 1.0
0.0791583166333 1.0 4.58503863945e-05 1.0 1.0 1.0
0.0797595190381 1.0 2.56012962804e-05 1.0 1.0 1.0
0.0803607214429 1.0 6.53371420667e-06 1.0 1.0 1.0
0.0809619238477 1.0 -1.14212992823e-05 1.0 1.0 1.0
0.0815631262525 1.0 -2.83286611147e-05 1.0 1.0 1.0
0.0821643286573 1.0 -4.42495004005e-05 1.0 1.0 1.0
0.0827655310621 1.0 -5.92413794456e-05 1.0 1.0 1.0
0.0833667334669 1.0 -7.33585018704e-05 1.0 1.0 1.0
0.0839679358717 1.0 -8.66519085847e-05 1.0 1.0 1.0
0.0845691382766 1.0 -9.91696623274e-05 1.0 1.0 1.0
0.0851703406814 1.0 -0.000110957021439 1.0 1.0 1.0
0.0857715430862 1.0 -0.000122056603497 1.0 1.0 1.0
0.086372745491 1.0 -0.000132508539394 1.0 1.0 1.0
0.0869739478958 1.0 -0.000142350618442 1.0 1.0 1.0
0.0875751503006 1.0 -0.000151618424994 1.0 1.0 1.0
0.0881763527054 1.0 -0.000160345467102 1.0 1.0 1.0
0.0887775551102 1.0 -0.000168563297667 1.0 1.0 1.0
0.089378757515 1.0 -0.000176301628519 1.0 1.0 1.0
0.0899799599198 1.0 -0.000183588437843 1.0 1.0 1.0
0.0905811623246 1.0 -0.000190450071332 1.0 1.0 1.0
0.0911823647295 1.0 -0.000196911337441 1.0 1.0 1.0
0.0917835671343 1.0 -0.000202995597087 1.0 1.0 1.0
0.0923847695391 1.0 -0.000208724848105 1.0 1.0 1.0
0.0929859719439 1.0 -0.000214119804787 1.0 1.0 1.0
0.0935871743487 1.0 -0.000219199972771 1.0 1.0 1.0
0.0941883767535 1.0 -0.000223983719569 1.0 1.0 1.0
0.0947895791583 1.0 -0.00022848834097 1.0 1.0 1.0
0.0953907815631 1.0 -0.000232730123579 1.0 1.0 1.0
0.0959919839679 1.0 -0.000236724403695 1.0 1.0 1.0
0.0965931863727 1.0 -0.000240485622768 1.0 1.0 1.0
0.0971943887776 1.0 -0.000244027379606 1.0 1.0 1.0
0.0977955911824 1.0 -0.000247362479545 1.0 1.0 1.0
0.0983967935872 1.0 -0.000250502980745 1.0 1.0 1.0
0.098997995992 1.0 -0.000253460237789 1.0 1.0 1.0
0.0995991983968 0.0 -0.970196124702 -3.77475828373e-15 -3.77475828373e-15 -3.88578058619e-15
0.100200400802 0.0 -0.913586444188 -3.77475828373e-15 -3.77475828373e-15 -3.99680288865e-15
0.100801603206 0.0 -0.860279864815 -3.77475828373e-15 -3.77475828373e-15 -4.10782519111e-15
0.101402805611 0.0 -0.810083654935 -3.77475828373e-15 -3.77475828373e-15 -4.21884749358e-15
0.102004008016 0.0 -0.762816328538 -3.88578058619e-15 -3.88578058619e-15 -4.4408920985e-15
0.102605210421 0.0 -0.718306989085 -3.99680288865e-15 -3.99680288865e-15 -4.66293670343e-15
0.103206412826 0.0 -0.676394711631 -4.10782519111e-15 -4.10782519111e-15 -4.99600361081e-15
0.10380761523 0.0 -0.636927960989 -4.21884749358e-15 -4.21884749358e-15 -5.3290705182e-15
0.104408817635 0.0 -0.599764043855 -4.32986979604e-15 -4.32986979604e-15 -5.77315972805e-15
0.10501002004 0.0 -0.564768592891 -4.55191440096e-15 -4.55191440096e-15 -6.32827124036e-15
0.105611222445 0.0 -0.531815080922 -4.77395900589e-15 -4.77395900589e-15 -6.99440505514e-15
0.10621242485 0.0 -0.500784363464 -5.10702591328e-15 -5.10702591328e-15 -7.77156117238e-15
0.106813627255 0.0 -0.471564247963 -5.38458166943e-15 -5.38458166943e-15 -8.65973959208e-15
0.107414829659 0.0 -0.444049088152 -5.77315972805e-15 -5.77315972805e-15 -9.7699626167e-15
0.108016032064 0.0 -0.418139402086 -6.16173778667e-15 -6.16173778667e-15 -1.1046719095e-14
0.108617234469 0.0 -0.393741512464 -6.71684929898e-15 -6.71684929898e-15 -1.26010313295e-14
0.109218436874 0.0 -0.37076720793 -7.38298311376e-15 -7.38298311376e-15 -1.44884104714e-14
0.109819639279 0.0 -0.34913342415 -8.16013923099e-15 -8.16013923099e-15 -1.67643676718e-14
0.110420841683 0.0 -0.328761943483 -9.10382880193e-15 -9.10382880193e-15 -1.94844140822e-14
0.111022044088 0.0 -0.309579112185 -1.02140518266e-14 -1.02140518266e-14 -2.27040608536e-14
0.111623246493 0.0 -0.291515574114 -1.16018306073e-14 -1.16018306073e-14 -2.65343302885e-14
0.112224448898 0.0 -0.274506019968 -1.3211653993e-14 -1.3211653993e-14 -3.10307335383e-14
0.112825651303 0.0 -0.258488951156 -1.50990331349e-14 -1.50990331349e-14 -3.64153152077e-14
0.113426853707 0.0 -0.243406457453 -1.73749903354e-14 -1.73749903354e-14 -4.27713420237e-14
0.114028056112 0.0 -0.229204007618 -2.00672811701e-14 -2.00672811701e-14 -5.02931030155e-14
0.114629258517 0.0 -0.215830252236 -2.32869279415e-14 -2.32869279415e-14 -5.92026427881e-14
0.115230460922 0.0 -0.203236838066 -2.70894418009e-14 -2.70894418009e-14 -6.96942503708e-14
0.115831663327 0.0 -0.191378233214 -3.16136006262e-14 -3.16136006262e-14 -8.20454815198e-14
0.116432865731 0.0 -0.180211562513 -3.69981822956e-14 -3.69981822956e-14 -9.6617158718e-14
0.117034068136 0.0 -0.169696452507 -4.33542091116e-14 -4.33542091116e-14 -1.13742348873e-13
0.117635270541 0.0 -0.159794885477 -5.08759701034e-14 -5.08759701034e-14 -1.33865141194e-13
0.118236472946 0.0 -0.15047106199 -5.97577543004e-14 -5.97577543004e-14 -1.57485136043e-13
0.118837675351 0.0 -0.141691271462 -7.02493618832e-14 -7.02493618832e-14 -1.85185200507e-13
0.119438877756 0.0 -0.133423770278 -8.26005930321e-14 -8.26005930321e-14 -2.17631468402e-13
0.12004008016 0.0 -0.125638667023 -9.71722702303e-14 -9.71722702303e-14 -2.55573340269e-13
0.120641282565 0.0 -0.118307814406 -1.14311338173e-13 -1.14311338173e-13 -2.99912872315e-13
0.12124248497 0.0 -0.111404707492 -1.34448008282e-13 -1.34448008282e-13 -3.5166314305e-13
0.121843687375 0.0 -0.104904387878 -1.58081880919e-13 -1.58081880919e-13 -4.12031520014e-13
0.12244488978 0.0 -0.0987833534488 -1.85781945383e-13 -1.85781945383e-13 -4.82336393048e-13
0.123046092184 0.0 -0.0930194734079 -2.18228213278e-13 -2.18228213278e-13 -5.64159829963e-13
0.123647294589 0.0 -0.0875919082619 -2.56211718508e-13 -2.56211718508e-13 -6.59278187598e-13
0.124248496994 0.0 -0.0824810344745 -3.00592883917e-13 -3.00592883917e-13 -7.6973150076e-13
0.124849699399 0.0 -0.0776683735173 -3.52440299167e-13 -3.52440299167e-13 -8.97892871166e-13
0.125450901804 0.0 -0.0731365250601 -4.12905820646e-13 -4.12905820646e-13 -1.04642683407e-12
0.126052104208 0.0 -0.0688691040592 -4.83363349346e-13 -4.83363349346e-13 -1.21840038059e-12
0.126653306613 0.0 -0.0648506815167 -5.65394953078e-13 -5.65394953078e-13 -1.41732459102e-12
0.127254509018 0.0 -0.0610667286969 -6.60811683151e-13 -6.60811683151e-13 -1.64721014606e-12
0.127855711423 0.0 -0.0575035645968 -7.71681329947e-13 -7.71681329947e-13 -1.91261589899e-12
0.128456913828 0.0 -0.0541483064821 -9.00370056289e-13 -9.00370056289e-13 -2.21873214246e-12
0.129058116232 0.0 -0.0509888233092 -1.04961178637e-12 -1.04961178637e-12 -2.57147775296e-12
0.129659318637 0.0 -0.0480136918653 -1.22251514467e-12 -1.22251514467e-12 -2.97756264089e-12
0.130260521042 0.0 -0.045212155467 -1.42266060044e-12 -1.42266060044e-12 -3.44461958957e-12
0.130861723447 0.0 -0.0425740850695 -1.6541143455e-12 -1.6541143455e-12 -3.98132915524e-12
0.131462925852 0.0 -0.0400899426444 -1.92151849987e-12 -1.92151849987e-12 -4.59750293391e-12
0.132064128257 0.0 -0.0377507466951 -2.2301813174e-12 -2.2301813174e-12 -5.30427091139e-12
0.132665330661 0.0 -0.0355480397834 -2.58614657467e-12 -2.58614657467e-12 -6.11422718011e-12
0.133266533066 0.0 -0.0334738579517 -2.99628377665e-12 -2.99628377665e-12 -7.04160341147e-12
0.133867735471 0.0 -0.0315207019289 -3.46841305676e-12 -3.46841305676e-12 -8.10249783934e-12
0.134468937876 0.0 -0.0296815100167 -4.011430077e-12 -4.011430077e-12 -9.31507995738e-12
0.135070140281 0.0 -0.0279496325576 -4.63543092799e-12 -4.63543092799e-12 -1.06998368499e-11
0.135671342685 0.0 -0.0263188078931 -5.35186825412e-12 -5.35186825412e-12 -1.22798576863e-11
0.13627254509 0.0 -0.0247831397242 -6.17372125644e-12 -6.17372125644e-12 -1.40811529104e-11
0.136873747495 0.0 -0.0233370757931 -7.11568998168e-12 -7.11568998168e-12 -1.61329768988e-11
0.1374749499 0.0 -0.0219753878095 -8.19442083633e-12 -8.19442083633e-12 -1.84682234783e-11
0.138076152305 0.0 -0.0206931525465 -9.4287216923e-12 -9.4287216923e-12 -2.11238422587e-11
0.138677354709 0.0 -0.0194857340415 -1.083985679e-11 -1.083985679e-11 -2.4141307009e-11
0.139278557114 0.0 -0.0183487668339 -1.24518208244e-11 -1.24518208244e-11 -2.7567129135e-11
0.139879759519 0.0 -0.0172781401824 -1.42916928292e-11 -1.42916928292e-11 -3.14534405466e-11
0.140480961924 0.0 -0.0162699832019 -1.63899796513e-11 -1.63899796513e-11 -3.58586042803e-11
0.141082164329 0.0 -0.0153206508683 -1.87810461627e-11 -1.87810461627e-11 -4.08479326752e-11
0.141683366733 0.0 -0.0144267108403 -2.15035680234e-11 -2.15035680234e-11 -4.64944471812e-11
0.142284569138 0.0 -0.0135849310488 -2.46010295468e-11 -2.46010295468e-11 -5.28797197002e-11
0.142885771543 0.0 -0.012792268012 -2.81222978932e-11 -2.81222978932e-11 -6.00948180107e-11
0.143486973948 0.0 -0.0120458558312 -3.2122230223e-11 -3.2122230223e-11 -6.82413240499e-11
0.144088176353 0.0 -0.0113429958293 -3.66623849335e-11 -3.66623849335e-11 -7.74324753622e-11
0.144689378758 0.0 -0.0106811467931 -4.18117641204e-11 -4.18117641204e-11 -8.77943950178e-11
0.145290581162 0.0 -0.0100579157864 -4.76476722661e-11 -4.76476722661e-11 -9.94674637794e-11
0.145891783567 0.0 -0.00947104949744 -5.42566425815e-11 -5.42566425815e-11 -1.12607817168e-10
0.146492985972 0.0 -0.00891842609219 -6.17354726368e-11 -6.17354726368e-11 -1.27388986512e-10
0.147094188377 0.0 -0.00839804754303 -7.01923658086e-11 -7.01923658086e-11 -1.44003697855e-10
0.147695390782 0.0 -0.00790803240459 -7.97481820164e-11 -7.97481820164e-11 -1.62665846071e-10
0.148296593186 0.0 -0.0074466090114 -9.05378246333e-11 -9.05378246333e-11 -1.83612651992e-10
0.148897795591 0.0 -0.00701210907234 -1.02711764441e-10 -1.02711764441e-10 -2.07107019035e-10
0.149498997996 0.0 -0.00660296163894 -1.16437721444e-10 -1.16437721444e-10 -2.33440116196e-10
0.150100200401 0.0 -0.0062176874255 -1.31902506278e-10 -1.31902506278e-10 -2.62934190046e-10
0.150701402806 0.0 -0.00585489346071 -1.49314056778e-10 -1.49314056778e-10 -2.95945639522e-10
0.15130260521 0.0 -0.00551326805136 -1.68903660155e-10 -1.68903660155e-10 -3.3286837002e-10
0.151903807615 0.0 -0.00519157603978 -1.90928404163e-10 -1.90928404163e-10 -3.74137443249e-10
0.15250501002 0.0 -0.00488865433818 -2.1567386245e-10 -2.1567386245e-10 -4.20233058421e-10
0.153106212425 0.0 -0.00460340772341 -2.43457036649e-10 -2.43457036649e-10 -4.7168488386e-10
0.15370741483 0.0 -0.00433480487718 -2.74629581229e-10 -2.74629581229e-10 -5.29076766773e-10
0.154308617234 0.0 -0.00408187465725 -3.09581331924e-10 -3.09581331924e-10 -5.93051853286e-10
0.154909819639 0.0 -0.0038437025863 -3.48744169827e-10 -3.48744169827e-10 -6.64318155173e-10
0.155511022044 0.0 -0.00361942754555 -3.9259624501e-10 -3.9259624501e-10 -7.43654586695e-10
0.156112224449 0.0 -0.00340823866138 -4.41666588719e-10 -4.41666588719e-10 -8.31917515345e-10
0.156713426854 0.0 -0.0032093723736 -4.96540155347e-10 -4.96540155347e-10 -9.30047871182e-10
0.157314629259 0.0 -0.00302210967476 -5.57863319341e-10 -5.57863319341e-10 -1.03907883903e-09
0.157915831663 0.0 -0.00284577351054 -6.26349875178e-10 -6.26349875178e-10 -1.16014419599e-09
0.158517034068 0.0 -0.00267972633188 -7.02787572929e-10 -7.02787572929e-10 -1.29448733373e-09
0.159118236473 0.0 -0.00252336778988 -7.88045241475e-10 -7.88045241475e-10 -1.44347101069e-09
0.159719438878 0.0 -0.0023761325652 -8.83080538382e-10 -8.83080538382e-10 -1.6085878996e-09
0.160320641283 0.0 -0.00223748832415 -9.88948386724e-10 -9.88948386724e-10 -1.79147197727e-09
0.160921843687 0.0 -0.00210693379403 -1.1068101418e-09 -1.1068101418e-09 -1.99391081814e-09
0.161523046092 0.0 -0.00198399695074 -1.23794355886e-09 -1.23794355886e-09 -2.21785886097e-09
0.162124248497 0.0 -0.00186823331217 -1.3837536143e-09 -1.3837536143e-09 -2.46545171323e-09
0.162725450902 0.0 -0.00175922433116 -1.54578424973e-09 -1.54578424973e-09 -2.73902156251e-09
0.163326653307 0.0 -0.00165657588225 -1.72573111313e-09 -1.72573111313e-09 -3.0411137753e-09
0.163927855711 0.0 -0.00155991683667 -1.92545537001e-09 -1.92545537001e-09 -3.37450476243e-09
0.164529058116 0.0 -0.00146889772053 -2.14699866631e-09 -2.14699866631e-09 -3.74222119525e-09
0.165130260521 0.0 -0.00138318945129 -2.3925993322e-09 -2.3925993322e-09 -4.14756066514e-09
0.165731462926 0.0 -0.00130248214796 -2.66470991648e-09 -2.66470991648e-09 -4.59411387925e-09
0.166332665331 0.0 -0.00122648401068 -2.96601615165e-09 -2.96601615165e-09 -5.08578849542e-09
0.166933867735 0.0 -0.00115492026575 -3.29945745335e-09 -3.29945745335e-09 -5.62683469935e-09
0.16753507014 0.0 -0.00108753217215 -3.6682490693e-09 -3.6682490693e-09 -6.22187263993e-09
0.168136272545 0.0 -0.00102407608605 -4.07590599206e-09 -4.07590599206e-09 -6.87592183754e-09
0.16873747495 0.0 -0.000964322579956 -4.52626876626e-09 -4.52626876626e-09 -7.59443269155e-09
0.169338677355 0.0 -0.000908055613129 -5.02353132172e-09 -5.02353132172e-09 -8.38332021597e-09
0.16993987976 0.0 -0.000855071750547 -5.57227097689e-09 -5.57227097689e-09 -9.24900014313e-09
0.170541082164 0.0 -0.000805179427352 -6.17748076325e-09 -6.17748076325e-09 -1.01984275377e-08
0.171142284569 0.0 -0.000758198256248 -6.84460423235e-09 -6.84460423235e-09 -1.12391380751e-08
0.171743486974 0.0 -0.0007139583753 -7.57957291375e-09 -7.57957291375e-09 -1.23792921415e-08
0.172344689379 0.0 -0.000672299833797 -8.38884660771e-09 -8.38884660771e-09 -1.36277219253e-08
0.172945891784 0.0 -0.000633072013945 -9.27945669946e-09 -9.27945669946e-09 -1.49939816731e-08
0.173547094188 0.0 -0.0005961330863 -1.02590527023e-08 -1.02590527023e-08 -1.64884012956e-08
0.174148296593 0.0 -0.000561349496981 -1.13359522382e-08 -1.13359522382e-08 -1.81221435149e-08
0.174749498998 0.0 -0.000528595484806 -1.25191946865e-08 -1.25191946865e-08 -1.99072647561e-08
0.175350701403 0.0 -0.000497752626589 -1.38185987372e-08 -1.38185987372e-08 -2.18567799921e-08
0.175951903808 0.0 -0.000468709408987 -1.52448241016e-08 -1.52448241016e-08 -2.3984731763e-08
0.176553106212 0.0 -0.000441360825313 -1.68094376475e-08 -1.68094376475e-08 -2.63062635994e-08
0.177154308617 0.0 -0.000415607995883 -1.85249842383e-08 -1.85249842383e-08 -2.88376980911e-08
0.177755511022 0.0 -0.000391357810516 -2.04050625737e-08 -2.04050625737e-08 -3.15966198492e-08
0.178356713427 0.0 -0.000368522591888 -2.24644063425e-08 -2.24644063425e-08 -3.46019636259e-08
0.178957915832 0.0 -0.000347019778531 -2.47189710172e-08 -2.47189710172e-08 -3.78741078609e-08
0.179559118236 0.0 -0.000326771626333 -2.71860266353e-08 -2.71860266353e-08 -4.14349739407e-08
0.180160320641 0.0 -0.000307704927449 -2.98842569318e-08 -2.98842569318e-08 -4.53081314629e-08
0.180761523046 0.0 -0.000289750745617 -3.28338652035e-08 -3.28338652035e-08 -4.95189098141e-08
0.181362725451 0.0 -0.000272844166915 -3.60566873098e-08 -3.60566873098e-08 -5.40945163794e-08
0.181963927856 0.0 -0.000256924065065 -3.9576312228e-08 -3.9576312228e-08 -5.90641617134e-08
0.182565130261 0.0 -0.000241932880428 -4.34182106095e-08 -4.34182106095e-08 -6.44591920183e-08
0.183166332665 0.0 -0.000227816411893 -4.76098717985e-08 -4.76098717985e-08 -7.03132292826e-08
0.18376753507 0.0 -0.000214523620915 -5.21809498026e-08 -5.21809498026e-08 -7.66623194522e-08
0.184368737475 0.0 -0.000202006446981 -5.71634187227e-08 -5.71634187227e-08 -8.3545089015e-08
0.18496993988 0.0 -0.000190219633847 -6.25917381795e-08 -6.25917381795e-08 -9.10029103952e-08
0.185571142285 0.0 -0.000179120565911 -6.85030292937e-08 -6.85030292937e-08 -9.90800765672e-08
0.186172344689 0.0 -0.000168669114135 -7.49372618066e-08 -7.49372618066e-08 -1.07823985312e-07
0.186773547094 0.0 -0.000158827490962 -8.1937452952e-08 -8.1937452952e-08 -1.17285333556e-07
0.187374749499 0.0 -0.000149560113685 -8.9549878719e-08 -8.9549878719e-08 -1.27518322238e-07
0.187975951904 0.0 -0.000140833475804 -9.78242981742e-08 -9.78242981742e-08 -1.38580872182e-07
0.188577154309 0.0 -0.00013261602588 -1.0681419154e-07 -1.0681419154e-07 -1.5053485144e-07
0.189178356713 0.0 -0.000124878053459 -1.16577012755e-07 -1.16577012755e-07 -1.63446314615e-07
0.189779559118 0.0 -0.000117591581652 -1.27174457281e-07 -1.27174457281e-07 -1.77385754672e-07
0.190380761523 0.0 -0.000110730265987 -1.38672745937e-07 -1.38672745937e-07 -1.92428367744e-07
0.190981963928 0.0 -0.000104269299157 -1.51142925595e-07 -1.51142925595e-07 -2.08654331505e-07
0.191583166333 0.0 -9.81853213274e-05 -1.64661187584e-07 -1.64661187584e-07 -2.2614909763e-07
0.192184368737 0.0 -9.2456335682e-05 -1.7930920471e-07 -1.7930920471e-07 -2.45003698937e-07
0.192785571142 0.0 -8.7061628889e-05 -1.95174487801e-07 -1.95174487801e-07 -2.65315071779e-07
0.193386773547 0.0 -8.19816962125e-05 -2.12350762754e-07 -2.12350762754e-07 -2.87186394297e-07
0.193987975952 0.0 -7.71981709927e-05 -2.30938369086e-07 -2.30938369086e-07 -3.10727441132e-07
0.194589178357 0.0 -7.26937582405e-05 -2.51044681029e-07 -2.51044681029e-07 -3.36054955245e-07
0.195190380762 0.0 -6.84521721069e-05 -2.72784552237e-07 -2.72784552237e-07 -3.63293037465e-07
0.195791583166 0.0 -6.44580770009e-05 -2.96280785248e-07 -2.96280785248e-07 -3.92573554441e-07
0.196392785571 0.0 -6.06970321434e-05 -3.21664626844e-07 -3.21664626844e-07 -4.24036565653e-07
0.196993987976 0.0 -5.71554393558e-05 -3.49076290517e-07 -3.49076290517e-07 -4.57830770179e-07
0.197595190381 0.0 -5.38204938955e-05 -3.78665507292e-07 -3.78665507292e-07 -4.9411397391e-07
0.198196392786 0.0 -5.06801381602e-05 -4.10592106194e-07 -4.10592106194e-07 -5.33053577923e-07
0.19879759519 0.0 -4.77230180928e-05 -4.45026625685e-07 -4.45026625685e-07 -5.74827088741e-07
0.199398797595 0.0 -4.49384421307e-05 -4.82150957471e-07 -4.82150957471e-07 -6.19622651218e-07
# PL     : (pIni=0) (pIni=pD) (pIni=Int(pD))
# PL-ITER: 46 45 45
# PL-MSE : 3.60478477641e-15 3.60478477641e-15 6.24168245088e-15
