# FILE:  main_inv_EX2.py
# SIMULATION PARAMETERS ---------------------------------------
# zMin  = 0.0
# zMax  = 0.3
# p0-PROFILE --------------------------------------------------
# zAMin = 0.1
# zAMax = 0.2
# N     = 500
# IRRADIATION SOURCE PROFILE ----------------------------------
# a0    = 0.1
# DETECTOR POSITION -------------------------------------------
# zD    = -0.05
# MATERIAL PARAMETERS -----------------------------------------
# c0    = 1.0
# OPTOACOUSTIC PARAMETERS -------------------------------------
# wD    = 10.0
# D     = 0.159154943092
# SIMULATION RESULTS --------------------------------------
-0.0993987975952 0.0 0.0 0.0 0.0 0.0
-0.0987975951904 0.0 0.0 0.0 0.0 0.0
-0.0981963927856 0.0 0.0 0.0 0.0 0.0
-0.0975951903808 0.0 0.0 0.0 0.0 0.0
-0.096993987976 0.0 0.0 0.0 0.0 0.0
-0.0963927855711 0.0 0.0 0.0 0.0 0.0
-0.0957915831663 0.0 0.0 0.0 0.0 0.0
-0.0951903807615 0.0 0.0 0.0 0.0 0.0
-0.0945891783567 0.0 0.0 0.0 0.0 0.0
-0.0939879759519 0.0 0.0 0.0 0.0 0.0
-0.0933867735471 0.0 0.0 0.0 0.0 0.0
-0.0927855711423 0.0 0.0 0.0 0.0 0.0
-0.0921843687375 0.0 0.0 0.0 0.0 0.0
-0.0915831663327 0.0 0.0 0.0 0.0 0.0
-0.0909819639279 0.0 0.0 0.0 0.0 0.0
-0.090380761523 0.0 0.0 0.0 0.0 0.0
-0.0897795591182 0.0 0.0 0.0 0.0 0.0
-0.0891783567134 0.0 0.0 0.0 0.0 0.0
-0.0885771543086 0.0 0.0 0.0 0.0 0.0
-0.0879759519038 0.0 0.0 0.0 0.0 0.0
-0.087374749499 0.0 0.0 0.0 0.0 0.0
-0.0867735470942 0.0 0.0 0.0 0.0 0.0
-0.0861723446894 0.0 0.0 0.0 0.0 0.0
-0.0855711422846 0.0 0.0 0.0 0.0 0.0
-0.0849699398798 0.0 0.0 0.0 0.0 0.0
-0.0843687374749 0.0 0.0 0.0 0.0 0.0
-0.0837675350701 0.0 0.0 0.0 0.0 0.0
-0.0831663326653 0.0 0.0 0.0 0.0 0.0
-0.0825651302605 0.0 0.0 0.0 0.0 0.0
-0.0819639278557 0.0 0.0 0.0 0.0 0.0
-0.0813627254509 0.0 0.0 0.0 0.0 0.0
-0.0807615230461 0.0 0.0 0.0 0.0 0.0
-0.0801603206413 0.0 0.0 0.0 0.0 0.0
-0.0795591182365 0.0 0.0 0.0 0.0 0.0
-0.0789579158317 0.0 0.0 0.0 0.0 0.0
-0.0783567134269 0.0 0.0 0.0 0.0 0.0
-0.077755511022 0.0 0.0 0.0 0.0 0.0
-0.0771543086172 0.0 0.0 0.0 0.0 0.0
-0.0765531062124 0.0 0.0 0.0 0.0 0.0
-0.0759519038076 0.0 0.0 0.0 0.0 0.0
-0.0753507014028 0.0 0.0 0.0 0.0 0.0
-0.074749498998 0.0 0.0 0.0 0.0 0.0
-0.0741482965932 0.0 0.0 0.0 0.0 0.0
-0.0735470941884 0.0 0.0 0.0 0.0 0.0
-0.0729458917836 0.0 0.0 0.0 0.0 0.0
-0.0723446893788 0.0 0.0 0.0 0.0 0.0
-0.0717434869739 0.0 0.0 0.0 0.0 0.0
-0.0711422845691 0.0 0.0 0.0 0.0 0.0
-0.0705410821643 0.0 0.0 0.0 0.0 0.0
-0.0699398797595 0.0 0.0 0.0 0.0 0.0
-0.0693386773547 0.0 0.0 0.0 0.0 0.0
-0.0687374749499 0.0 0.0 0.0 0.0 0.0
-0.0681362725451 0.0 0.0 0.0 0.0 0.0
-0.0675350701403 0.0 0.0 0.0 0.0 0.0
-0.0669338677355 0.0 0.0 0.0 0.0 0.0
-0.0663326653307 0.0 0.0 0.0 0.0 0.0
-0.0657314629259 0.0 0.0 0.0 0.0 0.0
-0.065130260521 0.0 0.0 0.0 0.0 0.0
-0.0645290581162 0.0 0.0 0.0 0.0 0.0
-0.0639278557114 0.0 0.0 0.0 0.0 0.0
-0.0633266533066 0.0 0.0 0.0 0.0 0.0
-0.0627254509018 0.0 0.0 0.0 0.0 0.0
-0.062124248497 0.0 0.0 0.0 0.0 0.0
-0.0615230460922 0.0 0.0 0.0 0.0 0.0
-0.0609218436874 0.0 0.0 0.0 0.0 0.0
-0.0603206412826 0.0 0.0 0.0 0.0 0.0
-0.0597194388778 0.0 0.0 0.0 0.0 0.0
-0.0591182364729 0.0 0.0 0.0 0.0 0.0
-0.0585170340681 0.0 0.0 0.0 0.0 0.0
-0.0579158316633 0.0 0.0 0.0 0.0 0.0
-0.0573146292585 0.0 0.0 0.0 0.0 0.0
-0.0567134268537 0.0 0.0 0.0 0.0 0.0
-0.0561122244489 0.0 0.0 0.0 0.0 0.0
-0.0555110220441 0.0 0.0 0.0 0.0 0.0
-0.0549098196393 0.0 0.0 0.0 0.0 0.0
-0.0543086172345 0.0 0.0 0.0 0.0 0.0
-0.0537074148297 0.0 0.0 0.0 0.0 0.0
-0.0531062124248 0.0 0.0 0.0 0.0 0.0
-0.05250501002 0.0 0.0 0.0 0.0 0.0
-0.0519038076152 0.0 0.0 0.0 0.0 0.0
-0.0513026052104 0.0 0.0 0.0 0.0 0.0
-0.0507014028056 0.0 0.0 0.0 0.0 0.0
-0.0501002004008 0.0 0.0 0.0 0.0 0.0
-0.049498997996 0.0 0.0 0.0 0.0 0.0
-0.0488977955912 0.0 0.0 0.0 0.0 0.0
-0.0482965931864 0.0 0.0 0.0 0.0 0.0
-0.0476953907816 0.0 0.0 0.0 0.0 0.0
-0.0470941883768 0.0 0.0 0.0 0.0 0.0
-0.0464929859719 0.0 0.0 0.0 0.0 0.0
-0.0458917835671 0.0 0.0 0.0 0.0 0.0
-0.0452905811623 0.0 0.0 0.0 0.0 0.0
-0.0446893787575 0.0 0.0 0.0 0.0 0.0
-0.0440881763527 0.0 0.0 0.0 0.0 0.0
-0.0434869739479 0.0 0.0 0.0 0.0 0.0
-0.0428857715431 0.0 0.0 0.0 0.0 0.0
-0.0422845691383 0.0 0.0 0.0 0.0 0.0
-0.0416833667335 0.0 0.0 0.0 0.0 0.0
-0.0410821643287 0.0 0.0 0.0 0.0 0.0
-0.0404809619238 0.0 0.0 0.0 0.0 0.0
-0.039879759519 0.0 0.0 0.0 0.0 0.0
-0.0392785571142 0.0 0.0 0.0 0.0 0.0
-0.0386773547094 0.0 0.0 0.0 0.0 0.0
-0.0380761523046 0.0 0.0 0.0 0.0 0.0
-0.0374749498998 0.0 0.0 0.0 0.0 0.0
-0.036873747495 0.0 0.0 0.0 0.0 0.0
-0.0362725450902 0.0 0.0 0.0 0.0 0.0
-0.0356713426854 0.0 0.0 0.0 0.0 0.0
-0.0350701402806 0.0 0.0 0.0 0.0 0.0
-0.0344689378758 0.0 0.0 0.0 0.0 0.0
-0.0338677354709 0.0 0.0 0.0 0.0 0.0
-0.0332665330661 0.0 0.0 0.0 0.0 0.0
-0.0326653306613 0.0 0.0 0.0 0.0 0.0
-0.0320641282565 0.0 0.0 0.0 0.0 0.0
-0.0314629258517 0.0 0.0 0.0 0.0 0.0
-0.0308617234469 0.0 0.0 0.0 0.0 0.0
-0.0302605210421 0.0 0.0 0.0 0.0 0.0
-0.0296593186373 0.0 0.0 0.0 0.0 0.0
-0.0290581162325 0.0 0.0 0.0 0.0 0.0
-0.0284569138277 0.0 0.0 0.0 0.0 0.0
-0.0278557114228 0.0 0.0 0.0 0.0 0.0
-0.027254509018 0.0 0.0 0.0 0.0 0.0
-0.0266533066132 0.0 0.0 0.0 0.0 0.0
-0.0260521042084 0.0 0.0 0.0 0.0 0.0
-0.0254509018036 0.0 0.0 0.0 0.0 0.0
-0.0248496993988 0.0 0.0 0.0 0.0 0.0
-0.024248496994 0.0 0.0 0.0 0.0 0.0
-0.0236472945892 0.0 0.0 0.0 0.0 0.0
-0.0230460921844 0.0 0.0 0.0 0.0 0.0
-0.0224448897796 0.0 0.0 0.0 0.0 0.0
-0.0218436873747 0.0 0.0 0.0 0.0 0.0
-0.0212424849699 0.0 0.0 0.0 0.0 0.0
-0.0206412825651 0.0 0.0 0.0 0.0 0.0
-0.0200400801603 0.0 0.0 0.0 0.0 0.0
-0.0194388777555 0.0 0.0 0.0 0.0 0.0
-0.0188376753507 0.0 0.0 0.0 0.0 0.0
-0.0182364729459 0.0 0.0 0.0 0.0 0.0
-0.0176352705411 0.0 0.0 0.0 0.0 0.0
-0.0170340681363 0.0 0.0 0.0 0.0 0.0
-0.0164328657315 0.0 0.0 0.0 0.0 0.0
-0.0158316633267 0.0 0.0 0.0 0.0 0.0
-0.0152304609218 0.0 0.0 0.0 0.0 0.0
-0.014629258517 0.0 0.0 0.0 0.0 0.0
-0.0140280561122 0.0 0.0 0.0 0.0 0.0
-0.0134268537074 0.0 0.0 0.0 0.0 0.0
-0.0128256513026 0.0 0.0 0.0 0.0 0.0
-0.0122244488978 0.0 0.0 0.0 0.0 0.0
-0.011623246493 0.0 0.0 0.0 0.0 0.0
-0.0110220440882 0.0 0.0 0.0 0.0 0.0
-0.0104208416834 0.0 0.0 0.0 0.0 0.0
-0.00981963927856 0.0 0.0 0.0 0.0 0.0
-0.00921843687375 0.0 0.0 0.0 0.0 0.0
-0.00861723446894 0.0 0.0 0.0 0.0 0.0
-0.00801603206413 0.0 0.0 0.0 0.0 0.0
-0.00741482965932 0.0 0.0 0.0 0.0 0.0
-0.00681362725451 0.0 0.0 0.0 0.0 0.0
-0.0062124248497 0.0 0.0 0.0 0.0 0.0
-0.00561122244489 0.0 0.0 0.0 0.0 0.0
-0.00501002004008 0.0 0.0 0.0 0.0 0.0
-0.00440881763527 0.0 0.0 0.0 0.0 0.0
-0.00380761523046 0.0 0.0 0.0 0.0 0.0
-0.00320641282565 0.0 0.0 0.0 0.0 0.0
-0.00260521042084 0.0 0.0 0.0 0.0 0.0
-0.00200400801603 0.0 0.0 0.0 0.0 0.0
-0.00140280561122 0.0 0.0 0.0 0.0 0.0
-0.000801603206413 0.0 0.0 0.0 0.0 1.47418925341e-38
-0.000200400801603 1.0 0.996993987976 1.0 1.0 1.0
0.000400801603206 1.0 0.991017999928 1.0 1.0 1.0
0.00100200400802 1.0 0.98507783188 1.0 1.0 1.0
0.00160320641283 1.0 0.979173269129 1.0 1.0 1.0
0.00220440881764 1.0 0.973304098255 1.0 1.0 1.0
0.00280561122244 1.0 0.967470107122 1.0 1.0 1.0
0.00340681362725 1.0 0.961671084861 1.0 1.0 1.0
0.00400801603206 1.0 0.95590682187 1.0 1.0 1.0
0.00460921843687 1.0 0.950177109802 1.0 1.0 1.0
0.00521042084168 1.0 0.94448174156 1.0 1.0 1.0
0.00581162324649 1.0 0.938820511286 1.0 1.0 1.0
0.0064128256513 1.0 0.933193214359 1.0 1.0 1.0
0.00701402805611 1.0 0.927599647382 1.0 1.0 1.0
0.00761523046092 1.0 0.922039608178 1.0 1.0 1.0
0.00821643286573 1.0 0.916512895783 1.0 1.0 1.0
0.00881763527054 1.0 0.911019310435 1.0 1.0 1.0
0.00941883767535 1.0 0.905558653572 1.0 1.0 1.0
0.0100200400802 1.0 0.90013072782 1.0 1.0 1.0
0.010621242485 1.0 0.894735336991 1.0 1.0 1.0
0.0112224448898 1.0 0.889372286069 1.0 1.0 1.0
0.0118236472946 1.0 0.88404138121 1.0 1.0 1.0
0.0124248496994 1.0 0.87874242973 1.0 1.0 1.0
0.0130260521042 1.0 0.873475240103 1.0 1.0 1.0
0.013627254509 1.0 0.868239621946 1.0 1.0 1.0
0.0142284569138 1.0 0.863035386022 1.0 1.0 1.0
0.0148296593186 1.0 0.857862344226 1.0 1.0 1.0
0.0154308617234 1.0 0.85272030958 1.0 1.0 1.0
0.0160320641283 1.0 0.847609096228 1.0 1.0 1.0
0.0166332665331 1.0 0.842528519428 1.0 1.0 1.0
0.0172344689379 1.0 0.837478395544 1.0 1.0 1.0
0.0178356713427 1.0 0.832458542041 1.0 1.0 1.0
0.0184368737475 1.0 0.827468777481 1.0 1.0 1.0
0.0190380761523 1.0 0.822508921509 1.0 1.0 1.0
0.0196392785571 1.0 0.817578794854 1.0 1.0 1.0
0.0202404809619 1.0 0.81267821932 1.0 1.0 1.0
0.0208416833667 1.0 0.807807017776 1.0 1.0 1.0
0.0214428857715 1.0 0.802965014156 1.0 1.0 1.0
0.0220440881764 1.0 0.798152033447 1.0 1.0 1.0
0.0226452905812 1.0 0.793367901687 1.0 1.0 1.0
0.023246492986 1.0 0.788612445956 1.0 1.0 1.0
0.0238476953908 1.0 0.783885494369 1.0 1.0 1.0
0.0244488977956 1.0 0.779186876073 1.0 1.0 1.0
0.0250501002004 1.0 0.774516421238 1.0 1.0 1.0
0.0256513026052 1.0 0.769873961054 1.0 1.0 1.0
0.02625250501 1.0 0.76525932772 1.0 1.0 1.0
0.0268537074148 1.0 0.760672354444 1.0 1.0 1.0
0.0274549098196 1.0 0.75611287543 1.0 1.0 1.0
0.0280561122244 1.0 0.751580725878 1.0 1.0 1.0
0.0286573146293 1.0 0.747075741977 1.0 1.0 1.0
0.0292585170341 1.0 0.742597760894 1.0 1.0 1.0
0.0298597194389 1.0 0.738146620777 1.0 1.0 1.0
0.0304609218437 1.0 0.73372216074 1.0 1.0 1.0
0.0310621242485 1.0 0.729324220864 1.0 1.0 1.0
0.0316633266533 1.0 0.724952642186 1.0 1.0 1.0
0.0322645290581 1.0 0.720607266699 1.0 1.0 1.0
0.0328657314629 1.0 0.716287937339 1.0 1.0 1.0
0.0334669338677 1.0 0.711994497989 1.0 1.0 1.0
0.0340681362725 1.0 0.707726793462 1.0 1.0 1.0
0.0346693386774 1.0 0.703484669505 1.0 1.0 1.0
0.0352705410822 1.0 0.699267972788 1.0 1.0 1.0
0.035871743487 1.0 0.6950765509 1.0 1.0 1.0
0.0364729458918 1.0 0.690910252345 1.0 1.0 1.0
0.0370741482966 1.0 0.686768926533 1.0 1.0 1.0
0.0376753507014 1.0 0.682652423779 1.0 1.0 1.0
0.0382765531062 1.0 0.678560595293 1.0 1.0 1.0
0.038877755511 1.0 0.674493293177 1.0 1.0 1.0
0.0394789579158 1.0 0.670450370422 1.0 1.0 1.0
0.0400801603206 1.0 0.666431680897 1.0 1.0 1.0
0.0406813627255 1.0 0.662437079348 1.0 1.0 1.0
0.0412825651303 1.0 0.658466421394 1.0 1.0 1.0
0.0418837675351 1.0 0.654519563516 1.0 1.0 1.0
0.0424849699399 1.0 0.650596363056 1.0 1.0 1.0
0.0430861723447 1.0 0.646696678213 1.0 1.0 1.0
0.0436873747495 1.0 0.642820368034 1.0 1.0 1.0
0.0442885771543 1.0 0.638967292411 1.0 1.0 1.0
0.0448897795591 1.0 0.635137312078 1.0 1.0 1.0
0.0454909819639 1.0 0.631330288601 1.0 1.0 1.0
0.0460921843687 1.0 0.627546084376 1.0 1.0 1.0
0.0466933867735 1.0 0.623784562627 1.0 1.0 1.0
0.0472945891784 1.0 0.620045587393 1.0 1.0 1.0
0.0478957915832 1.0 0.616329023533 1.0 1.0 1.0
0.048496993988 1.0 0.612634736711 1.0 1.0 1.0
0.0490981963928 1.0 0.608962593401 1.0 1.0 1.0
0.0496993987976 1.0 0.605312460873 1.0 1.0 1.0
0.0503006012024 1.0 0.601684207196 1.0 1.0 1.0
0.0509018036072 1.0 0.598077701227 1.0 1.0 1.0
0.051503006012 1.0 0.594492812613 1.0 1.0 1.0
0.0521042084168 1.0 0.590929411777 1.0 1.0 1.0
0.0527054108216 1.0 0.587387369924 1.0 1.0 1.0
0.0533066132265 1.0 0.583866559026 1.0 1.0 1.0
0.0539078156313 1.0 0.580366851827 1.0 1.0 1.0
0.0545090180361 1.0 0.576888121831 1.0 1.0 1.0
0.0551102204409 1.0 0.573430243301 1.0 1.0 1.0
0.0557114228457 1.0 0.569993091253 1.0 1.0 1.0
0.0563126252505 1.0 0.566576541453 1.0 1.0 1.0
0.0569138276553 1.0 0.563180470412 1.0 1.0 1.0
0.0575150300601 1.0 0.55980475538 1.0 1.0 1.0
0.0581162324649 1.0 0.556449274343 1.0 1.0 1.0
0.0587174348697 1.0 0.553113906019 1.0 1.0 1.0
0.0593186372745 1.0 0.549798529853 1.0 1.0 1.0
0.0599198396794 1.0 0.546503026012 1.0 1.0 1.0
0.0605210420842 1.0 0.543227275381 1.0 1.0 1.0
0.061122244489 1.0 0.539971159561 1.0 1.0 1.0
0.0617234468938 1.0 0.536734560859 1.0 1.0 1.0
0.0623246492986 1.0 0.533517362291 1.0 1.0 1.0
0.0629258517034 1.0 0.530319447573 1.0 1.0 1.0
0.0635270541082 1.0 0.527140701117 1.0 1.0 1.0
0.064128256513 1.0 0.523981008029 1.0 1.0 1.0
0.0647294589178 1.0 0.520840254104 1.0 1.0 1.0
0.0653306613226 1.0 0.51771832582 1.0 1.0 1.0
0.0659318637275 1.0 0.514615110337 1.0 1.0 1.0
0.0665330661323 1.0 0.51153049549 1.0 1.0 1.0
0.0671342685371 1.0 0.508464369787 1.0 1.0 1.0
0.0677354709419 1.0 0.505416622405 1.0 1.0 1.0
0.0683366733467 1.0 0.502387143184 1.0 1.0 1.0
0.0689378757515 1.0 0.499375822626 1.0 1.0 1.0
0.0695390781563 1.0 0.496382551886 1.0 1.0 1.0
0.0701402805611 1.0 0.493407222776 1.0 1.0 1.0
0.0707414829659 1.0 0.490449727752 1.0 1.0 1.0
0.0713426853707 1.0 0.487509959918 1.0 1.0 1.0
0.0719438877756 1.0 0.484587813017 1.0 1.0 1.0
0.0725450901804 1.0 0.48168318143 1.0 1.0 1.0
0.0731462925852 1.0 0.478795960169 1.0 1.0 1.0
0.07374749499 1.0 0.475926044879 1.0 1.0 1.0
0.0743486973948 1.0 0.473073331825 1.0 1.0 1.0
0.0749498997996 1.0 0.4702377179 1.0 1.0 1.0
0.0755511022044 1.0 0.46741910061 1.0 1.0 1.0
0.0761523046092 1.0 0.464617378079 1.0 1.0 1.0
0.076753507014 1.0 0.461832449039 1.0 1.0 1.0
0.0773547094188 1.0 0.45906421283 1.0 1.0 1.0
0.0779559118236 1.0 0.456312569396 1.0 1.0 1.0
0.0785571142285 1.0 0.453577419279 1.0 1.0 1.0
0.0791583166333 1.0 0.45085866362 1.0 1.0 1.0
0.0797595190381 1.0 0.448156204149 1.0 1.0 1.0
0.0803607214429 1.0 0.445469943188 1.0 1.0 1.0
0.0809619238477 1.0 0.442799783642 1.0 1.0 1.0
0.0815631262525 1.0 0.440145629001 1.0 1.0 1.0
0.0821643286573 1.0 0.437507383331 1.0 1.0 1.0
0.0827655310621 1.0 0.434884951274 1.0 1.0 1.0
0.0833667334669 1.0 0.432278238044 1.0 1.0 1.0
0.0839679358717 1.0 0.429687149421 1.0 1.0 1.0
0.0845691382766 1.0 0.427111591752 0.999999999999 0.999999999999 0.999999999999
0.0851703406814 1.0 0.424551471944 0.999999999999 0.999999999999 0.999999999999
0.0857715430862 1.0 0.422006697465 0.999999999999 0.999999999999 0.999999999999
0.086372745491 1.0 0.419477176333 0.999999999999 0.999999999999 0.999999999999
0.0869739478958 1.0 0.41696281712 0.999999999999 0.999999999999 0.999999999999
0.0875751503006 1.0 0.414463528946 0.999999999999 0.999999999999 0.999999999999
0.0881763527054 1.0 0.411979221475 0.999999999999 0.999999999999 0.999999999999
0.0887775551102 1.0 0.409509804914 0.999999999999 0.999999999999 0.999999999999
0.089378757515 1.0 0.407055190006 0.999999999999 0.999999999999 0.999999999999
0.0899799599198 1.0 0.40461528803 0.999999999999 0.999999999999 0.999999999999
0.0905811623246 1.0 0.402190010797 0.999999999999 0.999999999999 0.999999999999
0.0911823647295 1.0 0.399779270647 0.999999999999 0.999999999999 0.999999999999
0.0917835671343 1.0 0.397382980444 0.999999999998 0.999999999998 0.999999999999
0.0923847695391 1.0 0.395001053577 0.999999999998 0.999999999998 0.999999999998
0.0929859719439 1.0 0.39263340395 0.999999999998 0.999999999998 0.999999999998
0.0935871743487 1.0 0.390279945986 0.999999999998 0.999999999998 0.999999999998
0.0941883767535 1.0 0.387940594622 0.999999999998 0.999999999998 0.999999999998
0.0947895791583 1.0 0.385615265301 0.999999999998 0.999999999998 0.999999999998
0.0953907815631 1.0 0.383303873976 0.999999999997 0.999999999997 0.999999999998
0.0959919839679 1.0 0.381006337104 0.999999999997 0.999999999997 0.999999999997
0.0965931863727 1.0 0.378722571639 0.999999999997 0.999999999997 0.999999999997
0.0971943887776 1.0 0.376452495038 0.999999999997 0.999999999997 0.999999999997
0.0977955911824 1.0 0.374196025248 0.999999999996 0.999999999996 0.999999999997
0.0983967935872 1.0 0.371953080711 0.999999999996 0.999999999996 0.999999999996
0.098997995992 1.0 0.369723580357 0.999999999996 0.999999999996 0.999999999996
0.0995991983968 0.0 -0.629486544375 -4.61386484574e-12 -4.61386484574e-12 -4.29234425781e-12
0.100200400802 0.0 -0.625713409586 -4.98889818346e-12 -4.98889818346e-12 -4.6393999753e-12
0.100801603206 0.0 -0.621962890921 -5.39179811909e-12 -5.39179811909e-12 -5.01187980007e-12
0.101402805611 0.0 -0.61823485282 -5.82434100949e-12 -5.82434100949e-12 -5.41178213354e-12
0.102004008016 0.0 -0.614529160535 -6.28852525608e-12 -6.28852525608e-12 -5.84066128795e-12
0.102605210421 0.0 -0.610845680124 -6.78657130493e-12 -6.78657130493e-12 -6.30051566475e-12
0.103206412826 0.0 -0.607184278452 -7.32047755747e-12 -7.32047755747e-12 -6.79334366538e-12
0.10380761523 0.0 -0.603544823176 -7.89268650436e-12 -7.89268650436e-12 -7.32125471359e-12
0.104408817635 0.0 -0.599927182752 -8.50552961396e-12 -8.50552961396e-12 -7.88646925542e-12
0.10501002004 0.0 -0.596331226422 -9.16189346611e-12 -9.16189346611e-12 -8.49142978154e-12
0.105611222445 0.0 -0.59275682421 -9.8644425961e-12 -9.8644425961e-12 -9.1386898049e-12
0.10621242485 0.0 -0.589203846922 -1.06160635838e-11 -1.06160635838e-11 -9.83091386075e-12
0.106813627255 0.0 -0.585672166138 -1.14198650536e-11 -1.14198650536e-11 -1.05708775067e-11
0.107414829659 0.0 -0.582161654206 -1.22791776747e-11 -1.22791776747e-11 -1.13615783448e-11
0.108016032064 0.0 -0.57867218424 -1.31975541606e-11 -1.31975541606e-11 -1.22062360219e-11
0.108617234469 0.0 -0.575203630115 -1.41785472252e-11 -1.41785472252e-11 -1.31079591625e-11
0.109218436874 0.0 -0.571755866462 -1.52259316266e-11 -1.52259316266e-11 -1.40703004803e-11
0.109819639279 0.0 -0.568328768663 -1.63439262124e-11 -1.63439262124e-11 -1.50969237112e-11
0.110420841683 0.0 -0.564922212847 -1.75366388078e-11 -1.75366388078e-11 -1.6191825658e-11
0.111022044088 0.0 -0.561536075885 -1.88087323494e-11 -1.88087323494e-11 -1.73590031238e-11
0.111623246493 0.0 -0.558170235388 -2.01649807963e-11 -2.01649807963e-11 -1.86027859783e-11
0.112224448898 0.0 -0.554824569699 -2.16102691297e-11 -2.16102691297e-11 -1.99275040913e-11
0.112825651303 0.0 -0.551498957889 -2.31499264203e-11 -2.31499264203e-11 -2.13381534664e-11
0.113426853707 0.0 -0.548193279757 -2.4789503783e-11 -2.4789503783e-11 -2.28397301072e-11
0.114028056112 0.0 -0.54490741582 -2.65349964224e-11 -2.65349964224e-11 -2.44374520619e-11
0.114629258517 0.0 -0.541641247311 -2.83925105649e-11 -2.83925105649e-11 -2.6136981468e-11
0.115230460922 0.0 -0.538394656178 -3.03684855041e-11 -3.03684855041e-11 -2.79439804629e-11
0.115831663327 0.0 -0.535167525073 -3.24696936005e-11 -3.24696936005e-11 -2.98646662955e-11
0.116432865731 0.0 -0.531959737353 -3.47032402814e-11 -3.47032402814e-11 -3.19053672371e-11
0.117034068136 0.0 -0.528771177074 -3.70766750635e-11 -3.70766750635e-11 -3.40729666704e-11
0.117635270541 0.0 -0.525601728987 -3.95979915524e-11 -3.95979915524e-11 -3.63744590004e-11
0.118236472946 0.0 -0.522451278534 -4.22755164209e-11 -4.22755164209e-11 -3.88173937438e-11
0.118837675351 0.0 -0.519319711843 -4.51179094085e-11 -4.51179094085e-11 -4.1409653484e-11
0.119438877756 0.0 -0.516206915725 -4.81343853664e-11 -4.81343853664e-11 -4.41593428491e-11
0.12004008016 0.0 -0.513112777669 -5.13344922126e-11 -5.13344922126e-11 -4.70751215786e-11
0.120641282565 0.0 -0.510037185841 -5.47284439989e-11 -5.47284439989e-11 -5.01659824792e-11
0.12124248497 0.0 -0.506980029072 -5.83266768217e-11 -5.83266768217e-11 -5.34412514241e-11
0.121843687375 0.0 -0.503941196865 -6.21404039336e-11 -6.21404039336e-11 -5.69111424653e-11
0.12244488978 0.0 -0.500920579381 -6.61810606317e-11 -6.61810606317e-11 -6.05858696545e-11
0.123046092184 0.0 -0.497918067442 -7.04609703917e-11 -7.04609703917e-11 -6.44762576663e-11
0.123647294589 0.0 -0.494933552524 -7.49929007782e-11 -7.49929007782e-11 -6.85937417977e-11
0.124248496994 0.0 -0.491966926752 -7.97901189564e-11 -7.97901189564e-11 -7.29502569463e-11
0.124849699399 0.0 -0.4890180829 -8.48666692477e-11 -8.48666692477e-11 -7.75582931212e-11
0.125450901804 0.0 -0.486086914382 -9.0237262107e-11 -9.0237262107e-11 -8.24308954428e-11
0.126052104208 0.0 -0.483173315253 -9.5917163101e-11 -9.5917163101e-11 -8.75817196544e-11
0.126653306613 0.0 -0.480277180203 -1.01922470463e-10 -1.01922470463e-10 -9.30250321218e-11
0.127254509018 0.0 -0.477398404551 -1.08269948562e-10 -1.08269948562e-10 -9.87758208559e-11
0.127855711423 0.0 -0.474536884245 -1.14977194432e-10 -1.14977194432e-10 -1.04849628979e-10
0.128456913828 0.0 -0.471692515859 -1.22062526753e-10 -1.22062526753e-10 -1.11262887792e-10
0.129058116232 0.0 -0.468865196582 -1.29545207894e-10 -1.29545207894e-10 -1.18032528196e-10
0.129659318637 0.0 -0.466054824222 -1.37445221871e-10 -1.37445221871e-10 -1.2517636927e-10
0.130260521042 0.0 -0.463261297202 -1.45783551897e-10 -1.45783551897e-10 -1.32713062762e-10
0.130861723447 0.0 -0.460484514548 -1.54582069367e-10 -1.54582069367e-10 -1.40661926551e-10
0.131462925852 0.0 -0.457724375896 -1.63863700386e-10 -1.63863700386e-10 -1.4904327772e-10
0.132064128257 0.0 -0.454980781483 -1.73652259239e-10 -1.73652259239e-10 -1.57878210505e-10
0.132665330661 0.0 -0.452253632141 -1.83972670431e-10 -1.83972670431e-10 -1.67188818345e-10
0.133266533066 0.0 -0.4495428293 -1.94850968693e-10 -1.94850968693e-10 -1.76998082857e-10
0.133867735471 0.0 -0.446848274978 -2.06314354489e-10 -2.06314354489e-10 -1.87329929346e-10
0.134468937876 0.0 -0.444169871783 -2.18391027484e-10 -2.18391027484e-10 -1.98209448854e-10
0.135070140281 0.0 -0.441507522904 -2.31110519611e-10 -2.31110519611e-10 -2.09662620598e-10
0.135671342685 0.0 -0.438861132112 -2.44503639557e-10 -2.44503639557e-10 -2.21716645044e-10
0.13627254509 0.0 -0.436230603755 -2.5860252828e-10 -2.5860252828e-10 -2.34399832877e-10
0.136873747495 0.0 -0.433615842754 -2.73440547982e-10 -2.73440547982e-10 -2.4774166052e-10
0.1374749499 0.0 -0.431016754598 -2.89052615177e-10 -2.89052615177e-10 -2.61772770127e-10
0.138076152305 0.0 -0.428433245346 -3.05475034157e-10 -3.05475034157e-10 -2.76525136123e-10
0.138677354709 0.0 -0.425865221617 -3.22745608017e-10 -3.22745608017e-10 -2.92032065197e-10
0.139278557114 0.0 -0.423312590592 -3.40903805185e-10 -3.40903805185e-10 -3.08328140797e-10
0.139879759519 0.0 -0.420775260006 -3.5999053738e-10 -3.5999053738e-10 -3.2544938966e-10
0.140480961924 0.0 -0.418253138149 -3.80048492676e-10 -3.80048492676e-10 -3.43433392835e-10
0.141082164329 0.0 -0.415746133861 -4.01122135507e-10 -4.01122135507e-10 -3.62318952618e-10
0.141683366733 0.0 -0.413254156526 -4.2325765115e-10 -4.2325765115e-10 -3.82146758682e-10
0.142284569138 0.0 -0.410777116073 -4.46503223284e-10 -4.46503223284e-10 -4.0295894399e-10
0.142885771543 0.0 -0.408314922971 -4.70908811945e-10 -4.70908811945e-10 -4.24799306842e-10
0.143486973948 0.0 -0.405867488225 -4.96526486593e-10 -4.96526486593e-10 -4.4771336638e-10
0.144088176353 0.0 -0.403434723374 -5.23410204067e-10 -5.23410204067e-10 -4.71748418107e-10
0.144689378758 0.0 -0.401016540485 -5.51616252675e-10 -5.51616252675e-10 -4.96953700413e-10
0.145290581162 0.0 -0.398612852156 -5.81203085659e-10 -5.81203085659e-10 -5.23380172535e-10
0.145891783567 0.0 -0.396223571506 -6.12231432218e-10 -6.12231432218e-10 -5.51080903133e-10
0.146492985972 0.0 -0.393848612176 -6.44764353019e-10 -6.44764353019e-10 -5.8011095927e-10
0.147094188377 0.0 -0.391487888323 -6.78867351223e-10 -6.78867351223e-10 -6.10527461919e-10
0.147695390782 0.0 -0.38914131462 -7.14608427987e-10 -7.14608427987e-10 -6.42389696992e-10
0.148296593186 0.0 -0.386808806253 -7.52058249009e-10 -7.52058249009e-10 -6.75759281865e-10
0.148897795591 0.0 -0.384490278912 -7.91290255542e-10 -7.91290255542e-10 -7.10700054363e-10
0.149498997996 0.0 -0.382185648796 -8.3238044235e-10 -8.3238044235e-10 -7.47278239288e-10
0.150100200401 0.0 -0.379894832606 -8.75407912826e-10 -8.75407912826e-10 -7.85562559447e-10
0.150701402806 0.0 -0.37761774754 -9.20454601427e-10 -9.20454601427e-10 -8.25624291156e-10
0.15130260521 0.0 -0.375354311295 -9.67605551239e-10 -9.67605551239e-10 -8.6753731976e-10
0.151903807615 0.0 -0.37310444206 -1.01694896948e-09 -1.01694896948e-09 -9.11378139623e-10
0.15250501002 0.0 -0.370868058514 -1.06857633853e-09 -1.06857633853e-09 -9.57226187204e-10
0.153106212425 0.0 -0.368645079824 -1.12258247142e-09 -1.12258247142e-09 -1.00516361901e-09
0.15370741483 0.0 -0.366435425641 -1.17906578945e-09 -1.17906578945e-09 -1.05527570016e-09
0.154308617234 0.0 -0.364239016099 -1.23812815556e-09 -1.23812815556e-09 -1.1076507489e-09
0.154909819639 0.0 -0.36205577181 -1.29987509645e-09 -1.29987509645e-09 -1.16238002557e-09
0.155511022044 0.0 -0.35988561386 -1.36441619114e-09 -1.36441619114e-09 -1.21955823218e-09
0.156112224449 0.0 -0.357728463812 -1.43186473789e-09 -1.43186473789e-09 -1.27928345695e-09
0.156713426854 0.0 -0.355584243694 -1.50233819829e-09 -1.50233819829e-09 -1.34165706323e-09
0.157314629259 0.0 -0.353452876007 -1.57595819728e-09 -1.57595819728e-09 -1.40678418914e-09
0.157915831663 0.0 -0.351334283712 -1.65285063414e-09 -1.65285063414e-09 -1.47477335899e-09
0.158517034068 0.0 -0.349228390233 -1.73314590457e-09 -1.73314590457e-09 -1.54573698286e-09
0.159118236473 0.0 -0.347135119455 -1.81697901169e-09 -1.81697901169e-09 -1.61979152313e-09
0.159719438878 0.0 -0.345054395717 -1.90448962156e-09 -1.90448962156e-09 -1.69705721698e-09
0.160320641283 0.0 -0.342986143811 -1.99582234073e-09 -1.99582234073e-09 -1.77765852039e-09
0.160921843687 0.0 -0.340930288983 -2.09112671623e-09 -2.09112671623e-09 -1.86172399719e-09
0.161523046092 0.0 -0.338886756924 -2.19055740214e-09 -2.19055740214e-09 -1.94938676312e-09
0.162124248497 0.0 -0.336855473772 -2.29427454812e-09 -2.29427454812e-09 -2.04078431931e-09
0.162725450902 0.0 -0.334836366107 -2.40244357741e-09 -2.40244357741e-09 -2.1360587743e-09
0.163326653307 0.0 -0.332829360948 -2.51523563088e-09 -2.51523563088e-09 -2.23535695509e-09
0.163927855711 0.0 -0.330834385755 -2.63282773361e-09 -2.63282773361e-09 -2.33883057366e-09
0.164529058116 0.0 -0.328851368418 -2.75540273931e-09 -2.75540273931e-09 -2.44663650451e-09
0.165130260521 0.0 -0.326880237264 -2.88314960795e-09 -2.88314960795e-09 -2.55893656265e-09
0.165731462926 0.0 -0.324920921047 -3.01626379429e-09 -3.01626379429e-09 -2.67589805869e-09
0.166332665331 0.0 -0.322973348947 -3.15494708136e-09 -3.15494708136e-09 -2.79769363232e-09
0.166933867735 0.0 -0.321037450571 -3.29940802457e-09 -3.29940802457e-09 -2.92450152983e-09
0.16753507014 0.0 -0.319113155946 -3.44986206269e-09 -3.44986206269e-09 -3.05650588173e-09
0.168136272545 0.0 -0.317200395521 -3.60653173992e-09 -3.60653173992e-09 -3.19389659165e-09
0.16873747495 0.0 -0.315299100159 -3.7696467059e-09 -3.7696467059e-09 -3.33686972498e-09
0.169338677355 0.0 -0.313409201138 -3.93944415977e-09 -3.93944415977e-09 -3.48562761987e-09
0.16993987976 0.0 -0.311530630149 -4.11616901674e-09 -4.11616901674e-09 -3.64037899825e-09
0.170541082164 0.0 -0.309663319292 -4.30007401908e-09 -4.30007401908e-09 -3.80133913236e-09
0.171142284569 0.0 -0.307807201074 -4.49142023573e-09 -4.49142023573e-09 -3.96873023334e-09
0.171743486974 0.0 -0.305962208406 -4.69047667373e-09 -4.69047667373e-09 -4.14278128469e-09
0.172344689379 0.0 -0.304128274602 -4.8975212219e-09 -4.8975212219e-09 -4.32372848636e-09
0.172945891784 0.0 -0.302305333376 -5.11284048432e-09 -5.11284048432e-09 -4.51181525474e-09
0.173547094188 0.0 -0.300493318837 -5.33673005787e-09 -5.33673005787e-09 -4.70729266677e-09
0.174148296593 0.0 -0.298692165492 -5.5694948653e-09 -5.5694948653e-09 -4.91041945994e-09
0.174749498998 0.0 -0.296901808238 -5.81144926626e-09 -5.81144926626e-09 -5.1214623098e-09
0.175350701403 0.0 -0.295122182364 -6.06291755689e-09 -6.06291755689e-09 -5.34069599656e-09
0.175951903808 0.0 -0.293353223546 -6.32423391433e-09 -6.32423391433e-09 -5.56840362709e-09
0.176553106212 0.0 -0.291594867846 -6.59574295181e-09 -6.59574295181e-09 -5.804876968e-09
0.177154308617 0.0 -0.289847051709 -6.87779977415e-09 -6.87779977415e-09 -6.05041633461e-09
0.177755511022 0.0 -0.288109711961 -7.17077036638e-09 -7.17077036638e-09 -6.30533114609e-09
0.178356713427 0.0 -0.286382785807 -7.47503192677e-09 -7.47503192677e-09 -6.56994014747e-09
0.178957915832 0.0 -0.284666210827 -7.79097303338e-09 -7.79097303338e-09 -6.84457146516e-09
0.179559118236 0.0 -0.282959924977 -8.1189938661e-09 -8.1189938661e-09 -7.12956277349e-09
0.180160320641 0.0 -0.281263866584 -8.45950692829e-09 -8.45950692829e-09 -7.42526190534e-09
0.180761523046 0.0 -0.279577974344 -8.81293671373e-09 -8.81293671373e-09 -7.73202663007e-09
0.181362725451 0.0 -0.277902187323 -9.1797207058e-09 -9.1797207058e-09 -8.05022543071e-09
0.181963927856 0.0 -0.276236444948 -9.56030909993e-09 -9.56030909993e-09 -8.38023728189e-09
0.182565130261 0.0 -0.274580687014 -9.95516558078e-09 -9.95516558078e-09 -8.72245214945e-09
0.183166332665 0.0 -0.272934853672 -1.03647673777e-08 -1.03647673777e-08 -9.07727126798e-09
0.18376753507 0.0 -0.271298885436 -1.07896057089e-08 -1.07896057089e-08 -9.44510736289e-09
0.184368737475 0.0 -0.269672723174 -1.12301861699e-08 -1.12301861699e-08 -9.82638487246e-09
0.18496993988 0.0 -0.268056308109 -1.16870290112e-08 -1.16870290112e-08 -1.02215402809e-08
0.185571142285 0.0 -0.266449581817 -1.21606695269e-08 -1.21606695269e-08 -1.06310225068e-08
0.186172344689 0.0 -0.264852486222 -1.26516584431e-08 -1.26516584431e-08 -1.10552929589e-08
0.186773547094 0.0 -0.2632649636 -1.31605622511e-08 -1.31605622511e-08 -1.14948261465e-08
0.187374749499 0.0 -0.261686956569 -1.36879636514e-08 -1.36879636514e-08 -1.19501097351e-08
0.187975951904 0.0 -0.260118408093 -1.42344620535e-08 -1.42344620535e-08 -1.24216450459e-08
0.188577154309 0.0 -0.258559261478 -1.48006736311e-08 -1.48006736311e-08 -1.29099471113e-08
0.189178356713 0.0 -0.257009460369 -1.53872319886e-08 -1.53872319886e-08 -1.34155452858e-08
0.189779559118 0.0 -0.255468948749 -1.59947887157e-08 -1.59947887157e-08 -1.39389833564e-08
0.190380761523 0.0 -0.253937670937 -1.66240134991e-08 -1.66240134991e-08 -1.44808200986e-08
0.190981963928 0.0 -0.252415571586 -1.72755946215e-08 -1.72755946215e-08 -1.5041629331e-08
0.191583166333 0.0 -0.250902595681 -1.79502395725e-08 -1.79502395725e-08 -1.5622000471e-08
0.192184368737 0.0 -0.249398688534 -1.86486753817e-08 -1.86486753817e-08 -1.62225389511e-08
0.192785571142 0.0 -0.24790379579 -1.93716491181e-08 -1.93716491181e-08 -1.6843866385e-08
0.193386773547 0.0 -0.246417863414 -2.01199282235e-08 -2.01199282235e-08 -1.74866209568e-08
0.193987975952 0.0 -0.244940837699 -2.08943012059e-08 -2.08943012059e-08 -1.81514579478e-08
0.194589178357 0.0 -0.243472665259 -2.1695577973e-08 -2.1695577973e-08 -1.88390499589e-08
0.195190380762 0.0 -0.242013293026 -2.25245903873e-08 -2.25245903873e-08 -1.95500874378e-08
0.195791583166 0.0 -0.240562668254 -2.33821927098e-08 -2.33821927098e-08 -2.02852789288e-08
0.196392785571 0.0 -0.239120738508 -2.4269262211e-08 -2.4269262211e-08 -2.10453515448e-08
0.196993987976 0.0 -0.237687451673 -2.51866995871e-08 -2.51866995871e-08 -2.18310513833e-08
0.197595190381 0.0 -0.236262755941 -2.61354295428e-08 -2.61354295428e-08 -2.26431439709e-08
0.198196392786 0.0 -0.234846599818 -2.7116401291e-08 -2.7116401291e-08 -2.34824145684e-08
0.19879759519 0.0 -0.233438932119 -2.81305892469e-08 -2.81305892469e-08 -2.43496687258e-08
0.199398797595 0.0 -0.232039701962 -2.91789933882e-08 -2.91789933882e-08 -2.52457326155e-08
# PL     : (pIni=0) (pIni=pD) (pIni=Int(pD))
# PL-ITER: 14 13 14
# PL-MSE : 2.49582032774e-17 2.49582032774e-17 1.88717748604e-17
